1007 3784
0 1
0 26
0 27
1 2
1 26
1 27
1 28
2 3
2 27
2 28
2 29
3 4
3 28
3 29
3 30
4 5
4 29
4 30
4 31
5 6
5 30
5 31
5 32
6 7
6 31
6 32
6 33
7 8
7 32
7 33
7 34
8 33
8 34
8 994
9 10
9 34
9 35
9 36
9 994
10 35
10 36
10 995
11 12
11 36
11 37
11 38
11 995
12 13
12 37
12 38
12 39
13 14
13 38
13 39
13 40
14 39
14 40
14 41
14 997
15 16
15 41
15 42
15 997
16 17
16 41
16 42
16 43
17 18
17 42
17 43
17 44
18 19
18 43
18 44
18 45
19 20
19 44
19 45
19 46
20 21
20 45
20 46
20 47
21 22
21 46
21 47
21 48
22 23
22 47
22 48
22 49
23 24
23 48
23 49
23 50
24 49
24 50
24 996
25 51
25 996
26 27
26 52
26 53
27 28
27 52
27 53
27 54
28 29
28 53
28 54
28 55
29 30
29 54
29 55
29 56
30 31
30 55
30 56
30 57
31 32
31 56
31 57
31 58
32 33
32 57
32 58
32 59
33 34
33 58
33 59
33 60
34 35
34 59
34 60
34 61
34 994
35 36
35 60
35 61
35 62
35 994
36 37
36 61
36 62
36 63
36 995
37 38
37 62
37 63
37 64
37 995
38 39
38 63
38 64
38 65
39 40
39 64
39 65
39 66
40 41
40 65
40 66
40 67
40 997
41 42
41 66
41 67
41 68
41 997
42 43
42 67
42 68
42 69
43 44
43 68
43 69
43 70
44 45
44 69
44 70
44 71
45 46
45 70
45 71
45 72
46 47
46 71
46 72
46 73
47 48
47 72
47 73
47 74
48 49
48 73
48 74
48 75
49 50
49 74
49 75
49 76
50 51
50 75
50 76
50 77
50 996
51 76
51 77
51 996
52 53
52 78
52 79
53 54
53 78
53 79
53 80
54 55
54 79
54 80
54 81
55 56
55 80
55 81
55 82
56 57
56 81
56 82
56 83
57 58
57 82
57 83
57 84
58 59
58 83
58 84
58 85
59 60
59 84
59 85
59 86
60 61
60 85
60 86
60 87
61 62
61 86
61 87
61 88
62 63
62 87
62 88
62 89
63 64
63 88
63 89
63 90
64 65
64 89
64 90
64 91
65 66
65 90
65 91
65 92
66 67
66 91
66 92
66 93
67 68
67 92
67 93
67 94
68 69
68 93
68 94
68 95
69 70
69 94
69 95
69 96
70 71
70 95
70 96
70 97
71 72
71 96
71 97
71 98
72 73
72 97
72 98
72 99
73 74
73 98
73 99
73 100
74 75
74 99
74 100
74 101
75 76
75 100
75 101
75 102
76 77
76 101
76 102
76 103
77 102
77 103
78 79
78 104
78 105
79 80
79 104
79 105
79 106
80 81
80 105
80 106
80 107
81 82
81 106
81 107
81 108
82 83
82 107
82 108
82 109
83 84
83 108
83 109
83 110
84 85
84 109
84 110
84 111
85 86
85 110
85 111
85 112
86 87
86 111
86 112
86 113
87 88
87 112
87 113
87 114
88 89
88 113
88 114
88 115
89 90
89 114
89 115
89 116
90 91
90 115
90 116
90 117
91 92
91 116
91 117
91 118
92 93
92 117
92 118
92 119
93 94
93 118
93 119
93 120
94 95
94 119
94 120
94 121
95 96
95 120
95 121
95 122
96 97
96 121
96 122
96 123
97 98
97 122
97 123
97 124
98 99
98 123
98 124
98 125
99 100
99 124
99 125
99 126
100 101
100 125
100 126
100 127
101 102
101 126
101 127
101 128
102 103
102 127
102 128
102 129
103 128
103 129
104 105
104 130
104 131
105 106
105 130
105 131
105 132
106 107
106 131
106 132
106 133
107 108
107 132
107 133
107 134
108 109
108 133
108 134
108 135
109 110
109 134
109 135
109 136
110 111
110 135
110 136
110 137
111 112
111 136
111 137
111 138
112 113
112 137
112 138
112 139
113 114
113 138
113 139
113 140
114 115
114 139
114 140
114 141
115 116
115 140
115 141
115 142
116 117
116 141
116 142
116 143
117 118
117 142
117 143
117 144
118 119
118 143
118 144
118 145
119 120
119 144
119 145
119 146
120 121
120 145
120 146
120 147
121 122
121 146
121 147
121 148
122 123
122 147
122 148
122 149
123 124
123 148
123 149
123 150
124 125
124 149
124 150
124 151
125 126
125 150
125 151
125 152
126 127
126 151
126 152
126 153
127 128
127 152
127 153
127 154
128 129
128 153
128 154
128 155
129 154
129 155
130 131
130 156
130 157
131 132
131 156
131 157
131 158
132 133
132 157
132 158
132 159
133 134
133 158
133 159
133 160
134 135
134 159
134 160
134 161
135 136
135 160
135 161
135 162
136 137
136 161
136 162
136 163
137 138
137 162
137 163
137 164
138 139
138 163
138 164
138 165
139 140
139 164
139 165
139 166
140 141
140 165
140 166
140 167
141 142
141 166
141 167
141 168
142 143
142 167
142 168
142 169
143 144
143 168
143 169
143 170
144 145
144 169
144 170
144 171
145 146
145 170
145 171
145 172
146 147
146 171
146 172
146 173
147 148
147 172
147 173
147 174
148 149
148 173
148 174
148 175
149 150
149 174
149 175
149 176
150 151
150 175
150 176
150 177
151 152
151 176
151 177
151 178
152 153
152 177
152 178
152 179
153 154
153 178
153 179
153 180
154 155
154 179
154 180
154 181
155 180
155 181
156 157
156 182
156 183
157 158
157 182
157 183
157 184
158 159
158 183
158 184
158 185
159 160
159 184
159 185
159 186
160 161
160 185
160 186
160 187
161 162
161 186
161 187
161 188
162 163
162 187
162 188
162 189
163 164
163 188
163 189
163 190
164 165
164 189
164 190
164 191
165 166
165 190
165 191
165 192
166 167
166 191
166 192
166 193
167 168
167 192
167 193
167 194
168 169
168 193
168 194
168 195
169 170
169 194
169 195
169 196
170 171
170 195
170 196
170 197
171 172
171 196
171 197
171 198
172 173
172 197
172 198
172 199
173 174
173 198
173 199
173 200
174 175
174 199
174 200
174 201
175 176
175 200
175 201
175 202
176 177
176 201
176 202
176 203
177 178
177 202
177 203
177 204
178 179
178 203
178 204
178 205
179 180
179 204
179 205
179 206
180 181
180 205
180 206
180 207
181 206
181 207
182 183
182 208
182 209
183 184
183 208
183 209
183 210
184 185
184 209
184 210
184 211
185 186
185 210
185 211
185 212
186 187
186 211
186 212
186 213
187 188
187 212
187 213
187 214
188 189
188 213
188 214
188 215
189 190
189 214
189 215
189 216
190 191
190 215
190 216
190 217
191 192
191 216
191 217
191 218
192 193
192 217
192 218
192 219
193 194
193 218
193 219
193 220
194 195
194 219
194 220
194 221
195 196
195 220
195 221
195 222
196 197
196 221
196 222
196 223
197 198
197 222
197 223
197 224
198 199
198 223
198 224
198 225
199 200
199 224
199 225
199 226
200 201
200 225
200 226
200 227
201 202
201 226
201 227
201 228
202 203
202 227
202 228
202 229
203 204
203 228
203 229
203 230
204 205
204 229
204 230
204 231
205 206
205 230
205 231
205 232
206 207
206 231
206 232
206 233
207 232
207 233
208 209
209 210
210 211
211 212
212 213
213 214
214 215
215 216
215 234
215 235
216 217
216 234
216 235
216 236
217 218
217 235
217 236
217 237
218 219
218 236
218 237
218 238
219 220
219 237
219 238
219 239
220 221
220 238
220 239
220 240
221 222
221 239
221 240
221 241
222 223
222 240
222 241
222 242
223 224
223 241
223 242
223 243
224 225
224 242
224 243
224 244
225 226
225 243
225 244
225 245
226 227
226 244
226 245
226 246
227 228
227 245
227 246
227 247
228 229
228 246
228 247
228 248
229 230
229 247
229 248
229 249
230 231
230 248
230 249
230 250
231 232
231 249
231 250
231 251
232 233
232 250
232 251
232 252
233 251
233 252
234 235
234 253
234 254
235 236
235 253
235 254
235 255
236 237
236 254
236 255
236 256
237 238
237 255
237 256
237 257
238 239
238 256
238 257
238 258
239 240
239 257
239 258
239 259
240 241
240 258
240 259
240 260
241 242
241 259
241 260
241 261
242 243
242 260
242 261
242 262
243 244
243 261
243 262
243 263
244 245
244 262
244 263
244 264
245 246
245 263
245 264
245 265
246 247
246 264
246 265
246 266
247 248
247 265
247 266
247 267
248 249
248 266
248 267
248 268
249 250
249 267
249 268
249 269
250 251
250 268
250 269
250 270
251 252
251 269
251 270
251 271
252 270
252 271
253 254
253 272
253 273
254 255
254 272
254 273
254 274
255 256
255 273
255 274
255 275
256 257
256 274
256 275
256 276
257 258
257 275
257 276
257 277
258 259
258 276
258 277
258 278
259 260
259 277
259 278
259 279
260 261
260 278
260 279
260 280
261 262
261 279
261 280
261 281
262 263
262 280
262 281
262 282
263 264
263 281
263 282
263 283
264 265
264 282
264 283
264 284
265 266
265 283
265 284
265 285
266 267
266 284
266 285
266 286
267 268
267 285
267 286
267 287
268 269
268 286
268 287
268 288
269 270
269 287
269 288
269 289
270 271
270 288
270 289
270 290
271 289
271 290
272 273
272 291
272 292
273 274
273 291
273 292
273 293
274 275
274 292
274 293
274 294
275 276
275 293
275 294
275 295
276 277
276 294
276 295
276 296
277 278
277 295
277 296
277 297
278 279
278 296
278 297
278 298
279 280
279 297
279 298
279 299
280 281
280 298
280 299
280 300
281 282
281 299
281 300
281 301
282 283
282 300
282 301
282 302
283 284
283 301
283 302
283 303
284 285
284 302
284 303
284 304
285 286
285 303
285 304
285 305
286 287
286 304
286 305
286 306
287 288
287 305
287 306
287 307
288 289
288 306
288 307
288 308
289 290
289 307
289 308
289 309
290 308
290 309
291 292
291 310
291 311
292 293
292 310
292 311
292 312
293 294
293 311
293 312
293 313
294 295
294 312
294 313
294 314
295 296
295 313
295 314
295 315
296 297
296 314
296 315
296 316
297 298
297 315
297 316
297 317
298 299
298 316
298 317
298 318
299 300
299 317
299 318
299 319
300 301
300 318
300 319
300 320
301 302
301 319
301 320
301 321
302 303
302 320
302 321
302 322
303 304
303 321
303 322
303 323
304 305
304 322
304 323
304 324
305 306
305 323
305 324
305 325
306 307
306 324
306 325
306 326
307 308
307 325
307 326
307 327
308 309
308 326
308 327
308 328
309 327
309 328
310 311
310 329
310 330
311 312
311 329
311 330
311 331
312 313
312 330
312 331
312 332
313 314
313 331
313 332
313 333
314 315
314 332
314 333
314 334
315 316
315 333
315 334
315 335
316 317
316 334
316 335
316 336
317 318
317 335
317 336
317 337
318 319
318 336
318 337
318 338
319 320
319 337
319 338
319 339
320 321
320 338
320 339
320 340
321 322
321 339
321 340
321 341
322 323
322 340
322 341
322 342
323 324
323 341
323 342
323 343
324 325
324 342
324 343
324 344
325 326
325 343
325 344
325 345
326 327
326 344
326 345
326 346
327 328
327 345
327 346
327 347
328 346
328 347
329 330
329 348
329 349
330 331
330 348
330 349
330 350
331 332
331 349
331 350
331 351
332 333
332 350
332 351
332 352
333 334
333 351
333 352
333 353
334 335
334 352
334 353
334 354
335 336
335 353
335 354
335 355
336 337
336 354
336 355
336 356
337 338
337 355
337 356
337 357
338 339
338 356
338 357
338 358
339 340
339 357
339 358
339 359
340 341
340 358
340 359
340 360
341 342
341 359
341 360
341 361
342 343
342 360
342 361
342 362
343 344
343 361
343 362
343 363
344 345
344 362
344 363
344 364
345 346
345 363
345 364
345 365
346 347
346 364
346 365
346 366
347 365
347 366
348 349
348 367
348 368
349 350
349 367
349 368
349 369
350 351
350 368
350 369
350 370
351 352
351 369
351 370
351 371
352 353
352 370
352 371
352 372
353 354
353 371
353 372
353 373
354 355
354 372
354 373
354 374
355 356
355 373
355 374
355 375
356 357
356 374
356 375
356 376
357 358
357 375
357 376
357 377
358 359
358 376
358 377
358 378
359 360
359 377
359 378
359 379
360 361
360 378
360 379
360 380
361 362
361 379
361 380
361 381
362 363
362 380
362 381
362 382
363 364
363 381
363 382
363 383
364 365
364 382
364 383
364 384
365 366
365 383
365 384
365 385
366 384
366 385
367 368
367 386
367 387
368 369
368 386
368 387
368 388
369 370
369 387
369 388
369 389
370 371
370 388
370 389
370 390
371 372
371 389
371 390
371 391
372 373
372 390
372 391
372 392
373 374
373 391
373 392
373 393
374 375
374 392
374 393
374 394
375 376
375 393
375 394
375 395
376 377
376 394
376 395
376 396
377 378
377 395
377 396
377 397
378 379
378 396
378 397
378 398
379 380
379 397
379 398
379 399
380 381
380 398
380 399
380 400
381 382
381 399
381 400
381 401
382 383
382 400
382 401
382 402
383 384
383 401
383 402
383 403
384 385
384 402
384 403
384 404
385 403
385 404
386 387
386 405
386 406
387 388
387 405
387 406
387 407
388 389
388 406
388 407
388 408
389 390
389 407
389 408
389 409
390 391
390 408
390 409
390 410
391 392
391 409
391 410
391 411
392 393
392 410
392 411
392 412
393 394
393 411
393 412
393 413
394 395
394 412
394 413
394 414
395 396
395 413
395 414
395 415
396 397
396 414
396 415
396 416
397 398
397 415
397 416
397 417
398 399
398 416
398 417
398 418
399 400
399 417
399 418
399 419
400 401
400 418
400 419
400 420
401 402
401 419
401 420
401 421
402 403
402 420
402 421
402 422
403 404
403 421
403 422
403 423
404 422
404 423
405 406
405 424
405 425
406 407
406 424
406 425
406 426
407 408
407 425
407 426
407 427
408 409
408 426
408 427
408 428
409 410
409 427
409 428
409 429
410 411
410 428
410 429
410 430
411 412
411 429
411 430
411 431
412 413
412 430
412 431
412 432
413 414
413 431
413 432
413 433
414 415
414 432
414 433
414 434
415 416
415 433
415 434
415 435
416 417
416 434
416 435
416 436
417 418
417 435
417 436
417 437
418 419
418 436
418 437
418 438
419 420
419 437
419 438
419 439
420 421
420 438
420 439
420 440
421 422
421 439
421 440
421 441
422 423
422 440
422 441
422 442
423 441
423 442
424 425
424 443
424 444
425 426
425 443
425 444
425 445
426 427
426 444
426 445
426 446
427 428
427 445
427 446
427 447
428 429
428 446
428 447
428 448
429 430
429 447
429 448
429 449
430 431
430 448
430 449
430 450
431 432
431 449
431 450
431 451
432 433
432 450
432 451
432 452
433 434
433 451
433 452
433 453
434 435
434 452
434 453
434 454
435 436
435 453
435 454
435 455
436 437
436 454
436 455
436 456
437 438
437 455
437 456
437 457
438 439
438 456
438 457
438 458
439 440
439 457
439 458
439 459
440 441
440 458
440 459
440 460
441 442
441 459
441 460
441 461
442 460
442 461
443 444
443 462
443 463
444 445
444 462
444 463
444 464
445 446
445 463
445 464
445 465
446 447
446 464
446 465
446 466
447 448
447 465
447 466
447 467
448 449
448 466
448 467
448 468
449 450
449 467
449 468
449 469
450 451
450 468
450 469
450 470
451 452
451 469
451 470
451 471
452 453
452 470
452 471
452 472
453 454
453 471
453 472
453 473
454 455
454 472
454 473
454 474
455 456
455 473
455 474
455 475
456 457
456 474
456 475
456 476
457 458
457 475
457 476
457 477
458 459
458 476
458 477
458 478
459 460
459 477
459 478
459 479
460 461
460 478
460 479
460 480
461 479
461 480
462 463
462 481
462 482
463 464
463 481
463 482
463 483
464 465
464 482
464 483
464 484
465 466
465 483
465 484
465 485
466 467
466 484
466 485
466 486
467 468
467 485
467 486
467 487
468 469
468 486
468 487
468 488
469 470
469 487
469 488
469 489
470 471
470 488
470 489
470 490
471 472
471 489
471 490
471 491
472 473
472 490
472 491
472 492
473 474
473 491
473 492
473 493
474 475
474 492
474 493
474 494
475 476
475 493
475 494
475 495
476 477
476 494
476 495
476 496
477 478
477 495
477 496
477 497
478 479
478 496
478 497
478 498
479 480
479 497
479 498
479 499
480 498
480 499
481 482
481 500
481 501
482 483
482 500
482 501
482 502
483 484
483 501
483 502
483 503
484 485
484 502
484 503
484 504
485 486
485 503
485 504
485 505
486 487
486 504
486 505
486 506
487 488
487 505
487 506
487 507
488 489
488 506
488 507
488 508
489 490
489 507
489 508
489 509
490 491
490 508
490 509
490 510
491 492
491 509
491 510
491 511
492 493
492 510
492 511
492 512
493 494
493 511
493 512
493 513
494 495
494 512
494 513
494 514
495 496
495 513
495 514
495 515
496 497
496 514
496 515
496 516
497 498
497 515
497 516
497 517
498 499
498 516
498 517
498 518
499 517
499 518
500 501
500 519
500 520
501 502
501 519
501 520
501 521
502 503
502 520
502 521
502 522
503 504
503 521
503 522
503 523
504 505
504 522
504 523
504 524
505 506
505 523
505 524
505 525
506 507
506 524
506 525
506 526
507 508
507 525
507 526
507 527
508 509
508 526
508 527
508 528
509 510
509 527
509 528
509 529
510 511
510 528
510 529
510 530
511 512
511 529
511 530
511 531
512 513
512 530
512 531
512 532
513 514
513 531
513 532
513 533
514 515
514 532
514 533
514 534
515 516
515 533
515 534
515 535
516 517
516 534
516 535
516 536
517 518
517 535
517 536
517 537
518 536
518 537
519 520
519 538
519 539
520 521
520 538
520 539
520 540
521 522
521 539
521 540
521 541
522 523
522 540
522 541
522 542
523 524
523 541
523 542
523 543
524 525
524 542
524 543
524 544
525 526
525 543
525 544
525 545
526 527
526 544
526 545
526 546
527 528
527 545
527 546
527 547
528 529
528 546
528 547
528 548
529 530
529 547
529 548
529 549
530 531
530 548
530 549
530 550
531 532
531 549
531 550
531 551
532 533
532 550
532 551
532 552
533 534
533 551
533 552
533 553
534 535
534 552
534 553
534 554
535 536
535 553
535 554
535 555
536 537
536 554
536 555
536 556
537 555
537 556
538 539
538 557
538 558
539 540
539 557
539 558
539 559
540 541
540 558
540 559
540 560
541 542
541 559
541 560
541 561
542 543
542 560
542 561
542 562
543 544
543 561
543 562
543 563
544 545
544 562
544 563
544 564
545 546
545 563
545 564
545 565
546 547
546 564
546 565
546 566
547 548
547 565
547 566
547 567
548 549
548 566
548 567
548 568
549 550
549 567
549 568
549 569
550 551
550 568
550 569
550 570
551 552
551 569
551 570
551 571
552 553
552 570
552 571
552 572
553 554
553 571
553 572
553 573
554 555
554 572
554 573
554 574
555 556
555 573
555 574
555 575
556 574
556 575
557 558
557 576
557 577
558 559
558 576
558 577
558 578
559 560
559 577
559 578
559 579
560 561
560 578
560 579
560 580
561 562
561 579
561 580
561 581
562 563
562 580
562 581
562 582
563 564
563 581
563 582
563 583
564 565
564 582
564 583
564 584
565 566
565 583
565 584
565 585
566 567
566 584
566 585
566 586
567 568
567 585
567 586
567 587
568 569
568 586
568 587
568 588
569 570
569 587
569 588
569 589
570 571
570 588
570 589
570 590
571 572
571 589
571 590
571 591
572 573
572 590
572 591
572 592
573 574
573 591
573 592
573 593
574 575
574 592
574 593
574 594
575 593
575 594
576 577
576 595
576 596
577 578
577 595
577 596
577 597
578 579
578 596
578 597
578 598
579 580
579 597
579 598
579 599
580 581
580 598
580 599
580 600
581 582
581 599
581 600
581 601
582 583
582 600
582 601
582 602
583 584
583 601
583 602
583 603
584 585
584 602
584 603
584 604
585 586
585 603
585 604
585 605
586 587
586 604
586 605
586 606
587 588
587 605
587 606
587 607
588 589
588 606
588 607
588 608
589 590
589 607
589 608
589 609
590 591
590 608
590 609
590 610
591 592
591 609
591 610
591 611
592 593
592 610
592 611
592 612
593 594
593 611
593 612
593 613
594 612
594 613
595 596
595 614
595 615
596 597
596 614
596 615
596 616
597 598
597 615
597 616
597 617
598 599
598 616
598 617
598 618
599 600
599 617
599 618
599 619
600 601
600 618
600 619
600 620
601 602
601 619
601 620
601 621
602 603
602 620
602 621
602 622
603 604
603 621
603 622
603 623
604 605
604 622
604 623
604 624
605 606
605 623
605 624
605 625
606 607
606 624
606 625
606 626
607 608
607 625
607 626
607 627
608 609
608 626
608 627
608 628
609 610
609 627
609 628
609 629
610 611
610 628
610 629
610 630
611 612
611 629
611 630
611 631
612 613
612 630
612 631
612 632
613 631
613 632
614 615
614 633
614 634
615 616
615 633
615 634
615 635
616 617
616 634
616 635
616 636
617 618
617 635
617 636
617 637
618 619
618 636
618 637
618 638
619 620
619 637
619 638
619 639
620 621
620 638
620 639
620 640
621 622
621 639
621 640
621 641
622 623
622 640
622 641
622 642
623 624
623 641
623 642
623 643
624 625
624 642
624 643
624 644
625 626
625 643
625 644
625 645
626 627
626 644
626 645
626 646
627 628
627 645
627 646
627 647
628 629
628 646
628 647
628 648
629 630
629 647
629 648
629 649
630 631
630 648
630 649
630 650
631 632
631 649
631 650
631 651
632 650
632 651
633 634
633 652
633 653
634 635
634 652
634 653
634 654
635 636
635 653
635 654
635 655
636 637
636 654
636 655
636 656
637 638
637 655
637 656
637 657
638 639
638 656
638 657
638 658
639 640
639 657
639 658
639 659
640 641
640 658
640 659
640 660
641 642
641 659
641 660
641 661
642 643
642 660
642 661
642 662
643 644
643 661
643 662
643 663
644 645
644 662
644 663
644 664
645 646
645 663
645 664
645 665
646 647
646 664
646 665
646 666
647 648
647 665
647 666
647 667
648 649
648 666
648 667
648 668
649 650
649 667
649 668
649 669
650 651
650 668
650 669
650 670
651 669
651 670
652 653
652 671
652 672
653 654
653 671
653 672
653 673
654 655
654 672
654 673
654 674
655 656
655 673
655 674
655 675
656 657
656 674
656 675
656 676
657 658
657 675
657 676
657 677
658 659
658 676
658 677
658 678
659 660
659 677
659 678
659 679
660 661
660 678
660 679
660 680
661 662
661 679
661 680
661 681
662 663
662 680
662 681
662 682
663 664
663 681
663 682
663 683
664 665
664 682
664 683
664 684
665 666
665 683
665 684
665 685
666 667
666 684
666 685
666 686
667 668
667 685
667 686
667 687
668 669
668 686
668 687
668 688
669 670
669 687
669 688
669 689
670 688
670 689
671 672
671 690
671 691
672 673
672 690
672 691
672 692
673 674
673 691
673 692
673 693
674 675
674 692
674 693
674 694
675 676
675 693
675 694
675 695
676 677
676 694
676 695
676 696
677 678
677 695
677 696
677 697
678 679
678 696
678 697
678 698
679 680
679 697
679 698
679 699
680 681
680 698
680 699
680 700
681 682
681 699
681 700
681 701
682 683
682 700
682 701
682 702
683 684
683 701
683 702
683 703
684 685
684 702
684 703
684 704
685 686
685 703
685 704
685 705
686 687
686 704
686 705
686 706
687 688
687 705
687 706
687 707
688 689
688 706
688 707
688 708
689 707
689 708
690 691
690 710
690 711
690 712
691 692
691 711
691 712
691 713
692 693
692 712
692 713
692 714
693 694
693 713
693 714
693 715
694 695
694 714
694 715
694 716
695 696
695 715
695 716
695 717
696 697
696 716
696 717
696 718
697 698
697 717
697 718
697 719
698 699
698 718
698 719
698 720
699 700
699 719
699 720
699 721
700 701
700 720
700 721
700 722
701 702
701 721
701 722
701 723
702 703
702 722
702 723
702 724
703 704
703 723
703 724
703 725
704 705
704 724
704 725
704 726
705 706
705 725
705 726
705 727
706 707
706 726
706 727
706 728
707 708
707 727
707 728
707 729
708 728
708 729
709 710
709 730
709 731
709 732
710 711
710 732
711 712
711 732
711 733
711 734
712 713
712 733
712 734
712 735
713 714
713 734
713 735
713 736
714 715
714 735
714 736
714 737
715 716
715 736
715 737
715 738
716 717
716 737
716 738
716 739
717 718
717 738
717 739
717 740
718 719
718 739
718 740
718 741
719 720
719 740
719 741
719 742
720 721
720 741
720 742
720 743
721 722
721 742
721 743
721 744
722 723
722 743
722 744
722 745
723 724
723 744
723 745
723 746
724 725
724 745
724 746
724 747
725 726
725 746
725 747
725 748
726 727
726 747
726 748
726 749
727 728
727 748
727 749
727 750
728 729
728 749
728 750
728 751
729 750
729 751
730 731
730 752
730 753
731 732
731 752
731 753
731 754
732 733
732 753
732 754
732 755
733 734
733 754
733 755
733 756
734 735
734 755
734 756
734 757
735 736
735 756
735 757
735 758
736 737
736 757
736 758
736 759
737 738
737 758
737 759
737 760
738 739
738 759
738 760
738 761
739 740
739 760
739 761
739 762
740 741
740 761
740 762
740 763
741 742
741 762
741 763
741 764
742 743
742 763
742 764
742 765
743 744
743 764
743 765
743 766
744 745
744 765
744 766
744 767
745 746
745 766
745 767
745 768
746 747
746 767
746 768
746 769
747 748
747 768
747 769
747 770
748 749
748 769
748 770
748 771
749 750
749 770
749 771
749 772
750 751
750 771
750 772
750 773
751 772
751 773
752 753
752 774
752 775
753 754
753 774
753 775
753 776
754 755
754 775
754 776
754 777
755 756
755 776
755 777
755 778
756 757
756 777
756 778
756 779
757 758
757 778
757 779
757 780
758 759
758 779
758 780
758 781
759 760
759 780
759 781
759 782
760 761
760 781
760 782
760 783
761 762
761 782
761 783
761 784
762 763
762 783
762 784
762 785
763 764
763 784
763 785
763 786
764 765
764 785
764 786
764 787
765 766
765 786
765 787
765 788
766 767
766 787
766 788
766 789
767 768
767 788
767 789
767 790
768 769
768 789
768 790
768 791
769 770
769 790
769 791
769 792
770 771
770 791
770 792
770 793
771 772
771 792
771 793
771 794
772 773
772 793
772 794
772 795
773 794
773 795
774 775
774 796
774 797
775 776
775 796
775 797
775 798
776 777
776 797
776 798
776 799
777 778
777 798
777 799
777 800
778 779
778 799
778 800
778 801
779 780
779 800
779 801
779 802
780 781
780 801
780 802
780 803
781 782
781 802
781 803
781 804
782 783
782 803
782 804
782 805
783 784
783 804
783 805
783 806
784 785
784 805
784 806
784 807
785 786
785 806
785 807
785 808
786 787
786 807
786 808
786 809
787 788
787 808
787 809
787 810
788 789
788 809
788 810
788 811
789 790
789 810
789 811
789 812
790 791
790 811
790 812
790 813
791 792
791 812
791 813
791 814
792 793
792 813
792 814
792 815
793 794
793 814
793 815
793 816
794 795
794 815
794 816
794 817
795 816
795 817
796 797
796 818
796 819
797 798
797 818
797 819
797 820
798 799
798 819
798 820
798 821
799 800
799 820
799 821
799 822
800 801
800 821
800 822
800 823
801 802
801 822
801 823
801 824
802 803
802 823
802 824
802 825
803 804
803 824
803 825
803 826
804 805
804 825
804 826
804 827
805 806
805 826
805 827
805 828
806 807
806 827
806 828
806 829
807 808
807 828
807 829
807 830
808 809
808 829
808 830
808 831
809 810
809 830
809 831
809 832
810 811
810 831
810 832
810 833
811 812
811 832
811 833
811 834
812 813
812 833
812 834
812 835
813 814
813 834
813 835
813 836
814 815
814 835
814 836
814 837
815 816
815 836
815 837
815 838
816 817
816 837
816 838
816 839
817 838
817 839
818 819
818 840
818 841
819 820
819 840
819 841
819 842
820 821
820 841
820 842
820 843
821 822
821 842
821 843
821 844
822 823
822 843
822 844
822 845
823 824
823 844
823 845
823 846
824 825
824 845
824 846
824 847
825 826
825 846
825 847
825 848
826 827
826 847
826 848
826 849
827 828
827 848
827 849
827 850
828 829
828 849
828 850
828 851
829 830
829 850
829 851
829 852
830 831
830 851
830 852
830 853
831 832
831 852
831 853
831 854
832 833
832 853
832 854
832 855
833 834
833 854
833 855
833 856
834 835
834 855
834 856
834 857
835 836
835 856
835 857
835 858
836 837
836 857
836 858
836 859
837 838
837 858
837 859
837 860
838 839
838 859
838 860
838 861
839 860
839 861
840 841
840 862
840 863
841 842
841 862
841 863
841 864
842 843
842 863
842 864
842 865
843 844
843 864
843 865
843 866
844 845
844 865
844 866
844 867
845 846
845 866
845 867
845 868
846 847
846 867
846 868
846 869
847 848
847 868
847 869
847 870
848 849
848 869
848 870
848 871
849 850
849 870
849 871
849 872
850 851
850 871
850 872
850 873
851 852
851 872
851 873
851 874
852 853
852 873
852 874
852 875
853 854
853 874
853 875
853 876
854 855
854 875
854 876
854 877
855 856
855 876
855 877
855 878
856 857
856 877
856 878
856 879
857 858
857 878
857 879
857 880
858 859
858 879
858 880
858 881
859 860
859 880
859 881
859 882
860 861
860 881
860 882
860 883
861 882
861 883
862 863
862 998
863 864
863 884
863 998
864 865
864 884
864 885
865 866
865 884
865 885
865 886
866 867
866 885
866 886
866 887
867 868
867 886
867 887
867 888
868 869
868 887
868 888
868 889
869 870
869 888
869 889
869 890
870 871
870 889
870 890
870 891
871 872
871 890
871 891
871 892
872 873
872 891
872 892
872 893
873 874
873 892
873 893
873 894
874 875
874 893
874 894
874 895
875 876
875 894
875 895
875 896
876 877
876 895
876 896
876 897
877 878
877 896
877 897
877 898
878 879
878 897
878 898
878 899
879 880
879 898
879 899
879 900
880 881
880 899
880 900
880 901
881 882
881 900
881 901
881 902
882 883
882 901
882 902
882 903
883 902
883 903
884 885
884 904
884 998
884 999
885 886
885 904
885 905
885 999
886 887
886 904
886 905
886 906
887 888
887 905
887 906
887 907
888 889
888 906
888 907
888 908
889 890
889 907
889 908
889 909
890 891
890 908
890 909
890 910
891 892
891 909
891 910
891 911
892 893
892 910
892 911
892 912
893 894
893 911
893 912
893 913
894 895
894 912
894 913
894 914
895 896
895 913
895 914
895 915
896 897
896 914
896 915
896 916
897 898
897 915
897 916
897 917
898 899
898 916
898 917
898 918
899 900
899 917
899 918
899 919
900 901
900 918
900 919
900 920
901 902
901 919
901 920
901 921
902 903
902 920
902 921
902 922
903 921
903 922
904 905
904 923
904 924
904 999
904 1000
905 906
905 923
905 924
905 925
906 907
906 924
906 925
906 926
907 908
907 925
907 926
907 927
908 909
908 926
908 927
908 928
909 910
909 927
909 928
909 929
910 911
910 928
910 929
910 930
911 912
911 929
911 930
911 931
912 913
912 930
912 931
912 932
913 914
913 931
913 932
913 933
914 915
914 932
914 933
914 934
915 916
915 933
915 934
915 935
916 917
916 934
916 935
916 936
917 918
917 935
917 936
917 937
918 919
918 936
918 937
918 938
919 920
919 937
919 938
919 939
920 921
920 938
920 939
920 940
921 922
921 939
921 940
921 941
922 940
922 941
923 924
923 942
923 1000
923 1001
924 925
924 942
924 943
924 1001
925 926
925 942
925 943
925 944
926 927
926 943
926 944
926 945
927 928
927 944
927 945
927 946
928 929
928 945
928 946
928 947
929 930
929 946
929 947
929 948
930 931
930 947
930 948
930 949
931 932
931 948
931 949
931 950
932 933
932 949
932 950
932 951
933 934
933 950
933 951
933 952
934 935
934 951
934 952
934 953
935 936
935 952
935 953
935 954
936 937
936 953
936 954
936 955
937 938
937 954
937 955
937 956
938 939
938 955
938 956
938 957
939 940
939 956
939 957
939 958
940 941
940 957
940 958
940 959
941 958
941 959
942 943
942 960
942 1001
942 1002
942 1003
943 944
943 960
943 961
943 1003
944 945
944 960
944 961
944 962
945 946
945 961
945 962
945 963
946 947
946 962
946 963
946 964
947 948
947 963
947 964
947 965
948 949
948 964
948 965
948 966
949 950
949 965
949 966
949 967
950 951
950 966
950 967
950 968
951 952
951 967
951 968
951 969
952 953
952 968
952 969
952 970
953 954
953 969
953 970
953 971
954 955
954 970
954 971
954 972
955 956
955 971
955 972
955 973
956 957
956 972
956 973
956 974
957 958
957 973
957 974
957 975
958 959
958 974
958 975
958 976
959 975
959 976
960 961
960 977
960 978
960 1003
961 962
961 977
961 978
961 979
961 1004
962 963
962 979
962 980
962 1004
963 964
963 979
963 980
963 981
964 965
964 980
964 981
964 982
965 966
965 981
965 982
965 1006
966 967
966 982
966 983
966 984
966 1006
967 968
967 983
967 984
967 985
968 969
968 984
968 985
968 986
969 970
969 985
969 986
969 987
970 971
970 986
970 987
970 988
971 972
971 987
971 988
971 989
972 973
972 988
972 989
972 990
973 974
973 989
973 990
973 991
974 975
974 990
974 991
974 992
975 976
975 991
975 992
975 1005
976 993
976 1005
977 978
977 1003
978 1004
979 980
979 1004
980 981
981 982
982 1006
983 984
983 1006
984 985
985 986
986 987
987 988
988 989
989 990
990 991
991 992
992 1005
993 1005
998 999
999 1000
1000 1001
1001 1002
1002 1003
