918 3233
0 1
0 12
0 13
0 836
0 837
0 838
0 839
1 2
1 12
1 13
1 14
2 3
2 13
2 14
2 15
3 4
3 14
3 15
3 16
4 15
4 16
5 6
5 34
5 35
6 7
6 34
6 35
6 36
7 8
7 35
7 36
7 37
8 9
8 36
8 37
8 38
9 10
9 37
9 38
9 39
10 11
10 38
10 39
10 40
11 39
11 40
11 743
11 744
11 745
11 746
12 13
12 42
12 43
12 836
12 837
12 838
12 839
12 840
12 841
13 14
13 42
13 43
13 44
14 15
14 17
14 43
14 44
15 16
15 17
15 41
15 44
16 17
16 41
17 18
17 19
17 41
17 44
17 45
18 19
18 20
18 21
18 41
18 44
18 45
18 46
19 20
19 21
19 41
20 21
20 22
20 23
20 45
20 46
21 22
21 23
22 23
22 24
22 25
22 46
22 47
23 24
23 25
24 25
24 26
24 27
24 47
25 26
25 27
26 27
26 28
26 29
26 47
26 48
27 28
27 29
28 29
28 30
28 31
28 48
28 49
29 30
29 31
30 31
30 32
30 33
31 32
31 33
31 48
31 49
31 50
32 33
32 34
32 35
33 34
33 35
33 36
33 49
33 50
34 35
35 36
35 50
36 37
36 50
36 51
37 38
37 50
37 51
37 52
38 39
38 51
38 52
38 53
39 40
39 52
39 53
39 54
40 53
40 54
40 743
40 744
40 745
40 746
40 747
40 748
42 43
42 55
42 838
42 839
42 840
42 841
42 842
42 843
43 44
43 55
43 56
44 45
44 56
45 46
45 56
45 57
46 47
46 57
47 48
47 57
47 58
48 49
48 58
49 50
49 58
49 59
50 51
50 59
51 52
51 59
51 60
52 53
52 60
53 54
53 60
53 61
54 61
54 745
54 746
54 747
54 748
54 749
54 750
55 56
55 62
55 63
55 840
55 841
55 842
55 843
55 844
55 845
56 57
56 62
56 63
56 64
57 58
57 63
57 64
57 65
58 59
58 64
58 65
58 66
59 60
59 65
59 66
59 67
60 61
60 66
60 67
60 68
61 67
61 68
61 747
61 748
61 749
61 750
61 751
61 752
62 63
62 69
62 70
62 842
62 843
62 844
62 845
62 846
62 847
63 64
63 69
63 70
63 71
64 65
64 70
64 71
64 72
65 66
65 71
65 72
65 73
66 67
66 72
66 73
66 74
67 68
67 73
67 74
67 75
68 74
68 75
68 749
68 750
68 751
68 752
68 753
68 754
69 70
69 76
69 77
69 844
69 845
69 846
69 847
69 848
69 849
70 71
70 76
70 77
70 78
71 72
71 77
71 78
71 79
72 73
72 78
72 79
72 80
73 74
73 79
73 80
73 81
74 75
74 80
74 81
74 82
75 81
75 82
75 751
75 752
75 753
75 754
75 755
75 756
76 77
76 83
76 84
76 846
76 847
76 848
76 849
76 850
76 851
77 78
77 83
77 84
77 85
78 79
78 84
78 85
78 86
79 80
79 85
79 86
79 87
80 81
80 86
80 87
80 88
81 82
81 87
81 88
81 89
82 88
82 89
82 753
82 754
82 755
82 756
82 757
82 758
83 84
83 90
83 91
83 848
83 849
83 850
83 851
83 852
83 853
84 85
84 90
84 91
84 92
85 86
85 91
85 92
85 93
86 87
86 92
86 93
86 94
87 88
87 93
87 94
87 95
88 89
88 94
88 95
88 96
89 95
89 96
89 755
89 756
89 757
89 758
89 759
89 760
90 91
90 97
90 98
90 850
90 851
90 852
90 853
90 854
90 855
91 92
91 97
91 98
91 99
92 93
92 98
92 99
92 100
93 94
93 99
93 100
93 101
94 95
94 100
94 101
94 102
95 96
95 101
95 102
95 103
96 102
96 103
96 757
96 758
96 759
96 760
96 761
96 762
97 98
97 104
97 105
97 852
97 853
97 854
97 855
97 856
97 857
98 99
98 105
98 106
98 107
99 100
99 107
99 108
99 109
100 101
100 109
100 110
100 111
101 102
101 111
101 112
101 113
102 103
102 113
102 114
102 115
103 115
103 116
103 759
103 760
103 761
103 762
103 763
103 764
104 105
104 117
104 118
104 854
104 855
104 856
104 857
104 858
104 859
105 106
105 117
105 118
105 119
106 107
106 118
106 119
106 120
106 121
106 122
107 108
107 121
107 122
107 123
108 109
108 122
108 123
108 124
109 110
109 124
109 125
109 126
110 111
110 126
110 127
110 128
111 112
111 127
111 128
111 129
112 113
112 128
112 129
112 130
112 131
112 132
113 114
113 131
113 132
113 133
114 115
114 132
114 133
114 134
115 116
115 133
115 134
115 135
116 134
116 135
116 761
116 762
116 763
116 764
116 765
116 766
117 118
117 136
117 137
117 856
117 857
117 858
117 859
117 860
117 861
118 119
118 136
118 137
118 138
119 120
119 121
119 137
119 138
119 139
120 121
120 138
120 139
120 140
120 141
120 142
121 122
121 141
121 142
121 143
122 123
122 142
122 143
122 144
123 124
123 143
123 144
123 145
124 125
124 144
124 145
124 146
125 126
125 145
125 146
125 147
126 127
126 146
126 147
126 148
127 128
127 147
127 148
127 149
128 129
128 148
128 149
128 150
129 130
129 131
129 149
129 150
129 151
130 131
130 150
130 151
130 152
130 164
130 165
131 132
131 164
131 165
131 166
132 133
132 165
132 166
132 167
133 134
133 166
133 167
133 168
134 135
134 167
134 168
134 169
135 168
135 169
135 763
135 764
135 765
135 766
135 767
135 768
136 137
136 170
136 171
136 858
136 859
136 860
136 861
136 862
136 863
137 138
137 170
137 171
137 172
138 139
138 171
138 172
138 173
139 140
139 141
139 163
139 172
139 173
140 141
140 163
140 173
141 142
142 143
143 144
144 145
145 146
146 147
147 148
148 149
149 150
150 151
151 152
151 164
152 153
152 164
152 183
153 154
153 164
153 182
153 183
154 155
154 181
154 182
154 183
155 156
155 180
155 181
155 182
156 157
156 179
156 180
156 181
157 158
157 178
157 179
157 180
158 159
158 177
158 178
158 179
159 160
159 176
159 177
159 178
160 161
160 175
160 176
160 177
161 162
161 174
161 175
161 176
162 163
162 173
162 174
162 175
163 173
163 174
164 165
164 183
164 184
165 166
165 183
165 184
165 185
166 167
166 184
166 185
166 186
167 168
167 185
167 186
167 187
168 169
168 186
168 187
168 188
169 187
169 188
169 765
169 766
169 767
169 768
169 769
169 770
170 171
170 189
170 190
170 860
170 861
170 862
170 863
170 864
170 865
171 172
171 189
171 190
171 191
172 173
172 174
172 190
172 191
173 174
173 191
174 175
174 191
174 192
175 176
175 191
175 192
175 193
176 177
176 192
176 193
177 178
177 193
177 194
178 179
178 194
179 180
179 194
179 195
180 181
180 195
180 196
181 182
181 195
181 196
181 197
182 183
182 184
182 196
182 197
183 184
183 197
184 185
184 197
184 198
185 186
185 197
185 198
185 199
186 187
186 198
186 199
186 200
187 188
187 199
187 200
187 201
188 200
188 201
188 767
188 768
188 769
188 770
188 771
188 772
189 190
189 202
189 862
189 863
189 864
189 865
189 866
189 867
190 191
190 202
190 203
191 192
191 203
192 193
192 203
192 204
193 194
193 204
194 195
194 204
194 205
195 196
195 205
196 197
196 205
196 206
197 198
197 206
198 199
198 206
198 207
199 200
199 207
200 201
200 207
200 208
201 208
201 769
201 770
201 771
201 772
201 773
201 774
202 203
202 209
202 210
202 864
202 865
202 866
202 867
202 868
202 869
203 204
203 209
203 210
203 211
204 205
204 210
204 211
204 212
205 206
205 211
205 212
205 213
206 207
206 212
206 213
206 214
207 208
207 213
207 214
207 215
208 214
208 215
208 771
208 772
208 773
208 774
208 775
208 776
209 210
209 216
209 217
209 866
209 867
209 868
209 869
209 870
209 871
210 211
210 216
210 217
210 218
211 212
211 217
211 218
211 219
212 213
212 218
212 219
212 220
213 214
213 219
213 220
213 221
214 215
214 220
214 221
214 222
215 221
215 222
215 773
215 774
215 775
215 776
215 777
215 778
216 217
216 223
216 224
216 868
216 869
216 870
216 871
216 872
216 873
217 218
217 223
217 224
217 225
218 219
218 224
218 225
218 226
219 220
219 225
219 226
219 227
220 221
220 226
220 227
220 228
221 222
221 227
221 228
221 229
222 228
222 229
222 775
222 776
222 777
222 778
222 779
222 780
223 224
223 230
223 231
223 870
223 871
223 872
223 873
223 874
223 875
224 225
224 230
224 231
224 232
225 226
225 231
225 232
225 233
226 227
226 232
226 233
226 234
227 228
227 233
227 234
227 235
228 229
228 234
228 235
228 236
229 235
229 236
229 777
229 778
229 779
229 780
229 781
229 782
230 231
230 237
230 238
230 872
230 873
230 874
230 875
230 876
230 877
231 232
231 237
231 238
231 239
232 233
232 238
232 239
232 240
233 234
233 239
233 240
233 241
234 235
234 240
234 241
234 242
235 236
235 241
235 242
235 243
236 242
236 243
236 779
236 780
236 781
236 782
236 783
236 784
237 238
237 244
237 245
237 874
237 875
237 876
237 877
237 878
237 879
238 239
238 244
238 245
238 246
239 240
239 245
239 246
239 247
240 241
240 246
240 247
240 248
241 242
241 247
241 248
241 249
242 243
242 248
242 249
242 250
243 249
243 250
243 781
243 782
243 783
243 784
243 785
243 786
244 245
244 251
244 252
244 876
244 877
244 878
244 879
244 880
244 881
245 246
245 251
245 252
245 253
246 247
246 252
246 253
246 254
247 248
247 253
247 254
247 255
248 249
248 254
248 255
248 256
249 250
249 255
249 256
249 257
250 256
250 257
250 783
250 784
250 785
250 786
250 787
250 788
251 252
251 258
251 259
251 878
251 879
251 880
251 881
251 882
251 883
252 253
252 258
252 259
252 260
253 254
253 259
253 260
253 261
254 255
254 260
254 261
254 262
255 256
255 261
255 262
255 263
256 257
256 262
256 263
256 264
257 263
257 264
257 785
257 786
257 787
257 788
257 789
257 790
258 259
258 265
258 266
258 880
258 881
258 882
258 883
258 884
258 885
259 260
259 265
259 266
259 267
260 261
260 266
260 267
260 268
261 262
261 267
261 268
261 269
262 263
262 268
262 269
262 270
263 264
263 269
263 270
263 271
264 270
264 271
264 787
264 788
264 789
264 790
264 791
264 792
265 266
265 272
265 273
265 882
265 883
265 884
265 885
265 886
265 887
266 267
266 273
266 274
266 275
267 268
267 275
267 276
267 277
268 269
268 277
268 278
268 279
269 270
269 279
269 280
269 281
270 271
270 281
270 282
271 282
271 789
271 790
271 791
271 792
271 793
271 794
272 273
272 291
272 884
272 885
272 886
272 887
272 888
272 889
273 274
273 291
273 292
274 275
274 292
274 293
275 276
275 293
275 294
276 277
276 283
276 294
277 278
277 283
277 284
278 279
278 283
278 284
278 285
279 280
279 284
279 285
279 286
280 281
280 285
280 286
280 287
281 282
281 287
281 288
281 289
282 289
282 290
282 791
282 792
282 793
282 794
282 795
282 796
283 284
283 294
283 295
283 296
284 285
284 296
284 297
284 298
285 286
285 298
285 299
285 300
286 287
286 300
286 301
286 302
287 288
287 301
287 302
287 303
288 289
288 302
288 303
288 304
289 290
289 303
289 304
289 305
290 304
290 305
290 793
290 794
290 795
290 796
290 797
290 798
291 292
291 306
291 307
291 886
291 887
291 888
291 889
291 890
291 891
292 293
292 306
292 307
292 308
293 294
293 307
293 308
293 309
294 295
294 308
294 309
294 310
295 296
295 310
295 311
295 312
295 318
296 297
296 311
296 312
296 313
297 298
297 312
297 313
297 314
298 299
298 313
298 314
298 315
299 300
299 314
299 315
299 316
300 301
300 315
300 316
300 317
301 302
301 316
301 317
301 325
301 326
301 327
302 303
302 326
302 327
302 328
303 304
303 327
303 328
303 329
304 305
304 328
304 329
304 330
305 329
305 330
305 795
305 796
305 797
305 798
305 799
305 800
305 835
306 307
306 494
306 495
306 888
306 889
306 890
306 891
306 892
306 893
307 308
307 493
307 494
307 495
308 309
308 490
308 493
308 494
309 310
309 483
309 490
310 311
310 318
310 483
311 312
311 318
311 319
311 331
312 313
312 319
312 320
312 331
313 314
313 320
313 321
313 331
314 315
314 320
314 321
314 322
315 316
315 321
315 322
315 323
316 317
316 322
316 323
316 324
317 323
317 324
317 325
317 326
318 319
318 344
318 442
318 483
319 331
319 332
319 337
319 343
319 344
319 345
320 321
320 331
320 332
320 333
320 334
321 322
321 333
321 334
321 335
322 323
322 334
322 335
322 336
323 324
323 335
323 336
324 325
324 336
324 341
324 342
324 358
324 359
325 326
325 359
325 360
325 361
326 327
326 360
327 328
327 360
327 365
327 366
328 329
328 364
328 365
328 366
329 330
329 364
329 365
330 364
330 797
330 799
330 801
330 802
330 835
331 332
331 333
332 333
332 337
332 338
332 343
333 334
333 337
333 338
333 339
334 335
334 338
334 339
334 340
335 336
335 339
335 340
335 341
336 340
336 341
336 342
337 338
337 343
337 346
337 347
337 348
338 339
338 348
338 349
338 350
339 340
339 350
339 351
339 352
340 341
340 352
340 353
340 354
341 342
341 354
341 355
341 356
342 355
342 356
342 357
342 358
342 359
343 344
343 345
343 346
343 347
343 440
344 345
344 441
344 442
344 483
345 346
345 439
345 440
345 441
345 442
346 347
346 440
346 447
346 448
346 449
347 348
347 448
347 449
347 450
348 349
348 449
348 450
348 451
349 350
349 450
349 451
349 452
350 351
350 451
350 452
350 453
351 352
351 452
351 453
351 454
352 353
352 453
352 454
352 455
353 354
353 454
353 455
353 456
354 355
354 455
354 456
354 457
355 356
355 456
355 457
355 458
356 357
356 358
356 457
356 458
356 459
357 358
357 362
357 363
357 458
357 459
357 460
358 359
358 361
358 362
358 363
359 360
359 361
359 362
360 361
360 366
360 367
360 368
361 362
361 367
361 368
361 369
362 363
362 368
362 369
362 370
363 369
363 370
363 459
363 460
363 461
364 365
364 377
364 799
364 801
364 802
364 803
364 804
364 835
365 366
365 377
365 378
366 367
366 372
366 377
366 378
367 368
367 372
367 373
368 369
368 372
368 373
368 374
369 370
369 371
369 373
369 374
370 371
370 460
370 461
370 462
371 374
371 375
371 461
371 462
371 463
372 373
372 378
372 379
372 380
373 374
373 379
373 380
373 381
374 375
374 376
374 380
374 381
375 376
375 462
375 463
375 464
376 381
376 382
376 463
376 464
376 465
377 378
377 383
377 801
377 802
377 803
377 804
377 805
377 806
378 379
378 383
378 384
379 380
379 384
379 385
380 381
380 384
380 385
380 387
381 382
381 385
381 387
381 388
382 387
382 388
382 464
382 465
382 466
383 384
383 508
383 509
383 803
383 804
383 805
383 806
383 807
383 808
384 385
384 386
384 390
384 508
385 386
385 387
385 389
385 390
386 390
386 394
386 506
386 507
386 508
386 509
387 388
387 389
387 390
387 391
388 389
388 391
388 465
388 466
388 467
389 390
389 391
389 392
389 393
389 394
390 393
390 394
391 392
391 393
391 466
391 467
391 468
392 393
392 395
392 396
392 467
392 468
392 469
393 394
393 395
393 396
393 397
394 396
394 397
394 398
394 505
394 506
394 507
395 396
395 399
395 468
395 469
395 470
396 397
396 399
396 401
396 402
397 398
397 401
397 402
397 403
398 402
398 403
398 504
398 505
398 506
399 400
399 401
399 469
399 470
399 471
400 401
400 404
400 470
400 471
400 472
401 402
401 404
401 406
401 407
402 403
402 406
402 407
402 408
403 407
403 408
403 503
403 504
403 505
404 405
404 406
404 471
404 472
404 473
405 406
405 409
405 472
405 473
405 474
406 407
406 409
406 411
406 412
407 408
407 411
407 412
407 413
408 412
408 413
408 502
408 503
408 504
409 410
409 411
409 473
409 474
409 475
410 411
410 414
410 474
410 475
410 476
411 412
411 414
411 416
411 417
412 413
412 416
412 417
412 418
413 417
413 418
413 501
413 502
413 503
414 415
414 416
414 475
414 476
414 477
415 416
415 419
415 420
415 476
415 477
415 478
416 417
416 419
416 420
416 421
417 418
417 420
417 421
418 421
418 500
418 501
418 502
419 420
419 422
419 423
419 477
419 478
419 479
420 421
420 422
420 423
420 424
421 423
421 424
421 488
421 499
421 500
421 501
422 423
422 425
422 426
422 478
422 479
422 480
423 424
423 425
423 426
423 427
424 426
424 427
424 487
424 488
425 426
425 428
425 429
425 479
425 480
425 481
426 427
426 428
426 429
426 430
427 429
427 430
427 486
427 487
427 488
428 429
428 431
428 480
428 481
428 482
429 430
429 431
429 433
429 434
430 433
430 434
430 485
430 486
430 487
431 432
431 433
431 443
431 481
431 482
432 433
432 435
432 443
432 444
432 482
433 434
433 435
433 437
433 438
434 437
434 438
434 484
434 485
434 486
435 436
435 437
435 443
435 444
435 445
436 437
436 439
436 441
436 444
436 445
436 446
437 438
437 439
437 441
437 442
438 441
438 442
438 483
438 484
438 485
439 440
439 441
439 445
439 446
439 447
440 441
440 446
440 447
440 448
441 442
442 483
442 484
443 444
443 482
444 445
445 446
446 447
447 448
448 449
449 450
450 451
451 452
452 453
453 454
454 455
455 456
456 457
457 458
458 459
459 460
460 461
461 462
462 463
463 464
464 465
465 466
466 467
467 468
468 469
469 470
470 471
471 472
472 473
473 474
474 475
475 476
476 477
477 478
478 479
479 480
480 481
481 482
483 484
483 490
484 485
484 490
485 486
485 490
485 491
486 487
486 491
487 488
487 489
487 491
487 492
488 489
488 499
488 500
489 492
489 499
489 514
490 491
490 493
491 492
491 493
491 498
492 498
492 499
492 513
492 514
493 494
493 497
493 498
494 495
494 496
494 497
494 498
495 496
495 497
495 890
495 891
495 892
495 893
495 894
495 895
496 497
496 510
496 511
496 892
496 893
496 894
496 895
496 896
496 897
497 498
497 510
497 511
497 512
498 512
498 513
498 514
499 500
499 514
499 515
500 501
500 515
500 516
501 502
501 515
501 516
501 517
502 503
502 516
502 517
502 518
503 504
503 517
503 518
503 519
504 505
504 518
504 519
504 520
505 506
505 519
505 520
505 521
506 507
506 520
506 521
506 522
507 508
507 509
507 521
507 522
508 509
509 522
509 805
509 806
509 807
509 808
509 809
509 810
510 511
510 523
510 524
510 525
510 894
510 895
510 896
510 897
510 898
510 899
511 512
511 524
511 526
511 527
511 528
512 513
512 527
512 528
512 529
513 514
513 528
513 529
513 530
514 515
514 529
514 530
514 531
515 516
515 530
515 531
516 517
516 531
516 532
517 518
517 532
518 519
518 532
518 533
519 520
519 533
519 534
520 521
520 533
520 534
520 535
521 522
521 534
521 535
522 535
522 807
522 808
522 809
522 810
522 811
522 812
523 524
523 525
523 537
523 538
523 896
523 897
523 898
523 899
523 900
523 901
524 525
524 526
524 527
525 526
525 537
525 538
526 527
526 538
526 539
526 540
526 541
527 528
527 540
527 541
527 542
528 529
528 541
528 542
528 543
529 530
529 536
529 542
529 543
529 544
530 531
530 536
530 558
530 559
531 532
531 559
531 560
531 561
532 533
532 560
532 561
532 562
533 534
533 561
533 562
533 563
534 535
534 562
534 563
535 563
535 809
535 810
535 811
535 812
535 813
535 814
536 543
536 544
536 545
536 558
537 538
537 564
537 565
537 898
537 899
537 900
537 901
537 902
537 903
538 539
538 540
538 564
538 565
538 566
539 540
539 546
539 565
539 566
539 567
539 568
540 541
540 546
540 547
540 567
541 542
541 546
541 547
541 548
542 543
542 547
542 548
542 549
543 544
543 548
543 549
543 550
544 545
544 549
544 550
544 551
544 558
545 550
545 551
545 558
545 581
545 582
545 583
546 547
546 552
546 553
546 567
546 569
547 548
547 552
547 553
547 554
548 549
548 553
548 554
548 555
549 550
549 554
549 555
549 556
550 551
550 555
550 556
550 557
551 556
551 557
551 580
551 581
551 582
552 553
552 567
552 569
552 572
552 573
552 574
553 554
553 573
553 574
553 575
554 555
554 574
554 575
554 576
555 556
555 575
555 576
555 577
556 557
556 576
556 577
556 578
557 577
557 578
557 579
557 580
557 581
558 559
558 582
558 583
558 584
559 560
559 584
559 585
560 561
560 585
560 586
560 587
561 562
561 587
561 588
561 589
562 563
562 589
562 590
563 590
563 811
563 812
563 813
563 814
563 815
563 816
564 565
564 591
564 592
564 900
564 901
564 902
564 903
564 904
564 905
565 566
565 591
565 592
565 593
566 567
566 568
566 592
566 593
566 594
567 568
567 569
567 570
568 569
568 570
568 593
568 594
568 595
569 570
569 571
569 572
569 573
570 571
570 572
570 594
570 595
570 599
571 572
571 595
571 599
572 573
573 574
574 575
575 576
576 577
577 578
578 579
578 580
579 580
579 605
579 614
580 581
580 605
580 614
580 615
581 582
581 614
581 615
581 617
582 583
582 615
582 617
582 618
583 584
583 617
583 618
583 619
584 585
584 618
584 619
584 620
585 586
585 619
585 620
585 621
586 587
586 620
586 621
586 622
587 588
587 621
587 622
587 623
588 589
588 622
588 623
588 624
589 590
589 623
589 624
590 624
590 813
590 814
590 815
590 816
590 817
590 818
591 592
591 625
591 626
591 902
591 903
591 904
591 905
591 906
591 907
592 593
592 596
592 625
592 626
592 628
593 594
593 596
593 597
593 628
594 595
594 596
594 597
594 598
595 597
595 598
595 599
595 600
596 597
596 607
596 628
596 629
596 632
597 598
597 606
597 607
597 632
598 599
598 600
598 601
598 606
598 607
599 600
600 601
600 606
601 602
601 606
601 608
602 603
602 606
602 608
602 610
603 604
603 608
603 610
603 612
604 605
604 610
604 612
604 614
605 612
605 614
606 607
606 608
606 609
607 608
607 609
607 632
607 633
608 609
608 610
608 611
609 610
609 611
609 632
609 633
609 634
610 611
610 612
610 613
611 612
611 613
611 616
611 633
611 634
612 613
612 614
612 615
613 614
613 615
613 616
613 617
613 634
614 615
615 616
615 617
616 617
616 618
616 631
616 634
616 635
617 618
617 635
618 619
618 635
618 636
618 637
619 620
619 636
619 637
619 638
620 621
620 637
620 638
620 639
621 622
621 638
621 639
621 640
622 623
622 639
622 640
622 641
623 624
623 640
623 641
624 641
624 815
624 816
624 817
624 818
624 819
624 820
625 626
625 648
625 649
625 904
625 905
625 906
625 907
625 908
625 909
626 627
626 628
626 648
626 649
627 628
627 629
627 649
627 650
627 651
628 629
628 632
629 630
629 632
629 633
629 651
629 652
630 631
630 632
630 633
630 634
630 651
630 652
630 653
631 633
631 634
631 635
631 642
631 652
631 653
632 633
633 634
634 635
635 636
635 642
635 643
636 637
636 642
636 643
636 644
637 638
637 643
637 644
637 645
638 639
638 644
638 645
638 646
639 640
639 645
639 646
639 647
640 641
640 646
640 647
641 647
641 817
641 818
641 819
641 820
641 821
641 822
642 643
642 653
642 654
642 655
643 644
643 654
643 655
643 656
644 645
644 655
644 656
644 657
645 646
645 656
645 657
645 658
646 647
646 657
646 658
647 658
647 819
647 820
647 821
647 822
647 823
647 824
648 649
648 659
648 660
648 906
648 907
648 908
648 909
648 910
648 911
649 650
649 659
649 660
650 651
650 660
650 661
650 662
650 663
651 652
651 662
651 663
651 664
652 653
652 663
652 664
652 665
653 654
653 664
653 665
653 666
654 655
654 665
654 666
654 667
654 668
655 656
655 668
655 669
656 657
656 668
656 669
656 670
657 658
657 669
657 670
658 670
658 821
658 822
658 823
658 824
658 825
658 826
659 660
659 738
659 739
659 908
659 909
659 910
659 911
659 912
659 913
660 661
660 662
660 738
660 739
660 740
661 662
661 671
661 672
661 739
661 740
661 741
662 663
662 671
662 672
662 673
663 664
663 672
663 673
663 674
664 665
664 673
664 674
664 675
665 666
665 674
665 675
665 676
666 667
666 668
666 675
666 676
666 677
667 668
667 676
667 677
667 678
667 679
667 689
668 669
668 678
668 679
668 680
669 670
669 679
669 680
670 680
670 823
670 824
670 825
670 826
670 827
670 828
671 672
671 681
671 682
671 740
671 741
671 742
672 673
672 681
672 682
672 683
673 674
673 682
673 683
673 684
674 675
674 683
674 684
674 685
675 676
675 684
675 685
675 686
676 677
676 685
676 686
676 687
677 678
677 686
677 687
677 688
677 689
678 679
678 689
678 707
678 708
678 709
679 680
679 708
679 709
680 709
680 825
680 826
680 827
680 828
680 829
680 830
681 682
681 690
681 691
681 692
681 741
681 742
682 683
682 691
682 692
682 693
683 684
683 692
683 693
683 694
684 685
684 693
684 694
684 695
685 686
685 694
685 695
685 696
686 687
686 695
686 696
686 697
687 688
687 689
687 696
687 697
687 698
688 689
688 697
688 698
688 699
688 706
688 707
689 706
689 707
689 708
690 691
690 705
690 714
690 742
691 692
691 742
692 693
693 694
694 695
695 696
696 697
697 698
698 699
698 706
699 700
699 706
699 719
700 701
700 706
700 718
700 719
701 702
701 717
701 718
701 719
702 703
702 716
702 717
702 718
703 704
703 715
703 716
703 717
704 705
704 714
704 715
704 716
705 714
705 715
705 742
706 707
706 719
706 720
707 708
707 719
707 720
707 721
708 709
708 720
708 721
708 722
709 721
709 722
709 827
709 828
709 829
709 830
709 831
709 832
710 711
710 723
710 724
710 725
710 738
710 739
710 912
710 913
710 914
710 915
710 916
710 917
711 712
711 724
711 725
711 726
711 738
711 739
711 740
712 713
712 725
712 726
712 727
712 739
712 740
712 741
713 714
713 715
713 726
713 727
713 740
713 741
713 742
714 715
714 727
714 741
714 742
715 716
715 727
715 728
716 717
716 727
716 728
716 729
717 718
717 728
717 729
717 730
718 719
718 720
718 729
718 730
719 720
719 730
720 721
720 730
720 733
721 722
721 730
721 733
721 736
722 733
722 736
722 737
722 829
722 830
722 831
722 832
722 833
722 834
723 724
723 914
723 915
723 916
723 917
724 725
724 734
725 726
725 731
725 734
726 727
726 728
726 731
726 734
727 728
727 731
728 729
728 731
728 732
729 730
729 731
729 732
729 733
730 732
730 733
731 732
731 734
731 735
732 733
732 734
732 735
732 736
733 735
733 736
734 735
735 736
736 737
737 831
737 832
737 833
737 834
738 739
738 910
738 911
738 912
738 913
738 914
738 915
739 740
740 741
741 742
743 745
744 746
745 747
746 748
747 749
748 750
749 751
750 752
751 753
752 754
753 755
754 756
755 757
756 758
757 759
758 760
759 761
760 762
761 763
762 764
763 765
764 766
765 767
766 768
767 769
768 770
769 771
770 772
771 773
772 774
773 775
774 776
775 777
776 778
777 779
778 780
779 781
780 782
781 783
782 784
783 785
784 786
785 787
786 788
787 789
788 790
789 791
790 792
791 793
792 794
793 795
794 796
795 797
796 798
797 799
798 800
798 835
799 801
800 835
801 803
802 804
802 835
803 805
804 806
805 807
806 808
807 809
808 810
809 811
810 812
811 813
812 814
813 815
814 816
815 817
816 818
817 819
818 820
819 821
820 822
821 823
822 824
823 825
824 826
825 827
826 828
827 829
828 830
829 831
830 832
831 833
832 834
836 838
837 839
838 840
839 841
840 842
841 843
842 844
843 845
844 846
845 847
846 848
847 849
848 850
849 851
850 852
851 853
852 854
853 855
854 856
855 857
856 858
857 859
858 860
859 861
860 862
861 863
862 864
863 865
864 866
865 867
866 868
867 869
868 870
869 871
870 872
871 873
872 874
873 875
874 876
875 877
876 878
877 879
878 880
879 881
880 882
881 883
882 884
883 885
884 886
885 887
886 888
887 889
888 890
889 891
890 892
891 893
892 894
893 895
894 896
895 897
896 898
897 899
898 900
899 901
900 902
901 903
902 904
903 905
904 906
905 907
906 908
907 909
908 910
909 911
910 912
911 913
912 914
913 915
914 916
915 917
