1000 1375
0 1
0 10
1 2
1 11
1 101
2 3
2 12
3 4
3 13
4 5
4 14
5 6
5 15
6 7
6 16
7 8
7 17
7 107
8 9
8 18
9 19
10 11
10 20
11 12
11 21
11 111
12 13
12 22
13 14
13 23
13 113
14 15
14 24
15 16
15 25
16 17
16 26
17 18
17 27
17 117
18 19
18 28
19 29
20 21
20 30
21 22
21 31
21 121
22 23
22 32
23 24
23 33
23 123
24 25
24 34
25 26
25 35
25 125
26 27
26 36
27 28
27 37
27 127
28 29
28 38
29 39
30 31
30 40
31 32
31 41
31 131
32 33
32 42
33 34
33 43
33 133
34 35
34 44
35 36
35 45
35 135
36 37
36 46
37 38
37 47
37 137
38 39
38 48
39 49
40 41
40 50
41 42
41 51
41 141
42 43
42 52
43 44
43 53
43 143
44 45
44 54
45 46
45 55
45 145
46 47
46 56
47 48
47 57
47 147
48 49
48 58
49 59
50 51
50 60
51 52
51 61
51 151
52 53
52 62
53 54
53 63
53 153
54 55
54 64
55 56
55 65
55 155
56 57
56 66
57 58
57 67
57 157
58 59
58 68
59 69
59 159
60 61
60 70
61 62
61 71
61 161
62 63
62 72
63 64
63 73
63 163
64 65
64 74
65 66
65 75
65 165
66 67
66 76
67 68
67 77
68 69
68 78
69 79
69 169
70 71
70 80
71 72
71 81
71 171
72 73
72 82
73 74
73 83
73 173
74 75
74 84
75 76
75 85
75 175
76 77
76 86
77 78
77 87
78 79
78 88
79 89
79 179
80 81
80 90
81 82
81 91
82 83
82 92
83 84
83 93
83 183
84 85
84 94
85 86
85 95
85 185
86 87
86 96
87 88
87 97
88 89
88 98
89 99
89 189
90 91
91 92
92 93
93 94
94 95
95 96
95 195
96 97
97 98
98 99
99 199
101 111
101 201
107 117
107 207
111 121
111 211
113 123
113 213
117 127
117 217
121 131
121 221
123 133
123 223
125 135
125 225
127 137
127 227
131 141
131 231
133 143
133 233
135 145
135 235
137 147
137 237
141 151
141 241
143 153
143 243
145 155
145 245
147 157
147 247
151 161
151 251
153 163
153 253
155 165
155 255
157 257
159 169
159 259
161 171
161 261
163 173
163 263
165 175
165 265
169 179
169 269
171 271
173 183
173 273
175 185
175 275
179 189
179 279
183 283
185 195
185 285
189 199
189 289
195 295
199 299
200 201
200 210
201 202
201 211
202 203
202 212
203 204
203 213
204 205
204 214
205 206
205 215
206 207
206 216
207 208
207 217
207 307
208 209
208 218
209 219
210 211
210 220
211 212
211 221
212 213
212 222
213 214
213 223
213 313
214 215
214 224
215 216
215 225
216 217
216 226
217 218
217 227
217 317
218 219
218 228
219 229
220 221
220 230
221 222
221 231
222 223
222 232
223 224
223 233
223 323
224 225
224 234
225 226
225 235
225 325
226 227
226 236
227 228
227 237
227 327
228 229
228 238
229 239
230 231
230 240
230 330
231 232
231 241
232 233
232 242
233 234
233 243
233 333
234 235
234 244
235 236
235 245
235 335
236 237
236 246
237 238
237 247
237 337
238 239
238 248
239 249
240 241
240 250
240 340
241 242
241 251
242 243
242 252
243 244
243 253
243 343
244 245
244 254
245 246
245 255
245 345
246 247
246 256
247 248
247 257
247 347
248 249
248 258
249 259
250 251
250 260
250 350
251 252
251 261
252 253
252 262
253 254
253 263
253 353
254 255
254 264
255 256
255 265
255 355
256 257
256 266
257 258
257 267
257 357
258 259
258 268
259 269
260 261
260 270
260 360
261 262
261 271
262 263
262 272
263 264
263 273
263 363
264 265
264 274
264 364
265 266
265 275
265 365
266 267
266 276
267 268
267 277
267 367
268 269
268 278
269 279
270 271
270 280
270 370
271 272
271 281
272 273
272 282
272 372
273 274
273 283
273 373
274 275
274 284
274 374
275 276
275 285
275 375
276 277
276 286
277 278
277 287
277 377
278 279
278 288
279 289
279 379
280 281
280 290
280 380
281 282
281 291
282 283
282 292
282 382
283 284
283 293
284 285
284 294
284 384
285 286
285 295
285 385
286 287
286 296
287 288
287 297
288 289
288 298
289 299
289 389
290 291
290 390
291 292
292 293
292 392
293 294
294 295
294 394
295 296
295 395
296 297
297 298
298 299
299 399
307 317
307 407
313 323
313 413
317 327
317 417
323 333
323 423
325 335
325 425
327 337
327 427
330 340
330 430
333 343
333 433
335 345
335 435
337 347
337 437
340 350
340 440
343 353
343 443
345 355
345 445
347 357
347 447
350 360
350 450
353 363
353 453
355 365
355 455
357 367
357 457
360 370
360 460
363 373
363 463
364 374
364 464
365 375
365 465
367 377
367 467
370 380
370 470
372 382
372 472
373 473
374 384
374 474
375 385
375 475
377 477
379 389
379 479
380 390
380 480
382 392
382 482
384 394
384 484
385 395
385 485
389 399
389 489
390 490
392 492
394 494
395 495
399 499
400 401
400 410
401 402
401 411
402 403
402 412
403 404
403 413
404 405
404 414
404 504
405 406
405 415
406 407
406 416
407 408
407 417
408 409
408 418
408 508
409 419
410 411
410 420
411 412
411 421
412 413
412 422
413 414
413 423
414 415
414 424
414 514
415 416
415 425
416 417
416 426
417 418
417 427
418 419
418 428
418 518
419 429
420 421
420 430
421 422
421 431
421 521
422 423
422 432
423 424
423 433
424 425
424 434
424 524
425 426
425 435
426 427
426 436
426 526
427 428
427 437
428 429
428 438
428 528
429 439
430 431
430 440
431 432
431 441
431 531
432 433
432 442
433 434
433 443
434 435
434 444
434 534
435 436
435 445
436 437
436 446
436 536
437 438
437 447
438 439
438 448
438 538
439 449
440 441
440 450
440 540
441 442
441 451
441 541
442 443
442 452
443 444
443 453
444 445
444 454
444 544
445 446
445 455
446 447
446 456
446 546
447 448
447 457
448 449
448 458
449 459
450 451
450 460
450 550
451 452
451 461
451 551
452 453
452 462
453 454
453 463
454 455
454 464
454 554
455 456
455 465
456 457
456 466
457 458
457 467
458 459
458 468
459 469
459 559
460 461
460 470
460 560
461 462
461 471
461 561
462 463
462 472
463 464
463 473
464 465
464 474
465 466
465 475
466 467
466 476
467 468
467 477
468 469
468 478
469 479
469 569
470 471
470 480
470 570
471 472
471 481
471 571
472 473
472 482
473 474
473 483
474 475
474 484
475 476
475 485
476 477
476 486
476 576
477 478
477 487
478 479
478 488
479 489
479 579
480 481
480 490
480 580
481 482
481 491
481 581
482 483
482 492
483 484
483 493
484 485
484 494
485 486
485 495
486 487
486 496
486 586
487 488
487 497
488 489
488 498
489 499
489 589
490 491
490 590
491 492
491 591
492 493
493 494
494 495
495 496
496 497
497 498
498 499
499 599
504 514
504 604
508 518
508 608
514 524
514 614
518 528
518 618
521 531
521 621
524 534
524 624
526 536
526 626
528 538
528 628
531 541
531 631
534 544
534 634
536 546
536 636
538 638
540 541
540 550
540 640
541 551
541 641
544 554
544 644
546 646
550 560
550 650
551 561
551 651
554 654
559 569
559 659
560 570
560 660
561 571
561 661
569 579
569 669
570 580
570 670
571 581
571 671
576 586
576 676
579 589
579 679
580 590
580 680
581 591
581 681
586 686
589 599
589 689
590 591
590 690
591 691
599 699
600 601
600 610
601 602
601 611
602 603
602 612
603 604
603 613
604 605
604 614
605 606
605 615
605 705
606 607
606 616
607 608
607 617
608 609
608 618
609 619
609 709
610 611
610 620
611 612
611 621
612 613
612 622
613 614
613 623
614 615
614 624
615 616
615 625
615 715
616 617
616 626
617 618
617 627
618 619
618 628
619 629
619 719
620 621
620 630
621 622
621 631
621 721
622 623
622 632
623 624
623 633
624 625
624 634
625 626
625 635
625 725
626 627
626 636
627 628
627 637
628 629
628 638
629 639
629 729
630 631
630 640
631 632
631 641
631 731
632 633
632 642
633 634
633 643
634 635
634 644
635 636
635 645
635 735
636 637
636 646
637 638
637 647
638 639
638 648
639 649
639 739
640 641
640 650
641 642
641 651
641 741
642 643
642 652
643 644
643 653
644 645
644 654
645 646
645 655
645 745
646 647
646 656
647 648
647 657
647 747
648 649
648 658
649 659
649 749
650 651
650 660
651 652
651 661
651 751
652 653
652 662
653 654
653 663
654 655
654 664
655 656
655 665
655 755
656 657
656 666
657 658
657 667
657 757
658 659
658 668
659 669
659 759
660 661
660 670
661 662
661 671
661 761
662 663
662 672
663 664
663 673
664 665
664 674
665 666
665 675
665 765
666 667
666 676
667 668
667 677
667 767
668 669
668 678
669 679
670 671
670 680
671 672
671 681
671 771
672 673
672 682
673 674
673 683
674 675
674 684
675 676
675 685
675 775
676 677
676 686
677 678
677 687
677 777
678 679
678 688
679 689
680 681
680 690
681 682
681 691
681 781
682 683
682 692
683 684
683 693
684 685
684 694
685 686
685 695
686 687
686 696
687 688
687 697
687 787
688 689
688 698
689 699
690 691
691 692
691 791
692 693
693 694
694 695
695 696
696 697
697 698
697 797
698 699
705 715
705 805
709 719
709 809
715 725
715 815
719 729
719 819
721 731
721 821
725 735
725 825
729 739
729 829
731 741
731 831
735 745
735 835
739 749
739 839
741 751
741 841
745 755
745 845
747 757
747 847
749 759
749 849
751 761
751 851
755 765
755 855
757 767
757 857
759 859
761 771
761 861
765 775
765 865
767 777
767 867
771 781
771 871
775 875
777 787
777 877
781 791
781 881
787 797
787 887
791 891
797 897
800 801
800 810
800 900
801 802
801 811
802 803
802 812
803 804
803 813
804 805
804 814
805 806
805 815
806 807
806 816
807 808
807 817
807 907
808 809
808 818
808 908
809 819
810 811
810 820
810 910
811 812
811 821
812 813
812 822
813 814
813 823
814 815
814 824
815 816
815 825
815 915
816 817
816 826
817 818
817 827
817 917
818 819
818 828
818 918
819 829
820 821
820 830
820 920
821 822
821 831
822 823
822 832
823 824
823 833
824 825
824 834
825 826
825 835
825 925
826 827
826 836
827 828
827 837
827 927
828 829
828 838
828 928
829 839
830 831
830 840
831 832
831 841
832 833
832 842
833 834
833 843
833 933
834 835
834 844
835 836
835 845
835 935
836 837
836 846
837 838
837 847
837 937
838 839
838 848
838 938
839 849
840 841
840 850
840 940
841 842
841 851
842 843
842 852
843 844
843 853
843 943
844 845
844 854
845 846
845 855
845 945
846 847
846 856
847 848
847 857
847 947
848 849
848 858
848 948
849 859
850 851
850 860
850 950
851 852
851 861
852 853
852 862
853 854
853 863
853 953
854 855
854 864
855 856
855 865
855 955
856 857
856 866
857 858
857 867
858 859
858 868
858 958
859 869
859 959
860 861
860 870
860 960
861 862
861 871
862 863
862 872
863 864
863 873
863 963
864 865
864 874
865 866
865 875
865 965
866 867
866 876
867 868
867 877
868 869
868 878
868 968
869 879
869 969
870 871
870 880
870 970
871 872
871 881
872 873
872 882
873 874
873 883
873 973
874 875
874 884
875 876
875 885
875 975
876 877
876 886
877 878
877 887
878 879
878 888
878 978
879 889
879 979
880 881
880 890
881 882
881 891
882 883
882 892
883 884
883 893
883 983
884 885
884 894
885 886
885 895
885 985
886 887
886 896
887 888
887 897
888 889
888 898
889 899
889 989
890 891
891 892
892 893
893 894
893 993
894 895
895 896
895 995
896 897
897 898
898 899
899 999
900 910
907 908
907 917
908 918
910 920
915 925
917 918
917 927
918 928
925 935
927 928
927 937
928 938
933 943
935 945
937 938
937 947
938 948
940 950
943 953
945 955
947 948
948 958
950 960
953 963
955 965
957 958
958 968
959 969
960 970
963 973
965 975
967 968
968 978
969 979
973 983
975 985
977 978
979 989
983 993
985 995
987 988
989 999
997 998
