443 590
0 280
0 352
1 2
1 434
1 436
2 3
2 4
5 9
6 9
7 8
8 19
8 38
9 19
9 213
10 107
10 349
11 176
11 258
12 201
12 427
13 15
14 15
14 51
14 300
15 265
15 299
16 27
16 433
17 205
18 267
18 271
19 92
19 184
20 31
20 288
21 22
21 399
22 23
22 265
23 414
24 25
25 201
25 298
25 363
25 423
26 139
26 174
26 242
26 269
27 200
27 240
27 307
27 440
28 111
28 269
29 176
29 266
29 283
30 114
30 187
31 193
32 252
32 288
33 110
33 162
33 209
34 97
34 205
35 93
35 430
36 37
36 132
36 305
36 386
36 394
38 70
38 213
38 255
39 381
40 220
40 221
40 316
40 335
41 42
42 43
42 183
43 44
43 107
43 289
43 290
44 45
44 46
44 47
44 48
44 65
44 338
49 50
49 88
49 241
50 160
50 242
51 64
52 183
52 422
53 54
53 55
53 175
56 93
56 402
57 58
57 59
57 60
58 60
58 84
58 185
58 256
58 279
60 215
61 65
62 65
63 65
64 244
65 338
65 362
66 98
66 190
66 212
67 68
68 135
68 141
68 210
68 270
69 285
69 411
70 92
70 181
70 192
71 72
71 168
71 325
71 429
72 249
73 74
73 164
73 410
75 126
75 299
76 163
76 352
77 88
77 143
77 286
78 280
78 352
79 239
79 311
79 320
79 413
80 186
80 269
81 82
82 162
82 168
83 213
83 267
83 393
84 85
86 94
86 179
86 182
87 116
87 191
87 434
88 89
88 143
88 241
89 160
89 242
89 287
90 91
90 198
90 209
91 199
91 207
91 222
91 223
92 156
92 170
93 322
94 95
94 96
98 122
99 100
99 101
99 220
99 263
99 325
99 429
102 106
103 107
104 108
105 106
106 107
107 108
107 327
107 433
108 222
109 152
109 227
109 312
110 270
111 112
111 113
111 174
112 114
113 442
114 348
115 373
115 376
116 122
117 118
117 152
117 233
117 388
118 337
118 400
119 120
119 181
120 393
120 427
121 365
121 371
121 396
123 124
123 230
124 125
125 140
125 200
125 361
125 414
126 230
127 396
128 129
128 370
130 384
131 187
131 270
132 133
132 134
132 261
132 305
133 291
134 293
135 270
136 300
136 401
137 138
137 310
137 364
137 375
137 376
139 269
140 200
141 297
142 179
142 192
144 145
145 210
146 147
146 153
146 424
147 206
147 397
148 149
149 209
150 151
151 209
152 154
152 155
152 233
156 157
156 158
159 160
161 162
163 164
163 166
163 234
163 345
163 352
163 413
164 165
167 168
169 190
169 252
170 330
171 220
171 429
172 264
173 231
173 401
174 287
175 198
176 177
176 178
176 226
176 266
176 328
176 337
176 348
177 249
179 181
179 182
179 301
180 304
180 321
181 308
184 426
185 186
185 187
185 205
187 189
187 226
187 258
187 389
187 434
188 189
188 211
190 252
190 272
191 272
192 213
192 301
193 391
193 411
194 195
194 196
194 197
195 199
195 428
198 199
199 219
199 223
199 336
199 425
199 428
200 307
201 271
201 363
201 423
202 203
203 313
204 399
204 407
205 348
206 207
206 210
206 397
207 235
207 425
208 327
208 361
209 210
210 211
212 257
213 308
213 431
214 215
214 216
215 282
215 400
217 281
217 284
218 314
218 428
219 220
219 221
219 336
220 255
220 263
220 429
220 431
221 429
222 235
222 435
223 224
223 225
227 281
228 288
228 391
229 259
229 267
229 313
229 326
231 296
232 233
234 321
234 409
234 432
235 236
235 237
235 238
235 435
239 304
241 242
243 245
243 327
243 433
244 407
245 254
246 249
247 249
248 249
249 324
249 435
250 339
250 403
251 253
252 253
252 288
254 327
254 395
255 431
256 346
256 407
257 391
258 436
259 260
259 326
261 262
264 265
267 271
267 313
267 393
267 427
268 269
269 270
272 274
273 277
274 277
274 278
275 277
275 278
276 278
280 352
281 339
282 283
282 288
282 295
282 434
283 288
283 434
284 340
285 434
286 287
287 439
288 289
288 290
291 292
291 293
293 294
295 297
295 437
296 392
298 423
301 302
301 303
304 432
305 306
305 380
305 386
305 394
305 404
305 419
306 390
306 425
308 309
308 427
309 428
310 364
310 375
311 413
314 315
314 390
314 428
316 317
316 318
316 319
316 330
316 335
320 413
322 324
322 347
322 398
323 324
323 353
324 338
325 429
327 341
327 342
327 343
327 344
328 329
328 400
331 334
331 383
332 333
332 381
335 336
335 426
337 338
337 339
337 340
337 402
340 392
345 409
346 347
347 402
348 398
348 430
349 433
350 352
350 353
350 356
351 352
351 353
351 357
352 387
353 414
353 438
354 387
355 387
358 361
359 361
360 395
361 362
364 376
365 366
365 368
365 369
366 424
367 368
367 425
368 375
369 370
369 384
369 396
371 377
371 382
371 383
372 373
372 379
373 374
373 376
373 378
373 404
373 419
374 425
375 376
377 379
378 379
380 386
381 382
381 386
382 385
385 386
389 434
390 405
392 403
393 394
401 402
404 405
406 408
406 409
406 410
412 416
413 416
413 417
414 416
414 417
415 417
418 419
418 420
418 421
422 437
424 425
427 428
434 435
435 438
439 441
441 442
