3200 7558
1 16
1 17
3 18
3 19
5 7
5 20
5 21
5 22
5 23
7 20
7 21
7 22
7 23
9 24
9 25
11 26
11 27
13 28
13 29
14 15
14 30
14 31
15 30
15 31
17 32
17 33
18 19
18 34
18 35
19 34
19 35
20 21
20 22
20 23
21 22
21 23
21 36
21 37
21 38
21 39
22 23
23 36
23 37
23 38
23 39
25 40
25 41
26 27
27 42
27 43
28 29
28 44
28 45
29 44
29 45
30 31
30 46
30 47
31 46
31 47
32 33
33 48
33 49
34 35
34 50
34 51
35 50
35 51
36 37
36 38
36 39
37 38
37 39
37 52
37 53
37 54
37 55
38 39
39 52
39 53
39 54
39 55
40 41
41 56
41 57
42 43
43 58
43 59
44 45
44 60
44 61
45 60
45 61
46 47
46 62
46 63
47 62
47 63
48 49
49 64
49 65
50 51
50 66
50 67
51 66
51 67
52 53
52 54
52 55
53 54
53 55
53 68
53 69
53 70
53 71
54 55
55 68
55 69
55 70
55 71
56 57
57 72
57 73
58 59
59 74
59 75
60 61
60 76
60 77
61 76
61 77
62 63
62 78
62 79
63 78
63 79
64 65
65 80
65 81
66 67
66 82
66 83
67 82
67 83
68 69
68 70
68 71
69 70
69 71
69 84
69 85
69 86
69 87
70 71
71 84
71 85
71 86
71 87
72 73
73 88
73 89
74 75
75 90
75 91
76 77
76 92
76 93
77 92
77 93
78 79
78 94
78 95
79 94
79 95
80 81
81 96
81 97
82 83
82 98
82 99
83 98
83 99
84 85
84 86
84 87
85 86
85 87
85 100
85 101
85 102
85 103
86 87
87 100
87 101
87 102
87 103
88 89
89 104
89 105
90 91
91 106
91 107
92 93
92 108
92 109
93 108
93 109
94 95
94 110
94 111
95 110
95 111
96 97
97 112
97 113
98 99
98 114
98 115
99 114
99 115
100 101
100 102
100 103
101 102
101 103
101 116
101 117
101 118
101 119
102 103
103 116
103 117
103 118
103 119
104 105
105 120
105 121
106 107
107 122
107 123
108 109
108 124
108 125
109 124
109 125
110 111
110 126
110 127
111 126
111 127
112 113
113 128
113 129
114 115
114 130
114 131
115 130
115 131
116 117
116 118
116 119
117 118
117 119
117 132
117 133
117 134
117 135
118 119
119 132
119 133
119 134
119 135
120 121
121 136
121 137
122 123
123 138
123 139
124 125
124 140
124 141
125 140
125 141
126 127
126 142
126 143
127 142
127 143
128 129
129 144
129 145
130 131
130 146
130 147
131 146
131 147
132 133
132 134
132 135
133 134
133 135
133 148
133 149
133 150
133 151
134 135
135 148
135 149
135 150
135 151
136 137
137 152
137 153
138 139
139 154
139 155
140 141
140 156
140 157
141 156
141 157
142 143
142 158
142 159
143 158
143 159
144 145
145 160
145 161
146 147
146 162
146 163
147 162
147 163
148 149
148 150
148 151
149 150
149 151
149 164
149 165
149 166
149 167
150 151
151 164
151 165
151 166
151 167
152 153
153 168
153 169
154 155
155 170
155 171
156 157
156 172
156 173
157 172
157 173
158 159
158 174
158 175
159 174
159 175
160 161
161 176
161 177
162 163
162 178
162 179
163 178
163 179
164 165
164 166
164 167
165 166
165 167
165 180
165 181
165 182
165 183
166 167
167 180
167 181
167 182
167 183
168 169
169 184
169 185
170 171
171 186
171 187
172 173
172 188
172 189
173 188
173 189
174 175
174 190
174 191
175 190
175 191
176 177
177 192
177 193
178 179
178 194
178 195
179 194
179 195
180 181
180 182
180 183
181 182
181 183
181 196
181 197
181 198
181 199
182 183
183 196
183 197
183 198
183 199
184 185
185 200
185 201
186 187
187 202
187 203
188 189
188 204
188 205
189 204
189 205
190 191
190 206
190 207
191 206
191 207
192 193
193 208
193 209
194 195
194 210
194 211
195 210
195 211
196 197
196 198
196 199
197 198
197 199
197 212
197 213
197 214
197 215
198 199
199 212
199 213
199 214
199 215
200 201
201 216
201 217
202 203
203 218
203 219
204 205
204 220
204 221
205 220
205 221
206 207
206 222
206 223
207 222
207 223
208 209
209 224
209 225
210 211
210 226
210 227
211 226
211 227
212 213
212 214
212 215
213 214
213 215
213 228
213 229
213 230
213 231
214 215
215 228
215 229
215 230
215 231
216 217
217 232
217 233
218 219
219 234
219 235
220 221
220 236
220 237
221 236
221 237
222 223
222 238
222 239
223 238
223 239
224 225
225 240
225 241
226 227
226 242
226 243
227 242
227 243
228 229
228 230
228 231
229 230
229 231
229 244
229 245
229 246
229 247
230 231
231 244
231 245
231 246
231 247
232 233
233 248
233 249
234 235
235 250
235 251
236 237
236 252
236 253
237 252
237 253
238 239
238 254
238 255
239 254
239 255
240 241
241 256
241 257
242 243
242 258
242 259
243 258
243 259
244 245
244 246
244 247
245 246
245 247
245 260
245 261
245 262
245 263
246 247
247 260
247 261
247 262
247 263
248 249
249 264
249 265
250 251
251 266
251 267
252 253
252 268
252 269
253 268
253 269
254 255
254 270
254 271
255 270
255 271
256 257
257 272
257 273
258 259
258 274
258 275
259 274
259 275
260 261
260 262
260 263
261 262
261 263
261 276
261 277
261 278
261 279
262 263
263 276
263 277
263 278
263 279
264 265
265 280
265 281
266 267
267 282
267 283
268 269
268 284
268 285
269 284
269 285
270 271
270 286
270 287
271 286
271 287
272 273
273 288
273 289
274 275
274 290
274 291
275 290
275 291
276 277
276 278
276 279
277 278
277 279
277 292
277 293
277 294
277 295
278 279
279 292
279 293
279 294
279 295
280 281
281 296
281 297
282 283
283 298
283 299
284 285
284 300
284 301
285 300
285 301
286 287
286 302
286 303
287 302
287 303
288 289
289 304
289 305
290 291
290 306
290 307
291 306
291 307
292 293
292 294
292 295
293 294
293 295
293 308
293 309
293 310
293 311
294 295
295 308
295 309
295 310
295 311
296 297
297 312
297 313
298 299
299 314
299 315
300 301
300 316
300 317
301 316
301 317
302 303
302 318
302 319
303 318
303 319
304 305
305 320
305 321
306 307
306 322
306 323
307 322
307 323
308 309
308 310
308 311
309 310
309 311
309 324
309 325
309 326
309 327
310 311
311 324
311 325
311 326
311 327
312 313
313 328
313 329
314 315
315 330
315 331
316 317
316 332
316 333
317 332
317 333
318 319
318 334
318 335
319 334
319 335
320 321
321 336
321 337
322 323
322 338
322 339
323 338
323 339
324 325
324 326
324 327
325 326
325 327
325 340
325 341
325 342
325 343
326 327
327 340
327 341
327 342
327 343
328 329
329 344
329 345
330 331
331 346
331 347
332 333
332 348
332 349
333 348
333 349
334 335
334 350
334 351
335 350
335 351
336 337
337 352
337 353
338 339
338 354
338 355
339 354
339 355
340 341
340 342
340 343
341 342
341 343
341 356
341 357
341 358
341 359
342 343
343 356
343 357
343 358
343 359
344 345
345 360
345 361
346 347
347 362
347 363
348 349
348 364
348 365
349 364
349 365
350 351
350 366
350 367
351 366
351 367
352 353
353 368
353 369
354 355
354 370
354 371
355 370
355 371
356 357
356 358
356 359
357 358
357 359
357 372
357 373
357 374
357 375
358 359
359 372
359 373
359 374
359 375
360 361
361 376
361 377
362 363
363 378
363 379
364 365
364 380
364 381
365 380
365 381
366 367
366 382
366 383
367 382
367 383
368 369
369 384
369 385
370 371
370 386
370 387
371 386
371 387
372 373
372 374
372 375
373 374
373 375
373 388
373 389
373 390
373 391
374 375
375 388
375 389
375 390
375 391
376 377
377 392
377 393
378 379
379 394
379 395
380 381
380 396
380 397
381 396
381 397
382 383
382 398
382 399
383 398
383 399
384 385
385 400
385 401
386 387
386 402
386 403
387 402
387 403
388 389
388 390
388 391
389 390
389 391
389 404
389 405
389 406
389 407
390 391
391 404
391 405
391 406
391 407
392 393
393 408
393 409
394 395
395 410
395 411
396 397
396 412
396 413
397 412
397 413
398 399
398 414
398 415
399 414
399 415
400 401
401 416
401 417
402 403
402 418
402 419
403 418
403 419
404 405
404 406
404 407
405 406
405 407
405 420
405 421
405 422
405 423
406 407
407 420
407 421
407 422
407 423
408 409
409 424
409 425
410 411
411 426
411 427
412 413
412 428
412 429
413 428
413 429
414 415
414 430
414 431
415 430
415 431
416 417
417 432
417 433
418 419
418 434
418 435
419 434
419 435
420 421
420 422
420 423
421 422
421 423
421 436
421 437
421 438
421 439
422 423
423 436
423 437
423 438
423 439
424 425
425 440
425 441
426 427
427 442
427 443
428 429
428 444
428 445
429 444
429 445
430 431
430 446
430 447
431 446
431 447
432 433
433 448
433 449
434 435
434 450
434 451
435 450
435 451
436 437
436 438
436 439
437 438
437 439
437 452
437 453
437 454
437 455
438 439
439 452
439 453
439 454
439 455
440 441
441 456
441 457
442 443
443 458
443 459
444 445
444 460
444 461
445 460
445 461
446 447
446 462
446 463
447 462
447 463
448 449
449 464
449 465
450 451
450 466
450 467
451 466
451 467
452 453
452 454
452 455
453 454
453 455
453 468
453 469
453 470
453 471
454 455
455 468
455 469
455 470
455 471
456 457
457 472
457 473
458 459
459 474
459 475
460 461
460 476
460 477
461 476
461 477
462 463
462 478
462 479
463 478
463 479
464 465
465 480
465 481
466 467
466 482
466 483
467 482
467 483
468 469
468 470
468 471
469 470
469 471
469 484
469 485
469 486
469 487
470 471
471 484
471 485
471 486
471 487
472 473
473 488
473 489
474 475
475 490
475 491
476 477
476 492
476 493
477 492
477 493
478 479
478 494
478 495
479 494
479 495
480 481
481 496
481 497
482 483
482 498
482 499
483 498
483 499
484 485
484 486
484 487
485 486
485 487
485 500
485 501
485 502
485 503
486 487
487 500
487 501
487 502
487 503
488 489
489 504
489 505
490 491
491 506
491 507
492 493
492 508
492 509
493 508
493 509
494 495
494 510
494 511
495 510
495 511
496 497
497 512
497 513
498 499
498 514
498 515
499 514
499 515
500 501
500 502
500 503
501 502
501 503
501 516
501 517
501 518
501 519
502 503
503 516
503 517
503 518
503 519
504 505
505 520
505 521
506 507
507 522
507 523
508 509
508 524
508 525
509 524
509 525
510 511
510 526
510 527
511 526
511 527
512 513
513 528
513 529
514 515
514 530
514 531
515 530
515 531
516 517
516 518
516 519
517 518
517 519
517 532
517 533
517 534
517 535
518 519
519 532
519 533
519 534
519 535
520 521
521 536
521 537
522 523
523 538
523 539
524 525
524 540
524 541
525 540
525 541
526 527
526 542
526 543
527 542
527 543
528 529
529 544
529 545
530 531
530 546
530 547
531 546
531 547
532 533
532 534
532 535
533 534
533 535
533 548
533 549
533 550
533 551
534 535
535 548
535 549
535 550
535 551
536 537
537 552
537 553
538 539
539 554
539 555
540 541
540 556
540 557
541 556
541 557
542 543
542 558
542 559
543 558
543 559
544 545
545 560
545 561
546 547
546 562
546 563
547 562
547 563
548 549
548 550
548 551
549 550
549 551
549 564
549 565
549 566
549 567
550 551
551 564
551 565
551 566
551 567
552 553
553 568
553 569
554 555
555 570
555 571
556 557
556 572
556 573
557 572
557 573
558 559
558 574
558 575
559 574
559 575
560 561
561 576
561 577
562 563
562 578
562 579
563 578
563 579
564 565
564 566
564 567
565 566
565 567
565 580
565 581
565 582
565 583
566 567
567 580
567 581
567 582
567 583
568 569
569 584
569 585
570 571
571 586
571 587
572 573
572 588
572 589
573 588
573 589
574 575
574 590
574 591
575 590
575 591
576 577
577 592
577 593
578 579
578 594
578 595
579 594
579 595
580 581
580 582
580 583
581 582
581 583
581 596
581 597
581 598
581 599
582 583
583 596
583 597
583 598
583 599
584 585
585 600
585 601
586 587
587 602
587 603
588 589
588 604
588 605
589 604
589 605
590 591
590 606
590 607
591 606
591 607
592 593
593 608
593 609
594 595
594 610
594 611
595 610
595 611
596 597
596 598
596 599
597 598
597 599
597 612
597 613
597 614
597 615
598 599
599 612
599 613
599 614
599 615
600 601
601 616
601 617
602 603
603 618
603 619
604 605
604 620
604 621
605 620
605 621
606 607
606 622
606 623
607 622
607 623
608 609
609 624
609 625
610 611
610 626
610 627
611 626
611 627
612 613
612 614
612 615
613 614
613 615
613 628
613 629
613 630
613 631
614 615
615 628
615 629
615 630
615 631
616 617
617 632
617 633
618 619
619 634
619 635
620 621
620 636
620 637
621 636
621 637
622 623
622 638
622 639
623 638
623 639
624 625
625 640
625 641
626 627
626 642
626 643
627 642
627 643
628 629
628 630
628 631
629 630
629 631
629 644
629 645
629 646
629 647
630 631
631 644
631 645
631 646
631 647
632 633
633 648
633 649
634 635
635 650
635 651
636 637
636 652
636 653
637 652
637 653
638 639
638 654
638 655
639 654
639 655
640 641
641 656
641 657
642 643
642 658
642 659
643 658
643 659
644 645
644 646
644 647
645 646
645 647
645 660
645 661
645 662
645 663
646 647
647 660
647 661
647 662
647 663
648 649
649 664
649 665
650 651
651 666
651 667
652 653
652 668
652 669
653 668
653 669
654 655
654 670
654 671
655 670
655 671
656 657
657 672
657 673
658 659
658 674
658 675
659 674
659 675
660 661
660 662
660 663
661 662
661 663
661 676
661 677
661 678
661 679
662 663
663 676
663 677
663 678
663 679
664 665
665 680
665 681
666 667
667 682
667 683
668 669
668 684
668 685
669 684
669 685
670 671
670 686
670 687
671 686
671 687
672 673
673 688
673 689
674 675
674 690
674 691
675 690
675 691
676 677
676 678
676 679
677 678
677 679
677 692
677 693
677 694
677 695
678 679
679 692
679 693
679 694
679 695
680 681
681 696
681 697
682 683
683 698
683 699
684 685
684 700
684 701
685 700
685 701
686 687
686 702
686 703
687 702
687 703
688 689
689 704
689 705
690 691
690 706
690 707
691 706
691 707
692 693
692 694
692 695
693 694
693 695
693 708
693 709
693 710
693 711
694 695
695 708
695 709
695 710
695 711
696 697
697 712
697 713
698 699
699 714
699 715
700 701
700 716
700 717
701 716
701 717
702 703
702 718
702 719
703 718
703 719
704 705
705 720
705 721
706 707
706 722
706 723
707 722
707 723
708 709
708 710
708 711
709 710
709 711
709 724
709 725
709 726
709 727
710 711
711 724
711 725
711 726
711 727
712 713
713 728
713 729
714 715
715 730
715 731
716 717
716 732
716 733
717 732
717 733
718 719
718 734
718 735
719 734
719 735
720 721
721 736
721 737
722 723
722 738
722 739
723 738
723 739
724 725
724 726
724 727
725 726
725 727
725 740
725 741
725 742
725 743
726 727
727 740
727 741
727 742
727 743
728 729
729 744
729 745
730 731
731 746
731 747
732 733
732 748
732 749
733 748
733 749
734 735
734 750
734 751
735 750
735 751
736 737
737 752
737 753
738 739
738 754
738 755
739 754
739 755
740 741
740 742
740 743
741 742
741 743
741 756
741 757
741 758
741 759
742 743
743 756
743 757
743 758
743 759
744 745
745 760
745 761
746 747
747 762
747 763
748 749
748 764
748 765
749 764
749 765
750 751
750 766
750 767
751 766
751 767
752 753
753 768
753 769
754 755
754 770
754 771
755 770
755 771
756 757
756 758
756 759
757 758
757 759
757 772
757 773
757 774
757 775
758 759
759 772
759 773
759 774
759 775
760 761
761 776
761 777
762 763
763 778
763 779
764 765
764 780
764 781
765 780
765 781
766 767
766 782
766 783
767 782
767 783
768 769
769 784
769 785
770 771
770 786
770 787
771 786
771 787
772 773
772 774
772 775
773 774
773 775
773 788
773 789
773 790
773 791
774 775
775 788
775 789
775 790
775 791
776 777
777 792
777 793
778 779
779 794
779 795
780 781
780 796
780 797
781 796
781 797
782 783
782 798
782 799
783 798
783 799
784 785
785 800
785 801
786 787
786 802
786 803
787 802
787 803
788 789
788 790
788 791
789 790
789 791
789 804
789 805
789 806
789 807
790 791
791 804
791 805
791 806
791 807
792 793
793 808
793 809
794 795
795 810
795 811
796 797
796 812
796 813
797 812
797 813
798 799
798 814
798 815
799 814
799 815
800 801
801 816
801 817
802 803
802 818
802 819
803 818
803 819
804 805
804 806
804 807
805 806
805 807
805 820
805 821
805 822
805 823
806 807
807 820
807 821
807 822
807 823
808 809
809 824
809 825
810 811
811 826
811 827
812 813
812 828
812 829
813 828
813 829
814 815
814 830
814 831
815 830
815 831
816 817
817 832
817 833
818 819
818 834
818 835
819 834
819 835
820 821
820 822
820 823
821 822
821 823
821 836
821 837
821 838
821 839
822 823
823 836
823 837
823 838
823 839
824 825
825 840
825 841
826 827
827 842
827 843
828 829
828 844
828 845
829 844
829 845
830 831
830 846
830 847
831 846
831 847
832 833
833 848
833 849
834 835
834 850
834 851
835 850
835 851
836 837
836 838
836 839
837 838
837 839
837 852
837 853
837 854
837 855
838 839
839 852
839 853
839 854
839 855
840 841
841 856
841 857
842 843
843 858
843 859
844 845
844 860
844 861
845 860
845 861
846 847
846 862
846 863
847 862
847 863
848 849
849 864
849 865
850 851
850 866
850 867
851 866
851 867
852 853
852 854
852 855
853 854
853 855
853 868
853 869
853 870
853 871
854 855
855 868
855 869
855 870
855 871
856 857
857 872
857 873
858 859
859 874
859 875
860 861
860 876
860 877
861 876
861 877
862 863
862 878
862 879
863 878
863 879
864 865
865 880
865 881
866 867
866 882
866 883
867 882
867 883
868 869
868 870
868 871
869 870
869 871
869 884
869 885
869 886
869 887
870 871
871 884
871 885
871 886
871 887
872 873
873 888
873 889
874 875
875 890
875 891
876 877
876 892
876 893
877 892
877 893
878 879
878 894
878 895
879 894
879 895
880 881
881 896
881 897
882 883
882 898
882 899
883 898
883 899
884 885
884 886
884 887
885 886
885 887
885 900
885 901
885 902
885 903
886 887
887 900
887 901
887 902
887 903
888 889
889 904
889 905
890 891
891 906
891 907
892 893
892 908
892 909
893 908
893 909
894 895
894 910
894 911
895 910
895 911
896 897
897 912
897 913
898 899
898 914
898 915
899 914
899 915
900 901
900 902
900 903
901 902
901 903
901 916
901 917
901 918
901 919
902 903
903 916
903 917
903 918
903 919
904 905
905 920
905 921
906 907
907 922
907 923
908 909
908 924
908 925
909 924
909 925
910 911
910 926
910 927
911 926
911 927
912 913
913 928
913 929
914 915
914 930
914 931
915 930
915 931
916 917
916 918
916 919
917 918
917 919
917 932
917 933
917 934
917 935
918 919
919 932
919 933
919 934
919 935
920 921
921 936
921 937
922 923
923 938
923 939
924 925
924 940
924 941
925 940
925 941
926 927
926 942
926 943
927 942
927 943
928 929
929 944
929 945
930 931
930 946
930 947
931 946
931 947
932 933
932 934
932 935
933 934
933 935
933 948
933 949
933 950
933 951
934 935
935 948
935 949
935 950
935 951
936 937
937 952
937 953
938 939
939 954
939 955
940 941
940 956
940 957
941 956
941 957
942 943
942 958
942 959
943 958
943 959
944 945
945 960
945 961
946 947
946 962
946 963
947 962
947 963
948 949
948 950
948 951
949 950
949 951
949 964
949 965
949 966
949 967
950 951
951 964
951 965
951 966
951 967
952 953
953 968
953 969
954 955
955 970
955 971
956 957
956 972
956 973
957 972
957 973
958 959
958 974
958 975
959 974
959 975
960 961
961 976
961 977
962 963
962 978
962 979
963 978
963 979
964 965
964 966
964 967
965 966
965 967
965 980
965 981
965 982
965 983
966 967
967 980
967 981
967 982
967 983
968 969
969 984
969 985
970 971
971 986
971 987
972 973
972 988
972 989
973 988
973 989
974 975
974 990
974 991
975 990
975 991
976 977
977 992
977 993
978 979
978 994
978 995
979 994
979 995
980 981
980 982
980 983
981 982
981 983
981 996
981 997
981 998
981 999
982 983
983 996
983 997
983 998
983 999
984 985
985 1000
985 1001
986 987
987 1002
987 1003
988 989
988 1004
988 1005
989 1004
989 1005
990 991
990 1006
990 1007
991 1006
991 1007
992 993
993 1008
993 1009
994 995
994 1010
994 1011
995 1010
995 1011
996 997
996 998
996 999
997 998
997 999
997 1012
997 1013
997 1014
997 1015
998 999
999 1012
999 1013
999 1014
999 1015
1000 1001
1001 1016
1001 1017
1002 1003
1003 1018
1003 1019
1004 1005
1004 1020
1004 1021
1005 1020
1005 1021
1006 1007
1006 1022
1006 1023
1007 1022
1007 1023
1008 1009
1009 1024
1009 1025
1010 1011
1010 1026
1010 1027
1011 1026
1011 1027
1012 1013
1012 1014
1012 1015
1013 1014
1013 1015
1013 1028
1013 1029
1013 1030
1013 1031
1014 1015
1015 1028
1015 1029
1015 1030
1015 1031
1016 1017
1017 1032
1017 1033
1018 1019
1019 1034
1019 1035
1020 1021
1020 1036
1020 1037
1021 1036
1021 1037
1022 1023
1022 1038
1022 1039
1023 1038
1023 1039
1024 1025
1025 1040
1025 1041
1026 1027
1026 1042
1026 1043
1027 1042
1027 1043
1028 1029
1028 1030
1028 1031
1029 1030
1029 1031
1029 1044
1029 1045
1029 1046
1029 1047
1030 1031
1031 1044
1031 1045
1031 1046
1031 1047
1032 1033
1033 1048
1033 1049
1034 1035
1035 1050
1035 1051
1036 1037
1036 1052
1036 1053
1037 1052
1037 1053
1038 1039
1038 1054
1038 1055
1039 1054
1039 1055
1040 1041
1041 1056
1041 1057
1042 1043
1042 1058
1042 1059
1043 1058
1043 1059
1044 1045
1044 1046
1044 1047
1045 1046
1045 1047
1045 1060
1045 1061
1045 1062
1045 1063
1046 1047
1047 1060
1047 1061
1047 1062
1047 1063
1048 1049
1049 1064
1049 1065
1050 1051
1051 1066
1051 1067
1052 1053
1052 1068
1052 1069
1053 1068
1053 1069
1054 1055
1054 1070
1054 1071
1055 1070
1055 1071
1056 1057
1057 1072
1057 1073
1058 1059
1058 1074
1058 1075
1059 1074
1059 1075
1060 1061
1060 1062
1060 1063
1061 1062
1061 1063
1061 1076
1061 1077
1061 1078
1061 1079
1062 1063
1063 1076
1063 1077
1063 1078
1063 1079
1064 1065
1065 1080
1065 1081
1066 1067
1067 1082
1067 1083
1068 1069
1068 1084
1068 1085
1069 1084
1069 1085
1070 1071
1070 1086
1070 1087
1071 1086
1071 1087
1072 1073
1073 1088
1073 1089
1074 1075
1074 1090
1074 1091
1075 1090
1075 1091
1076 1077
1076 1078
1076 1079
1077 1078
1077 1079
1077 1092
1077 1093
1077 1094
1077 1095
1078 1079
1079 1092
1079 1093
1079 1094
1079 1095
1080 1081
1081 1096
1081 1097
1082 1083
1083 1098
1083 1099
1084 1085
1084 1100
1084 1101
1085 1100
1085 1101
1086 1087
1086 1102
1086 1103
1087 1102
1087 1103
1088 1089
1089 1104
1089 1105
1090 1091
1090 1106
1090 1107
1091 1106
1091 1107
1092 1093
1092 1094
1092 1095
1093 1094
1093 1095
1093 1108
1093 1109
1093 1110
1093 1111
1094 1095
1095 1108
1095 1109
1095 1110
1095 1111
1096 1097
1097 1112
1097 1113
1098 1099
1099 1114
1099 1115
1100 1101
1100 1116
1100 1117
1101 1116
1101 1117
1102 1103
1102 1118
1102 1119
1103 1118
1103 1119
1104 1105
1105 1120
1105 1121
1106 1107
1106 1122
1106 1123
1107 1122
1107 1123
1108 1109
1108 1110
1108 1111
1109 1110
1109 1111
1109 1124
1109 1125
1109 1126
1109 1127
1110 1111
1111 1124
1111 1125
1111 1126
1111 1127
1112 1113
1113 1128
1113 1129
1114 1115
1115 1130
1115 1131
1116 1117
1116 1132
1116 1133
1117 1132
1117 1133
1118 1119
1118 1134
1118 1135
1119 1134
1119 1135
1120 1121
1121 1136
1121 1137
1122 1123
1122 1138
1122 1139
1123 1138
1123 1139
1124 1125
1124 1126
1124 1127
1125 1126
1125 1127
1125 1140
1125 1141
1125 1142
1125 1143
1126 1127
1127 1140
1127 1141
1127 1142
1127 1143
1128 1129
1129 1144
1129 1145
1130 1131
1131 1146
1131 1147
1132 1133
1132 1148
1132 1149
1133 1148
1133 1149
1134 1135
1134 1150
1134 1151
1135 1150
1135 1151
1136 1137
1137 1152
1137 1153
1138 1139
1138 1154
1138 1155
1139 1154
1139 1155
1140 1141
1140 1142
1140 1143
1141 1142
1141 1143
1141 1156
1141 1157
1141 1158
1141 1159
1142 1143
1143 1156
1143 1157
1143 1158
1143 1159
1144 1145
1145 1160
1145 1161
1146 1147
1147 1162
1147 1163
1148 1149
1148 1164
1148 1165
1149 1164
1149 1165
1150 1151
1150 1166
1150 1167
1151 1166
1151 1167
1152 1153
1153 1168
1153 1169
1154 1155
1154 1170
1154 1171
1155 1170
1155 1171
1156 1157
1156 1158
1156 1159
1157 1158
1157 1159
1157 1172
1157 1173
1157 1174
1157 1175
1158 1159
1159 1172
1159 1173
1159 1174
1159 1175
1160 1161
1161 1176
1161 1177
1162 1163
1163 1178
1163 1179
1164 1165
1164 1180
1164 1181
1165 1180
1165 1181
1166 1167
1166 1182
1166 1183
1167 1182
1167 1183
1168 1169
1169 1184
1169 1185
1170 1171
1170 1186
1170 1187
1171 1186
1171 1187
1172 1173
1172 1174
1172 1175
1173 1174
1173 1175
1173 1188
1173 1189
1173 1190
1173 1191
1174 1175
1175 1188
1175 1189
1175 1190
1175 1191
1176 1177
1177 1192
1177 1193
1178 1179
1179 1194
1179 1195
1180 1181
1180 1196
1180 1197
1181 1196
1181 1197
1182 1183
1182 1198
1182 1199
1183 1198
1183 1199
1184 1185
1185 1200
1185 1201
1186 1187
1186 1202
1186 1203
1187 1202
1187 1203
1188 1189
1188 1190
1188 1191
1189 1190
1189 1191
1189 1204
1189 1205
1189 1206
1189 1207
1190 1191
1191 1204
1191 1205
1191 1206
1191 1207
1192 1193
1193 1208
1193 1209
1194 1195
1195 1210
1195 1211
1196 1197
1196 1212
1196 1213
1197 1212
1197 1213
1198 1199
1198 1214
1198 1215
1199 1214
1199 1215
1200 1201
1201 1216
1201 1217
1202 1203
1202 1218
1202 1219
1203 1218
1203 1219
1204 1205
1204 1206
1204 1207
1205 1206
1205 1207
1205 1220
1205 1221
1205 1222
1205 1223
1206 1207
1207 1220
1207 1221
1207 1222
1207 1223
1208 1209
1209 1224
1209 1225
1210 1211
1211 1226
1211 1227
1212 1213
1212 1228
1212 1229
1213 1228
1213 1229
1214 1215
1214 1230
1214 1231
1215 1230
1215 1231
1216 1217
1217 1232
1217 1233
1218 1219
1218 1234
1218 1235
1219 1234
1219 1235
1220 1221
1220 1222
1220 1223
1221 1222
1221 1223
1221 1236
1221 1237
1221 1238
1221 1239
1222 1223
1223 1236
1223 1237
1223 1238
1223 1239
1224 1225
1225 1240
1225 1241
1226 1227
1227 1242
1227 1243
1228 1229
1228 1244
1228 1245
1229 1244
1229 1245
1230 1231
1230 1246
1230 1247
1231 1246
1231 1247
1232 1233
1233 1248
1233 1249
1234 1235
1234 1250
1234 1251
1235 1250
1235 1251
1236 1237
1236 1238
1236 1239
1237 1238
1237 1239
1237 1252
1237 1253
1237 1254
1237 1255
1238 1239
1239 1252
1239 1253
1239 1254
1239 1255
1240 1241
1241 1256
1241 1257
1242 1243
1243 1258
1243 1259
1244 1245
1244 1260
1244 1261
1245 1260
1245 1261
1246 1247
1246 1262
1246 1263
1247 1262
1247 1263
1248 1249
1249 1264
1249 1265
1250 1251
1250 1266
1250 1267
1251 1266
1251 1267
1252 1253
1252 1254
1252 1255
1253 1254
1253 1255
1253 1268
1253 1269
1253 1270
1253 1271
1254 1255
1255 1268
1255 1269
1255 1270
1255 1271
1256 1257
1257 1272
1257 1273
1258 1259
1259 1274
1259 1275
1260 1261
1260 1276
1260 1277
1261 1276
1261 1277
1262 1263
1262 1278
1262 1279
1263 1278
1263 1279
1264 1265
1265 1280
1265 1281
1266 1267
1266 1282
1266 1283
1267 1282
1267 1283
1268 1269
1268 1270
1268 1271
1269 1270
1269 1271
1269 1284
1269 1285
1269 1286
1269 1287
1270 1271
1271 1284
1271 1285
1271 1286
1271 1287
1272 1273
1273 1288
1273 1289
1274 1275
1275 1290
1275 1291
1276 1277
1276 1292
1276 1293
1277 1292
1277 1293
1278 1279
1278 1294
1278 1295
1279 1294
1279 1295
1280 1281
1281 1296
1281 1297
1282 1283
1282 1298
1282 1299
1283 1298
1283 1299
1284 1285
1284 1286
1284 1287
1285 1286
1285 1287
1285 1300
1285 1301
1285 1302
1285 1303
1286 1287
1287 1300
1287 1301
1287 1302
1287 1303
1288 1289
1289 1304
1289 1305
1290 1291
1291 1306
1291 1307
1292 1293
1292 1308
1292 1309
1293 1308
1293 1309
1294 1295
1294 1310
1294 1311
1295 1310
1295 1311
1296 1297
1297 1312
1297 1313
1298 1299
1298 1314
1298 1315
1299 1314
1299 1315
1300 1301
1300 1302
1300 1303
1301 1302
1301 1303
1301 1316
1301 1317
1301 1318
1301 1319
1302 1303
1303 1316
1303 1317
1303 1318
1303 1319
1304 1305
1305 1320
1305 1321
1306 1307
1307 1322
1307 1323
1308 1309
1308 1324
1308 1325
1309 1324
1309 1325
1310 1311
1310 1326
1310 1327
1311 1326
1311 1327
1312 1313
1313 1328
1313 1329
1314 1315
1314 1330
1314 1331
1315 1330
1315 1331
1316 1317
1316 1318
1316 1319
1317 1318
1317 1319
1317 1332
1317 1333
1317 1334
1317 1335
1318 1319
1319 1332
1319 1333
1319 1334
1319 1335
1320 1321
1321 1336
1321 1337
1322 1323
1323 1338
1323 1339
1324 1325
1324 1340
1324 1341
1325 1340
1325 1341
1326 1327
1326 1342
1326 1343
1327 1342
1327 1343
1328 1329
1329 1344
1329 1345
1330 1331
1330 1346
1330 1347
1331 1346
1331 1347
1332 1333
1332 1334
1332 1335
1333 1334
1333 1335
1333 1348
1333 1349
1333 1350
1333 1351
1334 1335
1335 1348
1335 1349
1335 1350
1335 1351
1336 1337
1337 1352
1337 1353
1338 1339
1339 1354
1339 1355
1340 1341
1340 1356
1340 1357
1341 1356
1341 1357
1342 1343
1342 1358
1342 1359
1343 1358
1343 1359
1344 1345
1345 1360
1345 1361
1346 1347
1346 1362
1346 1363
1347 1362
1347 1363
1348 1349
1348 1350
1348 1351
1349 1350
1349 1351
1349 1364
1349 1365
1349 1366
1349 1367
1350 1351
1351 1364
1351 1365
1351 1366
1351 1367
1352 1353
1353 1368
1353 1369
1354 1355
1355 1370
1355 1371
1356 1357
1356 1372
1356 1373
1357 1372
1357 1373
1358 1359
1358 1374
1358 1375
1359 1374
1359 1375
1360 1361
1361 1376
1361 1377
1362 1363
1362 1378
1362 1379
1363 1378
1363 1379
1364 1365
1364 1366
1364 1367
1365 1366
1365 1367
1365 1380
1365 1381
1365 1382
1365 1383
1366 1367
1367 1380
1367 1381
1367 1382
1367 1383
1368 1369
1369 1384
1369 1385
1370 1371
1371 1386
1371 1387
1372 1373
1372 1388
1372 1389
1373 1388
1373 1389
1374 1375
1374 1390
1374 1391
1375 1390
1375 1391
1376 1377
1377 1392
1377 1393
1378 1379
1378 1394
1378 1395
1379 1394
1379 1395
1380 1381
1380 1382
1380 1383
1381 1382
1381 1383
1381 1396
1381 1397
1381 1398
1381 1399
1382 1383
1383 1396
1383 1397
1383 1398
1383 1399
1384 1385
1385 1400
1385 1401
1386 1387
1387 1402
1387 1403
1388 1389
1388 1404
1388 1405
1389 1404
1389 1405
1390 1391
1390 1406
1390 1407
1391 1406
1391 1407
1392 1393
1393 1408
1393 1409
1394 1395
1394 1410
1394 1411
1395 1410
1395 1411
1396 1397
1396 1398
1396 1399
1397 1398
1397 1399
1397 1412
1397 1413
1397 1414
1397 1415
1398 1399
1399 1412
1399 1413
1399 1414
1399 1415
1400 1401
1401 1416
1401 1417
1402 1403
1403 1418
1403 1419
1404 1405
1404 1420
1404 1421
1405 1420
1405 1421
1406 1407
1406 1422
1406 1423
1407 1422
1407 1423
1408 1409
1409 1424
1409 1425
1410 1411
1410 1426
1410 1427
1411 1426
1411 1427
1412 1413
1412 1414
1412 1415
1413 1414
1413 1415
1413 1428
1413 1429
1413 1430
1413 1431
1414 1415
1415 1428
1415 1429
1415 1430
1415 1431
1416 1417
1417 1432
1417 1433
1418 1419
1419 1434
1419 1435
1420 1421
1420 1436
1420 1437
1421 1436
1421 1437
1422 1423
1422 1438
1422 1439
1423 1438
1423 1439
1424 1425
1425 1440
1425 1441
1426 1427
1426 1442
1426 1443
1427 1442
1427 1443
1428 1429
1428 1430
1428 1431
1429 1430
1429 1431
1429 1444
1429 1445
1429 1446
1429 1447
1430 1431
1431 1444
1431 1445
1431 1446
1431 1447
1432 1433
1433 1448
1433 1449
1434 1435
1435 1450
1435 1451
1436 1437
1436 1452
1436 1453
1437 1452
1437 1453
1438 1439
1438 1454
1438 1455
1439 1454
1439 1455
1440 1441
1441 1456
1441 1457
1442 1443
1442 1458
1442 1459
1443 1458
1443 1459
1444 1445
1444 1446
1444 1447
1445 1446
1445 1447
1445 1460
1445 1461
1445 1462
1445 1463
1446 1447
1447 1460
1447 1461
1447 1462
1447 1463
1448 1449
1449 1464
1449 1465
1450 1451
1451 1466
1451 1467
1452 1453
1452 1468
1452 1469
1453 1468
1453 1469
1454 1455
1454 1470
1454 1471
1455 1470
1455 1471
1456 1457
1457 1472
1457 1473
1458 1459
1458 1474
1458 1475
1459 1474
1459 1475
1460 1461
1460 1462
1460 1463
1461 1462
1461 1463
1461 1476
1461 1477
1461 1478
1461 1479
1462 1463
1463 1476
1463 1477
1463 1478
1463 1479
1464 1465
1465 1480
1465 1481
1466 1467
1467 1482
1467 1483
1468 1469
1468 1484
1468 1485
1469 1484
1469 1485
1470 1471
1470 1486
1470 1487
1471 1486
1471 1487
1472 1473
1473 1488
1473 1489
1474 1475
1474 1490
1474 1491
1475 1490
1475 1491
1476 1477
1476 1478
1476 1479
1477 1478
1477 1479
1477 1492
1477 1493
1477 1494
1477 1495
1478 1479
1479 1492
1479 1493
1479 1494
1479 1495
1480 1481
1481 1496
1481 1497
1482 1483
1483 1498
1483 1499
1484 1485
1484 1500
1484 1501
1485 1500
1485 1501
1486 1487
1486 1502
1486 1503
1487 1502
1487 1503
1488 1489
1489 1504
1489 1505
1490 1491
1490 1506
1490 1507
1491 1506
1491 1507
1492 1493
1492 1494
1492 1495
1493 1494
1493 1495
1493 1508
1493 1509
1493 1510
1493 1511
1494 1495
1495 1508
1495 1509
1495 1510
1495 1511
1496 1497
1497 1512
1497 1513
1498 1499
1499 1514
1499 1515
1500 1501
1500 1516
1500 1517
1501 1516
1501 1517
1502 1503
1502 1518
1502 1519
1503 1518
1503 1519
1504 1505
1505 1520
1505 1521
1506 1507
1506 1522
1506 1523
1507 1522
1507 1523
1508 1509
1508 1510
1508 1511
1509 1510
1509 1511
1509 1524
1509 1525
1509 1526
1509 1527
1510 1511
1511 1524
1511 1525
1511 1526
1511 1527
1512 1513
1513 1528
1513 1529
1514 1515
1515 1530
1515 1531
1516 1517
1516 1532
1516 1533
1517 1532
1517 1533
1518 1519
1518 1534
1518 1535
1519 1534
1519 1535
1520 1521
1521 1536
1521 1537
1522 1523
1522 1538
1522 1539
1523 1538
1523 1539
1524 1525
1524 1526
1524 1527
1525 1526
1525 1527
1525 1540
1525 1541
1525 1542
1525 1543
1526 1527
1527 1540
1527 1541
1527 1542
1527 1543
1528 1529
1529 1544
1529 1545
1530 1531
1531 1546
1531 1547
1532 1533
1532 1548
1532 1549
1533 1548
1533 1549
1534 1535
1534 1550
1534 1551
1535 1550
1535 1551
1536 1537
1537 1552
1537 1553
1538 1539
1538 1554
1538 1555
1539 1554
1539 1555
1540 1541
1540 1542
1540 1543
1541 1542
1541 1543
1541 1556
1541 1557
1541 1558
1541 1559
1542 1543
1543 1556
1543 1557
1543 1558
1543 1559
1544 1545
1545 1560
1545 1561
1546 1547
1547 1562
1547 1563
1548 1549
1548 1564
1548 1565
1549 1564
1549 1565
1550 1551
1550 1566
1550 1567
1551 1566
1551 1567
1552 1553
1553 1568
1553 1569
1554 1555
1554 1570
1554 1571
1555 1570
1555 1571
1556 1557
1556 1558
1556 1559
1557 1558
1557 1559
1557 1572
1557 1573
1557 1574
1557 1575
1558 1559
1559 1572
1559 1573
1559 1574
1559 1575
1560 1561
1561 1576
1561 1577
1562 1563
1563 1578
1563 1579
1564 1565
1564 1580
1564 1581
1565 1580
1565 1581
1566 1567
1566 1582
1566 1583
1567 1582
1567 1583
1568 1569
1569 1584
1569 1585
1570 1571
1570 1586
1570 1587
1571 1586
1571 1587
1572 1573
1572 1574
1572 1575
1573 1574
1573 1575
1573 1588
1573 1589
1573 1590
1573 1591
1574 1575
1575 1588
1575 1589
1575 1590
1575 1591
1576 1577
1577 1592
1577 1593
1578 1579
1579 1594
1579 1595
1580 1581
1580 1596
1580 1597
1581 1596
1581 1597
1582 1583
1582 1598
1582 1599
1583 1598
1583 1599
1584 1585
1585 1600
1585 1601
1586 1587
1586 1602
1586 1603
1587 1602
1587 1603
1588 1589
1588 1590
1588 1591
1589 1590
1589 1591
1589 1604
1589 1605
1589 1606
1589 1607
1590 1591
1591 1604
1591 1605
1591 1606
1591 1607
1592 1593
1593 1608
1593 1609
1594 1595
1595 1610
1595 1611
1596 1597
1596 1612
1596 1613
1597 1612
1597 1613
1598 1599
1598 1614
1598 1615
1599 1614
1599 1615
1600 1601
1601 1616
1601 1617
1602 1603
1602 1618
1602 1619
1603 1618
1603 1619
1604 1605
1604 1606
1604 1607
1605 1606
1605 1607
1605 1620
1605 1621
1605 1622
1605 1623
1606 1607
1607 1620
1607 1621
1607 1622
1607 1623
1608 1609
1609 1624
1609 1625
1610 1611
1611 1626
1611 1627
1612 1613
1612 1628
1612 1629
1613 1628
1613 1629
1614 1615
1614 1630
1614 1631
1615 1630
1615 1631
1616 1617
1617 1632
1617 1633
1618 1619
1618 1634
1618 1635
1619 1634
1619 1635
1620 1621
1620 1622
1620 1623
1621 1622
1621 1623
1621 1636
1621 1637
1621 1638
1621 1639
1622 1623
1623 1636
1623 1637
1623 1638
1623 1639
1624 1625
1625 1640
1625 1641
1626 1627
1627 1642
1627 1643
1628 1629
1628 1644
1628 1645
1629 1644
1629 1645
1630 1631
1630 1646
1630 1647
1631 1646
1631 1647
1632 1633
1633 1648
1633 1649
1634 1635
1634 1650
1634 1651
1635 1650
1635 1651
1636 1637
1636 1638
1636 1639
1637 1638
1637 1639
1637 1652
1637 1653
1637 1654
1637 1655
1638 1639
1639 1652
1639 1653
1639 1654
1639 1655
1640 1641
1641 1656
1641 1657
1642 1643
1643 1658
1643 1659
1644 1645
1644 1660
1644 1661
1645 1660
1645 1661
1646 1647
1646 1662
1646 1663
1647 1662
1647 1663
1648 1649
1649 1664
1649 1665
1650 1651
1650 1666
1650 1667
1651 1666
1651 1667
1652 1653
1652 1654
1652 1655
1653 1654
1653 1655
1653 1668
1653 1669
1653 1670
1653 1671
1654 1655
1655 1668
1655 1669
1655 1670
1655 1671
1656 1657
1657 1672
1657 1673
1658 1659
1659 1674
1659 1675
1660 1661
1660 1676
1660 1677
1661 1676
1661 1677
1662 1663
1662 1678
1662 1679
1663 1678
1663 1679
1664 1665
1665 1680
1665 1681
1666 1667
1666 1682
1666 1683
1667 1682
1667 1683
1668 1669
1668 1670
1668 1671
1669 1670
1669 1671
1669 1684
1669 1685
1669 1686
1669 1687
1670 1671
1671 1684
1671 1685
1671 1686
1671 1687
1672 1673
1673 1688
1673 1689
1674 1675
1675 1690
1675 1691
1676 1677
1676 1692
1676 1693
1677 1692
1677 1693
1678 1679
1678 1694
1678 1695
1679 1694
1679 1695
1680 1681
1681 1696
1681 1697
1682 1683
1682 1698
1682 1699
1683 1698
1683 1699
1684 1685
1684 1686
1684 1687
1685 1686
1685 1687
1685 1700
1685 1701
1685 1702
1685 1703
1686 1687
1687 1700
1687 1701
1687 1702
1687 1703
1688 1689
1689 1704
1689 1705
1690 1691
1691 1706
1691 1707
1692 1693
1692 1708
1692 1709
1693 1708
1693 1709
1694 1695
1694 1710
1694 1711
1695 1710
1695 1711
1696 1697
1697 1712
1697 1713
1698 1699
1698 1714
1698 1715
1699 1714
1699 1715
1700 1701
1700 1702
1700 1703
1701 1702
1701 1703
1701 1716
1701 1717
1701 1718
1701 1719
1702 1703
1703 1716
1703 1717
1703 1718
1703 1719
1704 1705
1705 1720
1705 1721
1706 1707
1707 1722
1707 1723
1708 1709
1708 1724
1708 1725
1709 1724
1709 1725
1710 1711
1710 1726
1710 1727
1711 1726
1711 1727
1712 1713
1713 1728
1713 1729
1714 1715
1714 1730
1714 1731
1715 1730
1715 1731
1716 1717
1716 1718
1716 1719
1717 1718
1717 1719
1717 1732
1717 1733
1717 1734
1717 1735
1718 1719
1719 1732
1719 1733
1719 1734
1719 1735
1720 1721
1721 1736
1721 1737
1722 1723
1723 1738
1723 1739
1724 1725
1724 1740
1724 1741
1725 1740
1725 1741
1726 1727
1726 1742
1726 1743
1727 1742
1727 1743
1728 1729
1729 1744
1729 1745
1730 1731
1730 1746
1730 1747
1731 1746
1731 1747
1732 1733
1732 1734
1732 1735
1733 1734
1733 1735
1733 1748
1733 1749
1733 1750
1733 1751
1734 1735
1735 1748
1735 1749
1735 1750
1735 1751
1736 1737
1737 1752
1737 1753
1738 1739
1739 1754
1739 1755
1740 1741
1740 1756
1740 1757
1741 1756
1741 1757
1742 1743
1742 1758
1742 1759
1743 1758
1743 1759
1744 1745
1745 1760
1745 1761
1746 1747
1746 1762
1746 1763
1747 1762
1747 1763
1748 1749
1748 1750
1748 1751
1749 1750
1749 1751
1749 1764
1749 1765
1749 1766
1749 1767
1750 1751
1751 1764
1751 1765
1751 1766
1751 1767
1752 1753
1753 1768
1753 1769
1754 1755
1755 1770
1755 1771
1756 1757
1756 1772
1756 1773
1757 1772
1757 1773
1758 1759
1758 1774
1758 1775
1759 1774
1759 1775
1760 1761
1761 1776
1761 1777
1762 1763
1762 1778
1762 1779
1763 1778
1763 1779
1764 1765
1764 1766
1764 1767
1765 1766
1765 1767
1765 1780
1765 1781
1765 1782
1765 1783
1766 1767
1767 1780
1767 1781
1767 1782
1767 1783
1768 1769
1769 1784
1769 1785
1770 1771
1771 1786
1771 1787
1772 1773
1772 1788
1772 1789
1773 1788
1773 1789
1774 1775
1774 1790
1774 1791
1775 1790
1775 1791
1776 1777
1777 1792
1777 1793
1778 1779
1778 1794
1778 1795
1779 1794
1779 1795
1780 1781
1780 1782
1780 1783
1781 1782
1781 1783
1781 1796
1781 1797
1781 1798
1781 1799
1782 1783
1783 1796
1783 1797
1783 1798
1783 1799
1784 1785
1785 1800
1785 1801
1786 1787
1787 1802
1787 1803
1788 1789
1788 1804
1788 1805
1789 1804
1789 1805
1790 1791
1790 1806
1790 1807
1791 1806
1791 1807
1792 1793
1793 1808
1793 1809
1794 1795
1794 1810
1794 1811
1795 1810
1795 1811
1796 1797
1796 1798
1796 1799
1797 1798
1797 1799
1797 1812
1797 1813
1797 1814
1797 1815
1798 1799
1799 1812
1799 1813
1799 1814
1799 1815
1800 1801
1801 1816
1801 1817
1802 1803
1803 1818
1803 1819
1804 1805
1804 1820
1804 1821
1805 1820
1805 1821
1806 1807
1806 1822
1806 1823
1807 1822
1807 1823
1808 1809
1809 1824
1809 1825
1810 1811
1810 1826
1810 1827
1811 1826
1811 1827
1812 1813
1812 1814
1812 1815
1813 1814
1813 1815
1813 1828
1813 1829
1813 1830
1813 1831
1814 1815
1815 1828
1815 1829
1815 1830
1815 1831
1816 1817
1817 1832
1817 1833
1818 1819
1819 1834
1819 1835
1820 1821
1820 1836
1820 1837
1821 1836
1821 1837
1822 1823
1822 1838
1822 1839
1823 1838
1823 1839
1824 1825
1825 1840
1825 1841
1826 1827
1826 1842
1826 1843
1827 1842
1827 1843
1828 1829
1828 1830
1828 1831
1829 1830
1829 1831
1829 1844
1829 1845
1829 1846
1829 1847
1830 1831
1831 1844
1831 1845
1831 1846
1831 1847
1832 1833
1833 1848
1833 1849
1834 1835
1835 1850
1835 1851
1836 1837
1836 1852
1836 1853
1837 1852
1837 1853
1838 1839
1838 1854
1838 1855
1839 1854
1839 1855
1840 1841
1841 1856
1841 1857
1842 1843
1842 1858
1842 1859
1843 1858
1843 1859
1844 1845
1844 1846
1844 1847
1845 1846
1845 1847
1845 1860
1845 1861
1845 1862
1845 1863
1846 1847
1847 1860
1847 1861
1847 1862
1847 1863
1848 1849
1849 1864
1849 1865
1850 1851
1851 1866
1851 1867
1852 1853
1852 1868
1852 1869
1853 1868
1853 1869
1854 1855
1854 1870
1854 1871
1855 1870
1855 1871
1856 1857
1857 1872
1857 1873
1858 1859
1858 1874
1858 1875
1859 1874
1859 1875
1860 1861
1860 1862
1860 1863
1861 1862
1861 1863
1861 1876
1861 1877
1861 1878
1861 1879
1862 1863
1863 1876
1863 1877
1863 1878
1863 1879
1864 1865
1865 1880
1865 1881
1866 1867
1867 1882
1867 1883
1868 1869
1868 1884
1868 1885
1869 1884
1869 1885
1870 1871
1870 1886
1870 1887
1871 1886
1871 1887
1872 1873
1873 1888
1873 1889
1874 1875
1874 1890
1874 1891
1875 1890
1875 1891
1876 1877
1876 1878
1876 1879
1877 1878
1877 1879
1877 1892
1877 1893
1877 1894
1877 1895
1878 1879
1879 1892
1879 1893
1879 1894
1879 1895
1880 1881
1881 1896
1881 1897
1882 1883
1883 1898
1883 1899
1884 1885
1884 1900
1884 1901
1885 1900
1885 1901
1886 1887
1886 1902
1886 1903
1887 1902
1887 1903
1888 1889
1889 1904
1889 1905
1890 1891
1890 1906
1890 1907
1891 1906
1891 1907
1892 1893
1892 1894
1892 1895
1893 1894
1893 1895
1893 1908
1893 1909
1893 1910
1893 1911
1894 1895
1895 1908
1895 1909
1895 1910
1895 1911
1896 1897
1897 1912
1897 1913
1898 1899
1899 1914
1899 1915
1900 1901
1900 1916
1900 1917
1901 1916
1901 1917
1902 1903
1902 1918
1902 1919
1903 1918
1903 1919
1904 1905
1905 1920
1905 1921
1906 1907
1906 1922
1906 1923
1907 1922
1907 1923
1908 1909
1908 1910
1908 1911
1909 1910
1909 1911
1909 1924
1909 1925
1909 1926
1909 1927
1910 1911
1911 1924
1911 1925
1911 1926
1911 1927
1912 1913
1913 1928
1913 1929
1914 1915
1915 1930
1915 1931
1916 1917
1916 1932
1916 1933
1917 1932
1917 1933
1918 1919
1918 1934
1918 1935
1919 1934
1919 1935
1920 1921
1921 1936
1921 1937
1922 1923
1922 1938
1922 1939
1923 1938
1923 1939
1924 1925
1924 1926
1924 1927
1925 1926
1925 1927
1925 1940
1925 1941
1925 1942
1925 1943
1926 1927
1927 1940
1927 1941
1927 1942
1927 1943
1928 1929
1929 1944
1929 1945
1930 1931
1931 1946
1931 1947
1932 1933
1932 1948
1932 1949
1933 1948
1933 1949
1934 1935
1934 1950
1934 1951
1935 1950
1935 1951
1936 1937
1937 1952
1937 1953
1938 1939
1938 1954
1938 1955
1939 1954
1939 1955
1940 1941
1940 1942
1940 1943
1941 1942
1941 1943
1941 1956
1941 1957
1941 1958
1941 1959
1942 1943
1943 1956
1943 1957
1943 1958
1943 1959
1944 1945
1945 1960
1945 1961
1946 1947
1947 1962
1947 1963
1948 1949
1948 1964
1948 1965
1949 1964
1949 1965
1950 1951
1950 1966
1950 1967
1951 1966
1951 1967
1952 1953
1953 1968
1953 1969
1954 1955
1954 1970
1954 1971
1955 1970
1955 1971
1956 1957
1956 1958
1956 1959
1957 1958
1957 1959
1957 1972
1957 1973
1957 1974
1957 1975
1958 1959
1959 1972
1959 1973
1959 1974
1959 1975
1960 1961
1961 1976
1961 1977
1962 1963
1963 1978
1963 1979
1964 1965
1964 1980
1964 1981
1965 1980
1965 1981
1966 1967
1966 1982
1966 1983
1967 1982
1967 1983
1968 1969
1969 1984
1969 1985
1970 1971
1970 1986
1970 1987
1971 1986
1971 1987
1972 1973
1972 1974
1972 1975
1973 1974
1973 1975
1973 1988
1973 1989
1973 1990
1973 1991
1974 1975
1975 1988
1975 1989
1975 1990
1975 1991
1976 1977
1977 1992
1977 1993
1978 1979
1979 1994
1979 1995
1980 1981
1980 1996
1980 1997
1981 1996
1981 1997
1982 1983
1982 1998
1982 1999
1983 1998
1983 1999
1984 1985
1985 2000
1985 2001
1986 1987
1986 2002
1986 2003
1987 2002
1987 2003
1988 1989
1988 1990
1988 1991
1989 1990
1989 1991
1989 2004
1989 2005
1989 2006
1989 2007
1990 1991
1991 2004
1991 2005
1991 2006
1991 2007
1992 1993
1993 2008
1993 2009
1994 1995
1995 2010
1995 2011
1996 1997
1996 2012
1996 2013
1997 2012
1997 2013
1998 1999
1998 2014
1998 2015
1999 2014
1999 2015
2000 2001
2001 2016
2001 2017
2002 2003
2002 2018
2002 2019
2003 2018
2003 2019
2004 2005
2004 2006
2004 2007
2005 2006
2005 2007
2005 2020
2005 2021
2005 2022
2005 2023
2006 2007
2007 2020
2007 2021
2007 2022
2007 2023
2008 2009
2009 2024
2009 2025
2010 2011
2011 2026
2011 2027
2012 2013
2012 2028
2012 2029
2013 2028
2013 2029
2014 2015
2014 2030
2014 2031
2015 2030
2015 2031
2016 2017
2017 2032
2017 2033
2018 2019
2018 2034
2018 2035
2019 2034
2019 2035
2020 2021
2020 2022
2020 2023
2021 2022
2021 2023
2021 2036
2021 2037
2021 2038
2021 2039
2022 2023
2023 2036
2023 2037
2023 2038
2023 2039
2024 2025
2025 2040
2025 2041
2026 2027
2027 2042
2027 2043
2028 2029
2028 2044
2028 2045
2029 2044
2029 2045
2030 2031
2030 2046
2030 2047
2031 2046
2031 2047
2032 2033
2033 2048
2033 2049
2034 2035
2034 2050
2034 2051
2035 2050
2035 2051
2036 2037
2036 2038
2036 2039
2037 2038
2037 2039
2037 2052
2037 2053
2037 2054
2037 2055
2038 2039
2039 2052
2039 2053
2039 2054
2039 2055
2040 2041
2041 2056
2041 2057
2042 2043
2043 2058
2043 2059
2044 2045
2044 2060
2044 2061
2045 2060
2045 2061
2046 2047
2046 2062
2046 2063
2047 2062
2047 2063
2048 2049
2049 2064
2049 2065
2050 2051
2050 2066
2050 2067
2051 2066
2051 2067
2052 2053
2052 2054
2052 2055
2053 2054
2053 2055
2053 2068
2053 2069
2053 2070
2053 2071
2054 2055
2055 2068
2055 2069
2055 2070
2055 2071
2056 2057
2057 2072
2057 2073
2058 2059
2059 2074
2059 2075
2060 2061
2060 2076
2060 2077
2061 2076
2061 2077
2062 2063
2062 2078
2062 2079
2063 2078
2063 2079
2064 2065
2065 2080
2065 2081
2066 2067
2066 2082
2066 2083
2067 2082
2067 2083
2068 2069
2068 2070
2068 2071
2069 2070
2069 2071
2069 2084
2069 2085
2069 2086
2069 2087
2070 2071
2071 2084
2071 2085
2071 2086
2071 2087
2072 2073
2073 2088
2073 2089
2074 2075
2075 2090
2075 2091
2076 2077
2076 2092
2076 2093
2077 2092
2077 2093
2078 2079
2078 2094
2078 2095
2079 2094
2079 2095
2080 2081
2081 2096
2081 2097
2082 2083
2082 2098
2082 2099
2083 2098
2083 2099
2084 2085
2084 2086
2084 2087
2085 2086
2085 2087
2085 2100
2085 2101
2085 2102
2085 2103
2086 2087
2087 2100
2087 2101
2087 2102
2087 2103
2088 2089
2089 2104
2089 2105
2090 2091
2091 2106
2091 2107
2092 2093
2092 2108
2092 2109
2093 2108
2093 2109
2094 2095
2094 2110
2094 2111
2095 2110
2095 2111
2096 2097
2097 2112
2097 2113
2098 2099
2098 2114
2098 2115
2099 2114
2099 2115
2100 2101
2100 2102
2100 2103
2101 2102
2101 2103
2101 2116
2101 2117
2101 2118
2101 2119
2102 2103
2103 2116
2103 2117
2103 2118
2103 2119
2104 2105
2105 2120
2105 2121
2106 2107
2107 2122
2107 2123
2108 2109
2108 2124
2108 2125
2109 2124
2109 2125
2110 2111
2110 2126
2110 2127
2111 2126
2111 2127
2112 2113
2113 2128
2113 2129
2114 2115
2114 2130
2114 2131
2115 2130
2115 2131
2116 2117
2116 2118
2116 2119
2117 2118
2117 2119
2117 2132
2117 2133
2117 2134
2117 2135
2118 2119
2119 2132
2119 2133
2119 2134
2119 2135
2120 2121
2121 2136
2121 2137
2122 2123
2123 2138
2123 2139
2124 2125
2124 2140
2124 2141
2125 2140
2125 2141
2126 2127
2126 2142
2126 2143
2127 2142
2127 2143
2128 2129
2129 2144
2129 2145
2130 2131
2130 2146
2130 2147
2131 2146
2131 2147
2132 2133
2132 2134
2132 2135
2133 2134
2133 2135
2133 2148
2133 2149
2133 2150
2133 2151
2134 2135
2135 2148
2135 2149
2135 2150
2135 2151
2136 2137
2137 2152
2137 2153
2138 2139
2139 2154
2139 2155
2140 2141
2140 2156
2140 2157
2141 2156
2141 2157
2142 2143
2142 2158
2142 2159
2143 2158
2143 2159
2144 2145
2145 2160
2145 2161
2146 2147
2146 2162
2146 2163
2147 2162
2147 2163
2148 2149
2148 2150
2148 2151
2149 2150
2149 2151
2149 2164
2149 2165
2149 2166
2149 2167
2150 2151
2151 2164
2151 2165
2151 2166
2151 2167
2152 2153
2153 2168
2153 2169
2154 2155
2155 2170
2155 2171
2156 2157
2156 2172
2156 2173
2157 2172
2157 2173
2158 2159
2158 2174
2158 2175
2159 2174
2159 2175
2160 2161
2161 2176
2161 2177
2162 2163
2162 2178
2162 2179
2163 2178
2163 2179
2164 2165
2164 2166
2164 2167
2165 2166
2165 2167
2165 2180
2165 2181
2165 2182
2165 2183
2166 2167
2167 2180
2167 2181
2167 2182
2167 2183
2168 2169
2169 2184
2169 2185
2170 2171
2171 2186
2171 2187
2172 2173
2172 2188
2172 2189
2173 2188
2173 2189
2174 2175
2174 2190
2174 2191
2175 2190
2175 2191
2176 2177
2177 2192
2177 2193
2178 2179
2178 2194
2178 2195
2179 2194
2179 2195
2180 2181
2180 2182
2180 2183
2181 2182
2181 2183
2181 2196
2181 2197
2181 2198
2181 2199
2182 2183
2183 2196
2183 2197
2183 2198
2183 2199
2184 2185
2185 2200
2185 2201
2186 2187
2187 2202
2187 2203
2188 2189
2188 2204
2188 2205
2189 2204
2189 2205
2190 2191
2190 2206
2190 2207
2191 2206
2191 2207
2192 2193
2193 2208
2193 2209
2194 2195
2194 2210
2194 2211
2195 2210
2195 2211
2196 2197
2196 2198
2196 2199
2197 2198
2197 2199
2197 2212
2197 2213
2197 2214
2197 2215
2198 2199
2199 2212
2199 2213
2199 2214
2199 2215
2200 2201
2201 2216
2201 2217
2202 2203
2203 2218
2203 2219
2204 2205
2204 2220
2204 2221
2205 2220
2205 2221
2206 2207
2206 2222
2206 2223
2207 2222
2207 2223
2208 2209
2209 2224
2209 2225
2210 2211
2210 2226
2210 2227
2211 2226
2211 2227
2212 2213
2212 2214
2212 2215
2213 2214
2213 2215
2213 2228
2213 2229
2213 2230
2213 2231
2214 2215
2215 2228
2215 2229
2215 2230
2215 2231
2216 2217
2217 2232
2217 2233
2218 2219
2219 2234
2219 2235
2220 2221
2220 2236
2220 2237
2221 2236
2221 2237
2222 2223
2222 2238
2222 2239
2223 2238
2223 2239
2224 2225
2225 2240
2225 2241
2226 2227
2226 2242
2226 2243
2227 2242
2227 2243
2228 2229
2228 2230
2228 2231
2229 2230
2229 2231
2229 2244
2229 2245
2229 2246
2229 2247
2230 2231
2231 2244
2231 2245
2231 2246
2231 2247
2232 2233
2233 2248
2233 2249
2234 2235
2235 2250
2235 2251
2236 2237
2236 2252
2236 2253
2237 2252
2237 2253
2238 2239
2238 2254
2238 2255
2239 2254
2239 2255
2240 2241
2241 2256
2241 2257
2242 2243
2242 2258
2242 2259
2243 2258
2243 2259
2244 2245
2244 2246
2244 2247
2245 2246
2245 2247
2245 2260
2245 2261
2245 2262
2245 2263
2246 2247
2247 2260
2247 2261
2247 2262
2247 2263
2248 2249
2249 2264
2249 2265
2250 2251
2251 2266
2251 2267
2252 2253
2252 2268
2252 2269
2253 2268
2253 2269
2254 2255
2254 2270
2254 2271
2255 2270
2255 2271
2256 2257
2257 2272
2257 2273
2258 2259
2258 2274
2258 2275
2259 2274
2259 2275
2260 2261
2260 2262
2260 2263
2261 2262
2261 2263
2261 2276
2261 2277
2261 2278
2261 2279
2262 2263
2263 2276
2263 2277
2263 2278
2263 2279
2264 2265
2265 2280
2265 2281
2266 2267
2267 2282
2267 2283
2268 2269
2268 2284
2268 2285
2269 2284
2269 2285
2270 2271
2270 2286
2270 2287
2271 2286
2271 2287
2272 2273
2273 2288
2273 2289
2274 2275
2274 2290
2274 2291
2275 2290
2275 2291
2276 2277
2276 2278
2276 2279
2277 2278
2277 2279
2277 2292
2277 2293
2277 2294
2277 2295
2278 2279
2279 2292
2279 2293
2279 2294
2279 2295
2280 2281
2281 2296
2281 2297
2282 2283
2283 2298
2283 2299
2284 2285
2284 2300
2284 2301
2285 2300
2285 2301
2286 2287
2286 2302
2286 2303
2287 2302
2287 2303
2288 2289
2289 2304
2289 2305
2290 2291
2290 2306
2290 2307
2291 2306
2291 2307
2292 2293
2292 2294
2292 2295
2293 2294
2293 2295
2293 2308
2293 2309
2293 2310
2293 2311
2294 2295
2295 2308
2295 2309
2295 2310
2295 2311
2296 2297
2297 2312
2297 2313
2298 2299
2299 2314
2299 2315
2300 2301
2300 2316
2300 2317
2301 2316
2301 2317
2302 2303
2302 2318
2302 2319
2303 2318
2303 2319
2304 2305
2305 2320
2305 2321
2306 2307
2306 2322
2306 2323
2307 2322
2307 2323
2308 2309
2308 2310
2308 2311
2309 2310
2309 2311
2309 2324
2309 2325
2309 2326
2309 2327
2310 2311
2311 2324
2311 2325
2311 2326
2311 2327
2312 2313
2313 2328
2313 2329
2314 2315
2315 2330
2315 2331
2316 2317
2316 2332
2316 2333
2317 2332
2317 2333
2318 2319
2318 2334
2318 2335
2319 2334
2319 2335
2320 2321
2321 2336
2321 2337
2322 2323
2322 2338
2322 2339
2323 2338
2323 2339
2324 2325
2324 2326
2324 2327
2325 2326
2325 2327
2325 2340
2325 2341
2325 2342
2325 2343
2326 2327
2327 2340
2327 2341
2327 2342
2327 2343
2328 2329
2329 2344
2329 2345
2330 2331
2331 2346
2331 2347
2332 2333
2332 2348
2332 2349
2333 2348
2333 2349
2334 2335
2334 2350
2334 2351
2335 2350
2335 2351
2336 2337
2337 2352
2337 2353
2338 2339
2338 2354
2338 2355
2339 2354
2339 2355
2340 2341
2340 2342
2340 2343
2341 2342
2341 2343
2341 2356
2341 2357
2341 2358
2341 2359
2342 2343
2343 2356
2343 2357
2343 2358
2343 2359
2344 2345
2345 2360
2345 2361
2346 2347
2347 2362
2347 2363
2348 2349
2348 2364
2348 2365
2349 2364
2349 2365
2350 2351
2350 2366
2350 2367
2351 2366
2351 2367
2352 2353
2353 2368
2353 2369
2354 2355
2354 2370
2354 2371
2355 2370
2355 2371
2356 2357
2356 2358
2356 2359
2357 2358
2357 2359
2357 2372
2357 2373
2357 2374
2357 2375
2358 2359
2359 2372
2359 2373
2359 2374
2359 2375
2360 2361
2361 2376
2361 2377
2362 2363
2363 2378
2363 2379
2364 2365
2364 2380
2364 2381
2365 2380
2365 2381
2366 2367
2366 2382
2366 2383
2367 2382
2367 2383
2368 2369
2369 2384
2369 2385
2370 2371
2370 2386
2370 2387
2371 2386
2371 2387
2372 2373
2372 2374
2372 2375
2373 2374
2373 2375
2373 2388
2373 2389
2373 2390
2373 2391
2374 2375
2375 2388
2375 2389
2375 2390
2375 2391
2376 2377
2377 2392
2377 2393
2378 2379
2379 2394
2379 2395
2380 2381
2380 2396
2380 2397
2381 2396
2381 2397
2382 2383
2382 2398
2382 2399
2383 2398
2383 2399
2384 2385
2385 2400
2385 2401
2386 2387
2386 2402
2386 2403
2387 2402
2387 2403
2388 2389
2388 2390
2388 2391
2389 2390
2389 2391
2389 2404
2389 2405
2389 2406
2389 2407
2390 2391
2391 2404
2391 2405
2391 2406
2391 2407
2392 2393
2393 2408
2393 2409
2394 2395
2395 2410
2395 2411
2396 2397
2396 2412
2396 2413
2397 2412
2397 2413
2398 2399
2398 2414
2398 2415
2399 2414
2399 2415
2400 2401
2401 2416
2401 2417
2402 2403
2402 2418
2402 2419
2403 2418
2403 2419
2404 2405
2404 2406
2404 2407
2405 2406
2405 2407
2405 2420
2405 2421
2405 2422
2405 2423
2406 2407
2407 2420
2407 2421
2407 2422
2407 2423
2408 2409
2409 2424
2409 2425
2410 2411
2411 2426
2411 2427
2412 2413
2412 2428
2412 2429
2413 2428
2413 2429
2414 2415
2414 2430
2414 2431
2415 2430
2415 2431
2416 2417
2417 2432
2417 2433
2418 2419
2418 2434
2418 2435
2419 2434
2419 2435
2420 2421
2420 2422
2420 2423
2421 2422
2421 2423
2421 2436
2421 2437
2421 2438
2421 2439
2422 2423
2423 2436
2423 2437
2423 2438
2423 2439
2424 2425
2425 2440
2425 2441
2426 2427
2427 2442
2427 2443
2428 2429
2428 2444
2428 2445
2429 2444
2429 2445
2430 2431
2430 2446
2430 2447
2431 2446
2431 2447
2432 2433
2433 2448
2433 2449
2434 2435
2434 2450
2434 2451
2435 2450
2435 2451
2436 2437
2436 2438
2436 2439
2437 2438
2437 2439
2437 2452
2437 2453
2437 2454
2437 2455
2438 2439
2439 2452
2439 2453
2439 2454
2439 2455
2440 2441
2441 2456
2441 2457
2442 2443
2443 2458
2443 2459
2444 2445
2444 2460
2444 2461
2445 2460
2445 2461
2446 2447
2446 2462
2446 2463
2447 2462
2447 2463
2448 2449
2449 2464
2449 2465
2450 2451
2450 2466
2450 2467
2451 2466
2451 2467
2452 2453
2452 2454
2452 2455
2453 2454
2453 2455
2453 2468
2453 2469
2453 2470
2453 2471
2454 2455
2455 2468
2455 2469
2455 2470
2455 2471
2456 2457
2457 2472
2457 2473
2458 2459
2459 2474
2459 2475
2460 2461
2460 2476
2460 2477
2461 2476
2461 2477
2462 2463
2462 2478
2462 2479
2463 2478
2463 2479
2464 2465
2465 2480
2465 2481
2466 2467
2466 2482
2466 2483
2467 2482
2467 2483
2468 2469
2468 2470
2468 2471
2469 2470
2469 2471
2469 2484
2469 2485
2469 2486
2469 2487
2470 2471
2471 2484
2471 2485
2471 2486
2471 2487
2472 2473
2473 2488
2473 2489
2474 2475
2475 2490
2475 2491
2476 2477
2476 2492
2476 2493
2477 2492
2477 2493
2478 2479
2478 2494
2478 2495
2479 2494
2479 2495
2480 2481
2481 2496
2481 2497
2482 2483
2482 2498
2482 2499
2483 2498
2483 2499
2484 2485
2484 2486
2484 2487
2485 2486
2485 2487
2485 2500
2485 2501
2485 2502
2485 2503
2486 2487
2487 2500
2487 2501
2487 2502
2487 2503
2488 2489
2489 2504
2489 2505
2490 2491
2491 2506
2491 2507
2492 2493
2492 2508
2492 2509
2493 2508
2493 2509
2494 2495
2494 2510
2494 2511
2495 2510
2495 2511
2496 2497
2497 2512
2497 2513
2498 2499
2498 2514
2498 2515
2499 2514
2499 2515
2500 2501
2500 2502
2500 2503
2501 2502
2501 2503
2501 2516
2501 2517
2501 2518
2501 2519
2502 2503
2503 2516
2503 2517
2503 2518
2503 2519
2504 2505
2505 2520
2505 2521
2506 2507
2507 2522
2507 2523
2508 2509
2508 2524
2508 2525
2509 2524
2509 2525
2510 2511
2510 2526
2510 2527
2511 2526
2511 2527
2512 2513
2513 2528
2513 2529
2514 2515
2514 2530
2514 2531
2515 2530
2515 2531
2516 2517
2516 2518
2516 2519
2517 2518
2517 2519
2517 2532
2517 2533
2517 2534
2517 2535
2518 2519
2519 2532
2519 2533
2519 2534
2519 2535
2520 2521
2521 2536
2521 2537
2522 2523
2523 2538
2523 2539
2524 2525
2524 2540
2524 2541
2525 2540
2525 2541
2526 2527
2526 2542
2526 2543
2527 2542
2527 2543
2528 2529
2529 2544
2529 2545
2530 2531
2530 2546
2530 2547
2531 2546
2531 2547
2532 2533
2532 2534
2532 2535
2533 2534
2533 2535
2533 2548
2533 2549
2533 2550
2533 2551
2534 2535
2535 2548
2535 2549
2535 2550
2535 2551
2536 2537
2537 2552
2537 2553
2538 2539
2539 2554
2539 2555
2540 2541
2540 2556
2540 2557
2541 2556
2541 2557
2542 2543
2542 2558
2542 2559
2543 2558
2543 2559
2544 2545
2545 2560
2545 2561
2546 2547
2546 2562
2546 2563
2547 2562
2547 2563
2548 2549
2548 2550
2548 2551
2549 2550
2549 2551
2549 2564
2549 2565
2549 2566
2549 2567
2550 2551
2551 2564
2551 2565
2551 2566
2551 2567
2552 2553
2553 2568
2553 2569
2554 2555
2555 2570
2555 2571
2556 2557
2556 2572
2556 2573
2557 2572
2557 2573
2558 2559
2558 2574
2558 2575
2559 2574
2559 2575
2560 2561
2561 2576
2561 2577
2562 2563
2562 2578
2562 2579
2563 2578
2563 2579
2564 2565
2564 2566
2564 2567
2565 2566
2565 2567
2565 2580
2565 2581
2565 2582
2565 2583
2566 2567
2567 2580
2567 2581
2567 2582
2567 2583
2568 2569
2569 2584
2569 2585
2570 2571
2571 2586
2571 2587
2572 2573
2572 2588
2572 2589
2573 2588
2573 2589
2574 2575
2574 2590
2574 2591
2575 2590
2575 2591
2576 2577
2577 2592
2577 2593
2578 2579
2578 2594
2578 2595
2579 2594
2579 2595
2580 2581
2580 2582
2580 2583
2581 2582
2581 2583
2581 2596
2581 2597
2581 2598
2581 2599
2582 2583
2583 2596
2583 2597
2583 2598
2583 2599
2584 2585
2585 2600
2585 2601
2586 2587
2587 2602
2587 2603
2588 2589
2588 2604
2588 2605
2589 2604
2589 2605
2590 2591
2590 2606
2590 2607
2591 2606
2591 2607
2592 2593
2593 2608
2593 2609
2594 2595
2594 2610
2594 2611
2595 2610
2595 2611
2596 2597
2596 2598
2596 2599
2597 2598
2597 2599
2597 2612
2597 2613
2597 2614
2597 2615
2598 2599
2599 2612
2599 2613
2599 2614
2599 2615
2600 2601
2601 2616
2601 2617
2602 2603
2603 2618
2603 2619
2604 2605
2604 2620
2604 2621
2605 2620
2605 2621
2606 2607
2606 2622
2606 2623
2607 2622
2607 2623
2608 2609
2609 2624
2609 2625
2610 2611
2610 2626
2610 2627
2611 2626
2611 2627
2612 2613
2612 2614
2612 2615
2613 2614
2613 2615
2613 2628
2613 2629
2613 2630
2613 2631
2614 2615
2615 2628
2615 2629
2615 2630
2615 2631
2616 2617
2617 2632
2617 2633
2618 2619
2619 2634
2619 2635
2620 2621
2620 2636
2620 2637
2621 2636
2621 2637
2622 2623
2622 2638
2622 2639
2623 2638
2623 2639
2624 2625
2625 2640
2625 2641
2626 2627
2626 2642
2626 2643
2627 2642
2627 2643
2628 2629
2628 2630
2628 2631
2629 2630
2629 2631
2629 2644
2629 2645
2629 2646
2629 2647
2630 2631
2631 2644
2631 2645
2631 2646
2631 2647
2632 2633
2633 2648
2633 2649
2634 2635
2635 2650
2635 2651
2636 2637
2636 2652
2636 2653
2637 2652
2637 2653
2638 2639
2638 2654
2638 2655
2639 2654
2639 2655
2640 2641
2641 2656
2641 2657
2642 2643
2642 2658
2642 2659
2643 2658
2643 2659
2644 2645
2644 2646
2644 2647
2645 2646
2645 2647
2645 2660
2645 2661
2645 2662
2645 2663
2646 2647
2647 2660
2647 2661
2647 2662
2647 2663
2648 2649
2649 2664
2649 2665
2650 2651
2651 2666
2651 2667
2652 2653
2652 2668
2652 2669
2653 2668
2653 2669
2654 2655
2654 2670
2654 2671
2655 2670
2655 2671
2656 2657
2657 2672
2657 2673
2658 2659
2658 2674
2658 2675
2659 2674
2659 2675
2660 2661
2660 2662
2660 2663
2661 2662
2661 2663
2661 2676
2661 2677
2661 2678
2661 2679
2662 2663
2663 2676
2663 2677
2663 2678
2663 2679
2664 2665
2665 2680
2665 2681
2666 2667
2667 2682
2667 2683
2668 2669
2668 2684
2668 2685
2669 2684
2669 2685
2670 2671
2670 2686
2670 2687
2671 2686
2671 2687
2672 2673
2673 2688
2673 2689
2674 2675
2674 2690
2674 2691
2675 2690
2675 2691
2676 2677
2676 2678
2676 2679
2677 2678
2677 2679
2677 2692
2677 2693
2677 2694
2677 2695
2678 2679
2679 2692
2679 2693
2679 2694
2679 2695
2680 2681
2681 2696
2681 2697
2682 2683
2683 2698
2683 2699
2684 2685
2684 2700
2684 2701
2685 2700
2685 2701
2686 2687
2686 2702
2686 2703
2687 2702
2687 2703
2688 2689
2689 2704
2689 2705
2690 2691
2690 2706
2690 2707
2691 2706
2691 2707
2692 2693
2692 2694
2692 2695
2693 2694
2693 2695
2693 2708
2693 2709
2693 2710
2693 2711
2694 2695
2695 2708
2695 2709
2695 2710
2695 2711
2696 2697
2697 2712
2697 2713
2698 2699
2699 2714
2699 2715
2700 2701
2700 2716
2700 2717
2701 2716
2701 2717
2702 2703
2702 2718
2702 2719
2703 2718
2703 2719
2704 2705
2705 2720
2705 2721
2706 2707
2706 2722
2706 2723
2707 2722
2707 2723
2708 2709
2708 2710
2708 2711
2709 2710
2709 2711
2709 2724
2709 2725
2709 2726
2709 2727
2710 2711
2711 2724
2711 2725
2711 2726
2711 2727
2712 2713
2713 2728
2713 2729
2714 2715
2715 2730
2715 2731
2716 2717
2716 2732
2716 2733
2717 2732
2717 2733
2718 2719
2718 2734
2718 2735
2719 2734
2719 2735
2720 2721
2721 2736
2721 2737
2722 2723
2722 2738
2722 2739
2723 2738
2723 2739
2724 2725
2724 2726
2724 2727
2725 2726
2725 2727
2725 2740
2725 2741
2725 2742
2725 2743
2726 2727
2727 2740
2727 2741
2727 2742
2727 2743
2728 2729
2729 2744
2729 2745
2730 2731
2731 2746
2731 2747
2732 2733
2732 2748
2732 2749
2733 2748
2733 2749
2734 2735
2734 2750
2734 2751
2735 2750
2735 2751
2736 2737
2737 2752
2737 2753
2738 2739
2738 2754
2738 2755
2739 2754
2739 2755
2740 2741
2740 2742
2740 2743
2741 2742
2741 2743
2741 2756
2741 2757
2741 2758
2741 2759
2742 2743
2743 2756
2743 2757
2743 2758
2743 2759
2744 2745
2745 2760
2745 2761
2746 2747
2747 2762
2747 2763
2748 2749
2748 2764
2748 2765
2749 2764
2749 2765
2750 2751
2750 2766
2750 2767
2751 2766
2751 2767
2752 2753
2753 2768
2753 2769
2754 2755
2754 2770
2754 2771
2755 2770
2755 2771
2756 2757
2756 2758
2756 2759
2757 2758
2757 2759
2757 2772
2757 2773
2757 2774
2757 2775
2758 2759
2759 2772
2759 2773
2759 2774
2759 2775
2760 2761
2761 2776
2761 2777
2762 2763
2763 2778
2763 2779
2764 2765
2764 2780
2764 2781
2765 2780
2765 2781
2766 2767
2766 2782
2766 2783
2767 2782
2767 2783
2768 2769
2769 2784
2769 2785
2770 2771
2770 2786
2770 2787
2771 2786
2771 2787
2772 2773
2772 2774
2772 2775
2773 2774
2773 2775
2773 2788
2773 2789
2773 2790
2773 2791
2774 2775
2775 2788
2775 2789
2775 2790
2775 2791
2776 2777
2777 2792
2777 2793
2778 2779
2779 2794
2779 2795
2780 2781
2780 2796
2780 2797
2781 2796
2781 2797
2782 2783
2782 2798
2782 2799
2783 2798
2783 2799
2784 2785
2785 2800
2785 2801
2786 2787
2786 2802
2786 2803
2787 2802
2787 2803
2788 2789
2788 2790
2788 2791
2789 2790
2789 2791
2789 2804
2789 2805
2789 2806
2789 2807
2790 2791
2791 2804
2791 2805
2791 2806
2791 2807
2792 2793
2793 2808
2793 2809
2794 2795
2795 2810
2795 2811
2796 2797
2796 2812
2796 2813
2797 2812
2797 2813
2798 2799
2798 2814
2798 2815
2799 2814
2799 2815
2800 2801
2801 2816
2801 2817
2802 2803
2802 2818
2802 2819
2803 2818
2803 2819
2804 2805
2804 2806
2804 2807
2805 2806
2805 2807
2805 2820
2805 2821
2805 2822
2805 2823
2806 2807
2807 2820
2807 2821
2807 2822
2807 2823
2808 2809
2809 2824
2809 2825
2810 2811
2811 2826
2811 2827
2812 2813
2812 2828
2812 2829
2813 2828
2813 2829
2814 2815
2814 2830
2814 2831
2815 2830
2815 2831
2816 2817
2817 2832
2817 2833
2818 2819
2818 2834
2818 2835
2819 2834
2819 2835
2820 2821
2820 2822
2820 2823
2821 2822
2821 2823
2821 2836
2821 2837
2821 2838
2821 2839
2822 2823
2823 2836
2823 2837
2823 2838
2823 2839
2824 2825
2825 2840
2825 2841
2826 2827
2827 2842
2827 2843
2828 2829
2828 2844
2828 2845
2829 2844
2829 2845
2830 2831
2830 2846
2830 2847
2831 2846
2831 2847
2832 2833
2833 2848
2833 2849
2834 2835
2834 2850
2834 2851
2835 2850
2835 2851
2836 2837
2836 2838
2836 2839
2837 2838
2837 2839
2837 2852
2837 2853
2837 2854
2837 2855
2838 2839
2839 2852
2839 2853
2839 2854
2839 2855
2840 2841
2841 2856
2841 2857
2842 2843
2843 2858
2843 2859
2844 2845
2844 2860
2844 2861
2845 2860
2845 2861
2846 2847
2846 2862
2846 2863
2847 2862
2847 2863
2848 2849
2849 2864
2849 2865
2850 2851
2850 2866
2850 2867
2851 2866
2851 2867
2852 2853
2852 2854
2852 2855
2853 2854
2853 2855
2853 2868
2853 2869
2853 2870
2853 2871
2854 2855
2855 2868
2855 2869
2855 2870
2855 2871
2856 2857
2857 2872
2857 2873
2858 2859
2859 2874
2859 2875
2860 2861
2860 2876
2860 2877
2861 2876
2861 2877
2862 2863
2862 2878
2862 2879
2863 2878
2863 2879
2864 2865
2865 2880
2865 2881
2866 2867
2866 2882
2866 2883
2867 2882
2867 2883
2868 2869
2868 2870
2868 2871
2869 2870
2869 2871
2869 2884
2869 2885
2869 2886
2869 2887
2870 2871
2871 2884
2871 2885
2871 2886
2871 2887
2872 2873
2873 2888
2873 2889
2874 2875
2875 2890
2875 2891
2876 2877
2876 2892
2876 2893
2877 2892
2877 2893
2878 2879
2878 2894
2878 2895
2879 2894
2879 2895
2880 2881
2881 2896
2881 2897
2882 2883
2882 2898
2882 2899
2883 2898
2883 2899
2884 2885
2884 2886
2884 2887
2885 2886
2885 2887
2885 2900
2885 2901
2885 2902
2885 2903
2886 2887
2887 2900
2887 2901
2887 2902
2887 2903
2888 2889
2889 2904
2889 2905
2890 2891
2891 2906
2891 2907
2892 2893
2892 2908
2892 2909
2893 2908
2893 2909
2894 2895
2894 2910
2894 2911
2895 2910
2895 2911
2896 2897
2897 2912
2897 2913
2898 2899
2898 2914
2898 2915
2899 2914
2899 2915
2900 2901
2900 2902
2900 2903
2901 2902
2901 2903
2901 2916
2901 2917
2901 2918
2901 2919
2902 2903
2903 2916
2903 2917
2903 2918
2903 2919
2904 2905
2905 2920
2905 2921
2906 2907
2907 2922
2907 2923
2908 2909
2908 2924
2908 2925
2909 2924
2909 2925
2910 2911
2910 2926
2910 2927
2911 2926
2911 2927
2912 2913
2913 2928
2913 2929
2914 2915
2914 2930
2914 2931
2915 2930
2915 2931
2916 2917
2916 2918
2916 2919
2917 2918
2917 2919
2917 2932
2917 2933
2917 2934
2917 2935
2918 2919
2919 2932
2919 2933
2919 2934
2919 2935
2920 2921
2921 2936
2921 2937
2922 2923
2923 2938
2923 2939
2924 2925
2924 2940
2924 2941
2925 2940
2925 2941
2926 2927
2926 2942
2926 2943
2927 2942
2927 2943
2928 2929
2929 2944
2929 2945
2930 2931
2930 2946
2930 2947
2931 2946
2931 2947
2932 2933
2932 2934
2932 2935
2933 2934
2933 2935
2933 2948
2933 2949
2933 2950
2933 2951
2934 2935
2935 2948
2935 2949
2935 2950
2935 2951
2936 2937
2937 2952
2937 2953
2938 2939
2939 2954
2939 2955
2940 2941
2940 2956
2940 2957
2941 2956
2941 2957
2942 2943
2942 2958
2942 2959
2943 2958
2943 2959
2944 2945
2945 2960
2945 2961
2946 2947
2946 2962
2946 2963
2947 2962
2947 2963
2948 2949
2948 2950
2948 2951
2949 2950
2949 2951
2949 2964
2949 2965
2949 2966
2949 2967
2950 2951
2951 2964
2951 2965
2951 2966
2951 2967
2952 2953
2953 2968
2953 2969
2954 2955
2955 2970
2955 2971
2956 2957
2956 2972
2956 2973
2957 2972
2957 2973
2958 2959
2958 2974
2958 2975
2959 2974
2959 2975
2960 2961
2961 2976
2961 2977
2962 2963
2962 2978
2962 2979
2963 2978
2963 2979
2964 2965
2964 2966
2964 2967
2965 2966
2965 2967
2965 2980
2965 2981
2965 2982
2965 2983
2966 2967
2967 2980
2967 2981
2967 2982
2967 2983
2968 2969
2969 2984
2969 2985
2970 2971
2971 2986
2971 2987
2972 2973
2972 2988
2972 2989
2973 2988
2973 2989
2974 2975
2974 2990
2974 2991
2975 2990
2975 2991
2976 2977
2977 2992
2977 2993
2978 2979
2978 2994
2978 2995
2979 2994
2979 2995
2980 2981
2980 2982
2980 2983
2981 2982
2981 2983
2981 2996
2981 2997
2981 2998
2981 2999
2982 2983
2983 2996
2983 2997
2983 2998
2983 2999
2984 2985
2985 3000
2985 3001
2986 2987
2987 3002
2987 3003
2988 2989
2988 3004
2988 3005
2989 3004
2989 3005
2990 2991
2990 3006
2990 3007
2991 3006
2991 3007
2992 2993
2993 3008
2993 3009
2994 2995
2994 3010
2994 3011
2995 3010
2995 3011
2996 2997
2996 2998
2996 2999
2997 2998
2997 2999
2997 3012
2997 3013
2997 3014
2997 3015
2998 2999
2999 3012
2999 3013
2999 3014
2999 3015
3000 3001
3001 3016
3001 3017
3002 3003
3003 3018
3003 3019
3004 3005
3004 3020
3004 3021
3005 3020
3005 3021
3006 3007
3006 3022
3006 3023
3007 3022
3007 3023
3008 3009
3009 3024
3009 3025
3010 3011
3010 3026
3010 3027
3011 3026
3011 3027
3012 3013
3012 3014
3012 3015
3013 3014
3013 3015
3013 3028
3013 3029
3013 3030
3013 3031
3014 3015
3015 3028
3015 3029
3015 3030
3015 3031
3016 3017
3017 3032
3017 3033
3018 3019
3019 3034
3019 3035
3020 3021
3020 3036
3020 3037
3021 3036
3021 3037
3022 3023
3022 3038
3022 3039
3023 3038
3023 3039
3024 3025
3025 3040
3025 3041
3026 3027
3026 3042
3026 3043
3027 3042
3027 3043
3028 3029
3028 3030
3028 3031
3029 3030
3029 3031
3029 3044
3029 3045
3029 3046
3029 3047
3030 3031
3031 3044
3031 3045
3031 3046
3031 3047
3032 3033
3033 3048
3033 3049
3034 3035
3035 3050
3035 3051
3036 3037
3036 3052
3036 3053
3037 3052
3037 3053
3038 3039
3038 3054
3038 3055
3039 3054
3039 3055
3040 3041
3041 3056
3041 3057
3042 3043
3042 3058
3042 3059
3043 3058
3043 3059
3044 3045
3044 3046
3044 3047
3045 3046
3045 3047
3045 3060
3045 3061
3045 3062
3045 3063
3046 3047
3047 3060
3047 3061
3047 3062
3047 3063
3048 3049
3049 3064
3049 3065
3050 3051
3051 3066
3051 3067
3052 3053
3052 3068
3052 3069
3053 3068
3053 3069
3054 3055
3054 3070
3054 3071
3055 3070
3055 3071
3056 3057
3057 3072
3057 3073
3058 3059
3058 3074
3058 3075
3059 3074
3059 3075
3060 3061
3060 3062
3060 3063
3061 3062
3061 3063
3061 3076
3061 3077
3061 3078
3061 3079
3062 3063
3063 3076
3063 3077
3063 3078
3063 3079
3064 3065
3065 3080
3065 3081
3066 3067
3067 3082
3067 3083
3068 3069
3068 3084
3068 3085
3069 3084
3069 3085
3070 3071
3070 3086
3070 3087
3071 3086
3071 3087
3072 3073
3073 3088
3073 3089
3074 3075
3074 3090
3074 3091
3075 3090
3075 3091
3076 3077
3076 3078
3076 3079
3077 3078
3077 3079
3077 3092
3077 3093
3077 3094
3077 3095
3078 3079
3079 3092
3079 3093
3079 3094
3079 3095
3080 3081
3081 3096
3081 3097
3082 3083
3083 3098
3083 3099
3084 3085
3084 3100
3084 3101
3085 3100
3085 3101
3086 3087
3086 3102
3086 3103
3087 3102
3087 3103
3088 3089
3089 3104
3089 3105
3090 3091
3090 3106
3090 3107
3091 3106
3091 3107
3092 3093
3092 3094
3092 3095
3093 3094
3093 3095
3093 3108
3093 3109
3093 3110
3093 3111
3094 3095
3095 3108
3095 3109
3095 3110
3095 3111
3096 3097
3097 3112
3097 3113
3098 3099
3099 3114
3099 3115
3100 3101
3100 3116
3100 3117
3101 3116
3101 3117
3102 3103
3102 3118
3102 3119
3103 3118
3103 3119
3104 3105
3105 3120
3105 3121
3106 3107
3106 3122
3106 3123
3107 3122
3107 3123
3108 3109
3108 3110
3108 3111
3109 3110
3109 3111
3109 3124
3109 3125
3109 3126
3109 3127
3110 3111
3111 3124
3111 3125
3111 3126
3111 3127
3112 3113
3113 3128
3113 3129
3114 3115
3115 3130
3115 3131
3116 3117
3116 3132
3116 3133
3117 3132
3117 3133
3118 3119
3118 3134
3118 3135
3119 3134
3119 3135
3120 3121
3121 3136
3121 3137
3122 3123
3122 3138
3122 3139
3123 3138
3123 3139
3124 3125
3124 3126
3124 3127
3125 3126
3125 3127
3125 3140
3125 3141
3125 3142
3125 3143
3126 3127
3127 3140
3127 3141
3127 3142
3127 3143
3128 3129
3129 3144
3129 3145
3130 3131
3131 3146
3131 3147
3132 3133
3132 3148
3132 3149
3133 3148
3133 3149
3134 3135
3134 3150
3134 3151
3135 3150
3135 3151
3136 3137
3137 3152
3137 3153
3138 3139
3138 3154
3138 3155
3139 3154
3139 3155
3140 3141
3140 3142
3140 3143
3141 3142
3141 3143
3141 3156
3141 3157
3141 3158
3141 3159
3142 3143
3143 3156
3143 3157
3143 3158
3143 3159
3144 3145
3145 3160
3145 3161
3146 3147
3147 3162
3147 3163
3148 3149
3148 3164
3148 3165
3149 3164
3149 3165
3150 3151
3150 3166
3150 3167
3151 3166
3151 3167
3152 3153
3153 3168
3153 3169
3154 3155
3154 3170
3154 3171
3155 3170
3155 3171
3156 3157
3156 3158
3156 3159
3157 3158
3157 3159
3157 3172
3157 3173
3157 3174
3157 3175
3158 3159
3159 3172
3159 3173
3159 3174
3159 3175
3160 3161
3161 3176
3161 3177
3162 3163
3163 3178
3163 3179
3164 3165
3164 3180
3164 3181
3165 3180
3165 3181
3166 3167
3166 3182
3166 3183
3167 3182
3167 3183
3168 3169
3169 3184
3169 3185
3170 3171
3170 3186
3170 3187
3171 3186
3171 3187
3172 3173
3172 3174
3172 3175
3173 3174
3173 3175
3173 3188
3173 3189
3173 3190
3173 3191
3174 3175
3175 3188
3175 3189
3175 3190
3175 3191
3176 3177
3177 3192
3177 3193
3178 3179
3179 3194
3179 3195
3180 3181
3180 3196
3180 3197
3181 3196
3181 3197
3182 3183
3182 3198
3182 3199
3183 3198
3183 3199
3184 3185
3186 3187
3188 3189
3188 3190
3188 3191
3189 3190
3189 3191
3190 3191
3192 3193
3194 3195
3196 3197
3198 3199
