1377 3808
0 1
0 23
1 2
1 23
1 24
2 3
2 24
2 25
3 4
3 25
3 26
4 5
4 26
4 27
5 6
5 27
5 28
6 7
6 28
6 29
7 8
7 9
7 29
8 9
8 45
8 81
9 10
9 29
9 45
9 65
10 11
10 29
10 34
10 64
10 65
11 12
11 34
11 38
11 63
11 64
12 13
12 38
12 41
12 62
12 63
13 14
13 41
13 43
13 61
13 62
14 15
14 43
14 44
14 60
14 61
15 16
15 17
15 44
15 59
15 60
16 17
16 59
17 18
17 44
18 19
18 42
18 44
19 20
19 39
19 42
20 21
20 35
20 39
21 22
21 30
21 35
22 23
22 24
22 30
23 24
24 25
24 30
25 26
25 30
25 31
26 27
26 31
26 32
27 28
27 32
27 33
28 29
28 33
28 34
29 34
30 31
30 35
31 32
31 35
31 36
32 33
32 36
32 37
33 34
33 37
33 38
34 38
35 36
35 39
36 37
36 39
36 40
37 38
37 40
37 41
38 41
39 40
39 42
40 41
40 42
40 43
41 43
42 43
42 44
43 44
45 46
45 65
45 81
45 96
46 47
46 65
46 70
46 96
46 102
47 48
47 70
47 74
47 102
47 107
48 49
48 74
48 77
48 107
48 111
49 50
49 77
49 79
49 111
49 114
50 51
50 79
50 80
50 114
50 116
51 52
51 53
51 80
51 95
51 116
52 53
52 95
52 131
53 54
53 80
54 55
54 78
54 80
55 56
55 75
55 78
56 57
56 71
56 75
57 58
57 66
57 71
58 59
58 60
58 66
59 60
60 61
60 66
61 62
61 66
61 67
62 63
62 67
62 68
63 64
63 68
63 69
64 65
64 69
64 70
65 70
66 67
66 71
67 68
67 71
67 72
68 69
68 72
68 73
69 70
69 73
69 74
70 74
71 72
71 75
72 73
72 75
72 76
73 74
73 76
73 77
74 77
75 76
75 78
76 77
76 78
76 79
77 79
78 79
78 80
79 80
81 82
81 96
82 83
82 96
82 97
83 84
83 97
83 98
84 85
84 98
84 99
85 86
85 99
85 100
86 87
86 100
86 101
87 88
87 89
87 101
88 89
88 117
88 153
89 90
89 101
89 117
89 137
90 91
90 101
90 106
90 136
90 137
91 92
91 106
91 110
91 135
91 136
92 93
92 110
92 113
92 134
92 135
93 94
93 113
93 115
93 133
93 134
94 95
94 115
94 116
94 132
94 133
95 116
95 131
95 132
96 97
96 102
97 98
97 102
97 103
98 99
98 103
98 104
99 100
99 104
99 105
100 101
100 105
100 106
101 106
102 103
102 107
103 104
103 107
103 108
104 105
104 108
104 109
105 106
105 109
105 110
106 110
107 108
107 111
108 109
108 111
108 112
109 110
109 112
109 113
110 113
111 112
111 114
112 113
112 114
112 115
113 115
114 115
114 116
115 116
117 118
117 137
117 153
117 168
118 119
118 137
118 142
118 168
118 174
119 120
119 142
119 146
119 174
119 179
120 121
120 146
120 149
120 179
120 183
121 122
121 149
121 151
121 183
121 186
122 123
122 151
122 152
122 186
122 188
123 124
123 125
123 152
123 167
123 188
124 125
124 167
124 203
125 126
125 152
126 127
126 150
126 152
127 128
127 147
127 150
128 129
128 143
128 147
129 130
129 138
129 143
130 131
130 132
130 138
131 132
132 133
132 138
133 134
133 138
133 139
134 135
134 139
134 140
135 136
135 140
135 141
136 137
136 141
136 142
137 142
138 139
138 143
139 140
139 143
139 144
140 141
140 144
140 145
141 142
141 145
141 146
142 146
143 144
143 147
144 145
144 147
144 148
145 146
145 148
145 149
146 149
147 148
147 150
148 149
148 150
148 151
149 151
150 151
150 152
151 152
153 154
153 168
154 155
154 168
154 169
155 156
155 169
155 170
156 157
156 170
156 171
157 158
157 171
157 172
158 159
158 172
158 173
159 160
159 161
159 173
160 161
160 189
160 225
161 162
161 173
161 189
161 209
162 163
162 173
162 178
162 208
162 209
163 164
163 178
163 182
163 207
163 208
164 165
164 182
164 185
164 206
164 207
165 166
165 185
165 187
165 205
165 206
166 167
166 187
166 188
166 204
166 205
167 188
167 203
167 204
168 169
168 174
169 170
169 174
169 175
170 171
170 175
170 176
171 172
171 176
171 177
172 173
172 177
172 178
173 178
174 175
174 179
175 176
175 179
175 180
176 177
176 180
176 181
177 178
177 181
177 182
178 182
179 180
179 183
180 181
180 183
180 184
181 182
181 184
181 185
182 185
183 184
183 186
184 185
184 186
184 187
185 187
186 187
186 188
187 188
189 190
189 209
189 225
189 240
190 191
190 209
190 214
190 240
190 246
191 192
191 214
191 218
191 246
191 251
192 193
192 218
192 221
192 251
192 255
193 194
193 221
193 223
193 255
193 258
194 195
194 223
194 224
194 258
194 260
195 196
195 197
195 224
195 239
195 260
196 197
196 239
196 275
196 527
197 198
197 224
198 199
198 222
198 224
199 200
199 219
199 222
200 201
200 215
200 219
201 202
201 210
201 215
202 203
202 204
202 210
203 204
204 205
204 210
205 206
205 210
205 211
206 207
206 211
206 212
207 208
207 212
207 213
208 209
208 213
208 214
209 214
210 211
210 215
211 212
211 215
211 216
212 213
212 216
212 217
213 214
213 217
213 218
214 218
215 216
215 219
216 217
216 219
216 220
217 218
217 220
217 221
218 221
219 220
219 222
220 221
220 222
220 223
221 223
222 223
222 224
223 224
225 226
225 240
226 227
226 240
226 241
227 228
227 241
227 242
228 229
228 242
228 243
229 230
229 243
229 244
230 231
230 244
230 245
231 232
231 233
231 245
232 233
232 261
232 297
233 234
233 245
233 261
233 281
234 235
234 245
234 250
234 280
234 281
235 236
235 250
235 254
235 279
235 280
236 237
236 254
236 257
236 278
236 279
237 238
237 257
237 259
237 277
237 278
238 239
238 259
238 260
238 276
238 277
239 260
239 275
239 276
240 241
240 246
241 242
241 246
241 247
242 243
242 247
242 248
243 244
243 248
243 249
244 245
244 249
244 250
245 250
246 247
246 251
247 248
247 251
247 252
248 249
248 252
248 253
249 250
249 253
249 254
250 254
251 252
251 255
252 253
252 255
252 256
253 254
253 256
253 257
254 257
255 256
255 258
256 257
256 258
256 259
257 259
258 259
258 260
259 260
261 262
261 281
261 297
261 312
262 263
262 281
262 286
262 312
262 318
263 264
263 286
263 290
263 318
263 323
264 265
264 290
264 293
264 323
264 327
265 266
265 293
265 295
265 327
265 330
266 267
266 295
266 296
266 330
266 332
267 268
267 269
267 296
267 311
267 332
268 269
268 311
268 347
268 513
268 549
269 270
269 296
269 513
269 533
270 271
270 294
270 296
270 532
270 533
271 272
271 291
271 294
271 531
271 532
272 273
272 287
272 291
272 530
272 531
273 274
273 282
273 287
273 529
273 530
274 275
274 276
274 282
274 528
274 529
275 276
275 527
275 528
276 277
276 282
277 278
277 282
277 283
278 279
278 283
278 284
279 280
279 284
279 285
280 281
280 285
280 286
281 286
282 283
282 287
283 284
283 287
283 288
284 285
284 288
284 289
285 286
285 289
285 290
286 290
287 288
287 291
288 289
288 291
288 292
289 290
289 292
289 293
290 293
291 292
291 294
292 293
292 294
292 295
293 295
294 295
294 296
295 296
297 298
297 312
298 299
298 312
298 313
299 300
299 313
299 314
300 301
300 314
300 315
301 302
301 315
301 316
302 303
302 316
302 317
303 304
303 305
303 317
304 305
304 333
304 369
305 306
305 317
305 333
305 353
306 307
306 317
306 322
306 352
306 353
307 308
307 322
307 326
307 351
307 352
308 309
308 326
308 329
308 350
308 351
309 310
309 329
309 331
309 349
309 350
310 311
310 331
310 332
310 348
310 349
311 332
311 347
311 348
312 313
312 318
313 314
313 318
313 319
314 315
314 319
314 320
315 316
315 320
315 321
316 317
316 321
316 322
317 322
318 319
318 323
319 320
319 323
319 324
320 321
320 324
320 325
321 322
321 325
321 326
322 326
323 324
323 327
324 325
324 327
324 328
325 326
325 328
325 329
326 329
327 328
327 330
328 329
328 330
328 331
329 331
330 331
330 332
331 332
333 334
333 353
333 369
333 384
334 335
334 353
334 358
334 384
334 390
335 336
335 358
335 362
335 390
335 395
336 337
336 362
336 365
336 395
336 399
337 338
337 365
337 367
337 399
337 402
338 339
338 367
338 368
338 402
338 404
339 340
339 341
339 368
339 383
339 404
340 341
340 383
340 419
341 342
341 368
342 343
342 366
342 368
343 344
343 363
343 366
344 345
344 359
344 363
345 346
345 354
345 359
346 347
346 348
346 354
347 348
348 349
348 354
349 350
349 354
349 355
350 351
350 355
350 356
351 352
351 356
351 357
352 353
352 357
352 358
353 358
354 355
354 359
355 356
355 359
355 360
356 357
356 360
356 361
357 358
357 361
357 362
358 362
359 360
359 363
360 361
360 363
360 364
361 362
361 364
361 365
362 365
363 364
363 366
364 365
364 366
364 367
365 367
366 367
366 368
367 368
369 370
369 384
370 371
370 384
370 385
371 372
371 385
371 386
372 373
372 386
372 387
373 374
373 387
373 388
374 375
374 388
374 389
375 376
375 377
375 389
376 377
376 405
376 441
377 378
377 389
377 405
377 425
378 379
378 389
378 394
378 424
378 425
379 380
379 394
379 398
379 423
379 424
380 381
380 398
380 401
380 422
380 423
381 382
381 401
381 403
381 421
381 422
382 383
382 403
382 404
382 420
382 421
383 404
383 419
383 420
384 385
384 390
385 386
385 390
385 391
386 387
386 391
386 392
387 388
387 392
387 393
388 389
388 393
388 394
389 394
390 391
390 395
391 392
391 395
391 396
392 393
392 396
392 397
393 394
393 397
393 398
394 398
395 396
395 399
396 397
396 399
396 400
397 398
397 400
397 401
398 401
399 400
399 402
400 401
400 402
400 403
401 403
402 403
402 404
403 404
405 406
405 425
405 441
405 456
406 407
406 425
406 430
406 456
406 462
407 408
407 430
407 434
407 462
407 467
408 409
408 434
408 437
408 467
408 471
409 410
409 437
409 439
409 471
409 474
410 411
410 439
410 440
410 474
410 476
411 412
411 413
411 440
411 455
411 476
412 413
412 455
412 491
413 414
413 440
414 415
414 438
414 440
415 416
415 435
415 438
416 417
416 431
416 435
417 418
417 426
417 431
418 419
418 420
418 426
419 420
420 421
420 426
421 422
421 426
421 427
422 423
422 427
422 428
423 424
423 428
423 429
424 425
424 429
424 430
425 430
426 427
426 431
427 428
427 431
427 432
428 429
428 432
428 433
429 430
429 433
429 434
430 434
431 432
431 435
432 433
432 435
432 436
433 434
433 436
433 437
434 437
435 436
435 438
436 437
436 438
436 439
437 439
438 439
438 440
439 440
441 442
441 456
442 443
442 456
442 457
443 444
443 457
443 458
444 445
444 458
444 459
445 446
445 459
445 460
446 447
446 460
446 461
447 448
447 449
447 461
448 449
448 477
449 450
449 461
449 477
449 497
450 451
450 461
450 466
450 496
450 497
451 452
451 466
451 470
451 495
451 496
452 453
452 470
452 473
452 494
452 495
453 454
453 473
453 475
453 493
453 494
454 455
454 475
454 476
454 492
454 493
455 476
455 491
455 492
456 457
456 462
457 458
457 462
457 463
458 459
458 463
458 464
459 460
459 464
459 465
460 461
460 465
460 466
461 466
462 463
462 467
463 464
463 467
463 468
464 465
464 468
464 469
465 466
465 469
465 470
466 470
467 468
467 471
468 469
468 471
468 472
469 470
469 472
469 473
470 473
471 472
471 474
472 473
472 474
472 475
473 475
474 475
474 476
475 476
477 478
477 497
478 479
478 497
478 502
479 480
479 502
479 506
480 481
480 506
480 509
481 482
481 509
481 511
482 483
482 511
482 512
483 484
483 485
483 512
484 485
485 486
485 512
486 487
486 510
486 512
487 488
487 507
487 510
488 489
488 503
488 507
489 490
489 498
489 503
490 491
490 492
490 498
491 492
492 493
492 498
493 494
493 498
493 499
494 495
494 499
494 500
495 496
495 500
495 501
496 497
496 501
496 502
497 502
498 499
498 503
499 500
499 503
499 504
500 501
500 504
500 505
501 502
501 505
501 506
502 506
503 504
503 507
504 505
504 507
504 508
505 506
505 508
505 509
506 509
507 508
507 510
508 509
508 510
508 511
509 511
510 511
510 512
511 512
513 514
513 533
513 549
513 564
514 515
514 533
514 538
514 564
514 570
515 516
515 538
515 542
515 570
515 575
516 517
516 542
516 545
516 575
516 579
517 518
517 545
517 547
517 579
517 582
518 519
518 547
518 548
518 582
518 584
519 520
519 521
519 548
519 563
519 584
520 521
520 563
520 599
521 522
521 548
522 523
522 546
522 548
523 524
523 543
523 546
524 525
524 539
524 543
525 526
525 534
525 539
526 527
526 528
526 534
527 528
528 529
528 534
529 530
529 534
529 535
530 531
530 535
530 536
531 532
531 536
531 537
532 533
532 537
532 538
533 538
534 535
534 539
535 536
535 539
535 540
536 537
536 540
536 541
537 538
537 541
537 542
538 542
539 540
539 543
540 541
540 543
540 544
541 542
541 544
541 545
542 545
543 544
543 546
544 545
544 546
544 547
545 547
546 547
546 548
547 548
549 550
549 564
550 551
550 564
550 565
551 552
551 565
551 566
552 553
552 566
552 567
553 554
553 567
553 568
554 555
554 568
554 569
555 556
555 557
555 569
556 557
556 585
556 621
557 558
557 569
557 585
557 605
558 559
558 569
558 574
558 604
558 605
559 560
559 574
559 578
559 603
559 604
560 561
560 578
560 581
560 602
560 603
561 562
561 581
561 583
561 601
561 602
562 563
562 583
562 584
562 600
562 601
563 584
563 599
563 600
564 565
564 570
565 566
565 570
565 571
566 567
566 571
566 572
567 568
567 572
567 573
568 569
568 573
568 574
569 574
570 571
570 575
571 572
571 575
571 576
572 573
572 576
572 577
573 574
573 577
573 578
574 578
575 576
575 579
576 577
576 579
576 580
577 578
577 580
577 581
578 581
579 580
579 582
580 581
580 582
580 583
581 583
582 583
582 584
583 584
585 586
585 605
585 621
585 636
586 587
586 605
586 610
586 636
586 642
587 588
587 610
587 614
587 642
587 647
588 589
588 614
588 617
588 647
588 651
589 590
589 617
589 619
589 651
589 654
590 591
590 619
590 620
590 654
590 656
591 592
591 593
591 620
591 635
591 656
592 593
592 635
592 671
593 594
593 620
594 595
594 618
594 620
595 596
595 615
595 618
596 597
596 611
596 615
597 598
597 606
597 611
598 599
598 600
598 606
599 600
600 601
600 606
601 602
601 606
601 607
602 603
602 607
602 608
603 604
603 608
603 609
604 605
604 609
604 610
605 610
606 607
606 611
607 608
607 611
607 612
608 609
608 612
608 613
609 610
609 613
609 614
610 614
611 612
611 615
612 613
612 615
612 616
613 614
613 616
613 617
614 617
615 616
615 618
616 617
616 618
616 619
617 619
618 619
618 620
619 620
621 622
621 636
622 623
622 636
622 637
623 624
623 637
623 638
624 625
624 638
624 639
625 626
625 639
625 640
626 627
626 640
626 641
627 628
627 629
627 641
628 629
628 657
628 693
629 630
629 641
629 657
629 677
630 631
630 641
630 646
630 676
630 677
631 632
631 646
631 650
631 675
631 676
632 633
632 650
632 653
632 674
632 675
633 634
633 653
633 655
633 673
633 674
634 635
634 655
634 656
634 672
634 673
635 656
635 671
635 672
636 637
636 642
637 638
637 642
637 643
638 639
638 643
638 644
639 640
639 644
639 645
640 641
640 645
640 646
641 646
642 643
642 647
643 644
643 647
643 648
644 645
644 648
644 649
645 646
645 649
645 650
646 650
647 648
647 651
648 649
648 651
648 652
649 650
649 652
649 653
650 653
651 652
651 654
652 653
652 654
652 655
653 655
654 655
654 656
655 656
657 658
657 677
657 693
657 713
658 659
658 677
658 682
658 712
658 713
659 660
659 682
659 686
659 711
659 712
660 661
660 686
660 689
660 710
660 711
661 662
661 689
661 691
661 709
661 710
662 663
662 691
662 692
662 708
662 709
663 664
663 665
663 692
663 707
663 708
664 665
664 707
664 743
665 666
665 692
666 667
666 690
666 692
667 668
667 687
667 690
668 669
668 683
668 687
669 670
669 678
669 683
670 671
670 672
670 678
671 672
672 673
672 678
673 674
673 678
673 679
674 675
674 679
674 680
675 676
675 680
675 681
676 677
676 681
676 682
677 682
678 679
678 683
679 680
679 683
679 684
680 681
680 684
680 685
681 682
681 685
681 686
682 686
683 684
683 687
684 685
684 687
684 688
685 686
685 688
685 689
686 689
687 688
687 690
688 689
688 690
688 691
689 691
690 691
690 692
691 692
693 694
693 713
694 695
694 713
694 718
695 696
695 718
695 722
696 697
696 722
696 725
697 698
697 725
697 727
698 699
698 727
698 728
699 700
699 701
699 728
700 701
700 729
700 765
701 702
701 728
701 729
701 749
702 703
702 726
702 728
702 748
702 749
703 704
703 723
703 726
703 747
703 748
704 705
704 719
704 723
704 746
704 747
705 706
705 714
705 719
705 745
705 746
706 707
706 708
706 714
706 744
706 745
707 708
707 743
707 744
708 709
708 714
709 710
709 714
709 715
710 711
710 715
710 716
711 712
711 716
711 717
712 713
712 717
712 718
713 718
714 715
714 719
715 716
715 719
715 720
716 717
716 720
716 721
717 718
717 721
717 722
718 722
719 720
719 723
720 721
720 723
720 724
721 722
721 724
721 725
722 725
723 724
723 726
724 725
724 726
724 727
725 727
726 727
726 728
727 728
729 730
729 749
729 765
729 780
730 731
730 749
730 754
730 780
730 786
731 732
731 754
731 758
731 786
731 791
732 733
732 758
732 761
732 791
732 795
733 734
733 761
733 763
733 795
733 798
734 735
734 763
734 764
734 798
734 800
735 736
735 737
735 764
735 779
735 800
736 737
736 779
736 815
737 738
737 764
738 739
738 762
738 764
739 740
739 759
739 762
740 741
740 755
740 759
741 742
741 750
741 755
742 743
742 744
742 750
743 744
744 745
744 750
745 746
745 750
745 751
746 747
746 751
746 752
747 748
747 752
747 753
748 749
748 753
748 754
749 754
750 751
750 755
751 752
751 755
751 756
752 753
752 756
752 757
753 754
753 757
753 758
754 758
755 756
755 759
756 757
756 759
756 760
757 758
757 760
757 761
758 761
759 760
759 762
760 761
760 762
760 763
761 763
762 763
762 764
763 764
765 766
765 780
766 767
766 780
766 781
767 768
767 781
767 782
768 769
768 782
768 783
769 770
769 783
769 784
770 771
770 784
770 785
771 772
771 773
771 785
772 773
772 801
772 837
773 774
773 785
773 801
773 821
774 775
774 785
774 790
774 820
774 821
775 776
775 790
775 794
775 819
775 820
776 777
776 794
776 797
776 818
776 819
777 778
777 797
777 799
777 817
777 818
778 779
778 799
778 800
778 816
778 817
779 800
779 815
779 816
780 781
780 786
781 782
781 786
781 787
782 783
782 787
782 788
783 784
783 788
783 789
784 785
784 789
784 790
785 790
786 787
786 791
787 788
787 791
787 792
788 789
788 792
788 793
789 790
789 793
789 794
790 794
791 792
791 795
792 793
792 795
792 796
793 794
793 796
793 797
794 797
795 796
795 798
796 797
796 798
796 799
797 799
798 799
798 800
799 800
801 802
801 821
801 837
801 852
802 803
802 821
802 826
802 852
802 858
803 804
803 826
803 830
803 858
803 863
804 805
804 830
804 833
804 863
804 867
805 806
805 833
805 835
805 867
805 870
806 807
806 835
806 836
806 870
806 872
807 808
807 809
807 836
807 851
807 872
808 809
808 851
808 1032
808 1033
808 1061
809 810
809 836
810 811
810 834
810 836
811 812
811 831
811 834
812 813
812 827
812 831
813 814
813 822
813 827
814 815
814 816
814 822
815 816
816 817
816 822
817 818
817 822
817 823
818 819
818 823
818 824
819 820
819 824
819 825
820 821
820 825
820 826
821 826
822 823
822 827
823 824
823 827
823 828
824 825
824 828
824 829
825 826
825 829
825 830
826 830
827 828
827 831
828 829
828 831
828 832
829 830
829 832
829 833
830 833
831 832
831 834
832 833
832 834
832 835
833 835
834 835
834 836
835 836
837 838
837 852
838 839
838 852
838 853
839 840
839 853
839 854
840 841
840 854
840 855
841 842
841 855
841 856
842 843
842 856
842 857
843 844
843 845
843 857
844 845
844 1097
844 1125
844 1161
845 846
845 857
845 1097
845 1109
846 847
846 857
846 862
846 1108
846 1109
847 848
847 862
847 866
847 1107
847 1108
848 849
848 866
848 869
848 1106
848 1107
849 850
849 869
849 871
849 1105
849 1106
850 851
850 871
850 872
850 1104
850 1105
851 872
851 1061
851 1104
852 853
852 858
853 854
853 858
853 859
854 855
854 859
854 860
855 856
855 860
855 861
856 857
856 861
856 862
857 862
858 859
858 863
859 860
859 863
859 864
860 861
860 864
860 865
861 862
861 865
861 866
862 866
863 864
863 867
864 865
864 867
864 868
865 866
865 868
865 869
866 869
867 868
867 870
868 869
868 870
868 871
869 871
870 871
870 872
871 872
873 874
873 896
874 875
874 896
874 897
875 876
875 897
875 898
876 877
876 898
876 899
877 878
877 899
877 900
878 879
878 900
878 901
879 880
879 901
879 902
880 881
880 882
880 902
881 882
881 918
881 954
882 883
882 902
882 918
882 938
883 884
883 902
883 907
883 937
883 938
884 885
884 907
884 911
884 936
884 937
885 886
885 911
885 914
885 935
885 936
886 887
886 914
886 916
886 934
886 935
887 888
887 916
887 917
887 933
887 934
888 889
888 890
888 917
888 932
888 933
889 890
889 932
890 891
890 917
891 892
891 915
891 917
892 893
892 912
892 915
893 894
893 908
893 912
894 895
894 903
894 908
895 896
895 897
895 903
896 897
897 898
897 903
898 899
898 903
898 904
899 900
899 904
899 905
900 901
900 905
900 906
901 902
901 906
901 907
902 907
903 904
903 908
904 905
904 908
904 909
905 906
905 909
905 910
906 907
906 910
906 911
907 911
908 909
908 912
909 910
909 912
909 913
910 911
910 913
910 914
911 914
912 913
912 915
913 914
913 915
913 916
914 916
915 916
915 917
916 917
918 919
918 938
918 954
918 969
919 920
919 938
919 943
919 969
919 975
920 921
920 943
920 947
920 975
920 980
921 922
921 947
921 950
921 980
921 984
922 923
922 950
922 952
922 984
922 987
923 924
923 952
923 953
923 987
923 989
924 925
924 926
924 953
924 968
924 989
925 926
925 968
925 1004
926 927
926 953
927 928
927 951
927 953
928 929
928 948
928 951
929 930
929 944
929 948
930 931
930 939
930 944
931 932
931 933
931 939
932 933
933 934
933 939
934 935
934 939
934 940
935 936
935 940
935 941
936 937
936 941
936 942
937 938
937 942
937 943
938 943
939 940
939 944
940 941
940 944
940 945
941 942
941 945
941 946
942 943
942 946
942 947
943 947
944 945
944 948
945 946
945 948
945 949
946 947
946 949
946 950
947 950
948 949
948 951
949 950
949 951
949 952
950 952
951 952
951 953
952 953
954 955
954 969
955 956
955 969
955 970
956 957
956 970
956 971
957 958
957 971
957 972
958 959
958 972
958 973
959 960
959 973
959 974
960 961
960 962
960 974
961 962
961 990
961 1026
962 963
962 974
962 990
962 1010
963 964
963 974
963 979
963 1009
963 1010
964 965
964 979
964 983
964 1008
964 1009
965 966
965 983
965 986
965 1007
965 1008
966 967
966 986
966 988
966 1006
966 1007
967 968
967 988
967 989
967 1005
967 1006
968 989
968 1004
968 1005
969 970
969 975
970 971
970 975
970 976
971 972
971 976
971 977
972 973
972 977
972 978
973 974
973 978
973 979
974 979
975 976
975 980
976 977
976 980
976 981
977 978
977 981
977 982
978 979
978 982
978 983
979 983
980 981
980 984
981 982
981 984
981 985
982 983
982 985
982 986
983 986
984 985
984 987
985 986
985 987
985 988
986 988
987 988
987 989
988 989
990 991
990 1010
990 1026
990 1040
991 992
991 1010
991 1015
991 1040
991 1046
992 993
992 1015
992 1019
992 1046
992 1051
993 994
993 1019
993 1022
993 1051
993 1055
994 995
994 1022
994 1024
994 1055
994 1058
995 996
995 1024
995 1025
995 1058
995 1060
996 997
996 998
996 1025
996 1039
996 1060
997 998
997 1039
997 1075
998 999
998 1025
999 1000
999 1023
999 1025
1000 1001
1000 1020
1000 1023
1001 1002
1001 1016
1001 1020
1002 1003
1002 1011
1002 1016
1003 1004
1003 1005
1003 1011
1004 1005
1005 1006
1005 1011
1006 1007
1006 1011
1006 1012
1007 1008
1007 1012
1007 1013
1008 1009
1008 1013
1008 1014
1009 1010
1009 1014
1009 1015
1010 1015
1011 1012
1011 1016
1012 1013
1012 1016
1012 1017
1013 1014
1013 1017
1013 1018
1014 1015
1014 1018
1014 1019
1015 1019
1016 1017
1016 1020
1017 1018
1017 1020
1017 1021
1018 1019
1018 1021
1018 1022
1019 1022
1020 1021
1020 1023
1021 1022
1021 1023
1021 1024
1022 1024
1023 1024
1023 1025
1024 1025
1026 1027
1026 1040
1027 1028
1027 1040
1027 1041
1028 1029
1028 1041
1028 1042
1029 1030
1029 1042
1029 1043
1030 1031
1030 1043
1030 1044
1031 1032
1031 1044
1031 1045
1032 1033
1032 1045
1033 1034
1033 1045
1033 1061
1033 1081
1034 1035
1034 1045
1034 1050
1034 1080
1034 1081
1035 1036
1035 1050
1035 1054
1035 1079
1035 1080
1036 1037
1036 1054
1036 1057
1036 1078
1036 1079
1037 1038
1037 1057
1037 1059
1037 1077
1037 1078
1038 1039
1038 1059
1038 1060
1038 1076
1038 1077
1039 1060
1039 1075
1039 1076
1040 1041
1040 1046
1041 1042
1041 1046
1041 1047
1042 1043
1042 1047
1042 1048
1043 1044
1043 1048
1043 1049
1044 1045
1044 1049
1044 1050
1045 1050
1046 1047
1046 1051
1047 1048
1047 1051
1047 1052
1048 1049
1048 1052
1048 1053
1049 1050
1049 1053
1049 1054
1050 1054
1051 1052
1051 1055
1052 1053
1052 1055
1052 1056
1053 1054
1053 1056
1053 1057
1054 1057
1055 1056
1055 1058
1056 1057
1056 1058
1056 1059
1057 1059
1058 1059
1058 1060
1059 1060
1061 1062
1061 1081
1061 1104
1062 1063
1062 1081
1062 1086
1062 1104
1062 1110
1063 1064
1063 1086
1063 1090
1063 1110
1063 1115
1064 1065
1064 1090
1064 1093
1064 1115
1064 1119
1065 1066
1065 1093
1065 1095
1065 1119
1065 1122
1066 1067
1066 1095
1066 1096
1066 1122
1066 1124
1067 1068
1067 1069
1067 1096
1067 1103
1067 1124
1068 1069
1068 1103
1068 1139
1069 1070
1069 1096
1070 1071
1070 1094
1070 1096
1071 1072
1071 1091
1071 1094
1072 1073
1072 1087
1072 1091
1073 1074
1073 1082
1073 1087
1074 1075
1074 1076
1074 1082
1075 1076
1076 1077
1076 1082
1077 1078
1077 1082
1077 1083
1078 1079
1078 1083
1078 1084
1079 1080
1079 1084
1079 1085
1080 1081
1080 1085
1080 1086
1081 1086
1082 1083
1082 1087
1083 1084
1083 1087
1083 1088
1084 1085
1084 1088
1084 1089
1085 1086
1085 1089
1085 1090
1086 1090
1087 1088
1087 1091
1088 1089
1088 1091
1088 1092
1089 1090
1089 1092
1089 1093
1090 1093
1091 1092
1091 1094
1092 1093
1092 1094
1092 1095
1093 1095
1094 1095
1094 1096
1095 1096
1097 1098
1097 1109
1097 1125
1097 1145
1098 1099
1098 1109
1098 1114
1098 1144
1098 1145
1099 1100
1099 1114
1099 1118
1099 1143
1099 1144
1100 1101
1100 1118
1100 1121
1100 1142
1100 1143
1101 1102
1101 1121
1101 1123
1101 1141
1101 1142
1102 1103
1102 1123
1102 1124
1102 1140
1102 1141
1103 1124
1103 1139
1103 1140
1104 1105
1104 1110
1105 1106
1105 1110
1105 1111
1106 1107
1106 1111
1106 1112
1107 1108
1107 1112
1107 1113
1108 1109
1108 1113
1108 1114
1109 1114
1110 1111
1110 1115
1111 1112
1111 1115
1111 1116
1112 1113
1112 1116
1112 1117
1113 1114
1113 1117
1113 1118
1114 1118
1115 1116
1115 1119
1116 1117
1116 1119
1116 1120
1117 1118
1117 1120
1117 1121
1118 1121
1119 1120
1119 1122
1120 1121
1120 1122
1120 1123
1121 1123
1122 1123
1122 1124
1123 1124
1125 1126
1125 1145
1125 1161
1125 1176
1126 1127
1126 1145
1126 1150
1126 1176
1126 1182
1127 1128
1127 1150
1127 1154
1127 1182
1127 1187
1128 1129
1128 1154
1128 1157
1128 1187
1128 1191
1129 1130
1129 1157
1129 1159
1129 1191
1129 1194
1130 1131
1130 1159
1130 1160
1130 1194
1130 1196
1131 1132
1131 1133
1131 1160
1131 1175
1131 1196
1132 1133
1132 1175
1132 1211
1133 1134
1133 1160
1134 1135
1134 1158
1134 1160
1135 1136
1135 1155
1135 1158
1136 1137
1136 1151
1136 1155
1137 1138
1137 1146
1137 1151
1138 1139
1138 1140
1138 1146
1139 1140
1140 1141
1140 1146
1141 1142
1141 1146
1141 1147
1142 1143
1142 1147
1142 1148
1143 1144
1143 1148
1143 1149
1144 1145
1144 1149
1144 1150
1145 1150
1146 1147
1146 1151
1147 1148
1147 1151
1147 1152
1148 1149
1148 1152
1148 1153
1149 1150
1149 1153
1149 1154
1150 1154
1151 1152
1151 1155
1152 1153
1152 1155
1152 1156
1153 1154
1153 1156
1153 1157
1154 1157
1155 1156
1155 1158
1156 1157
1156 1158
1156 1159
1157 1159
1158 1159
1158 1160
1159 1160
1161 1162
1161 1176
1162 1163
1162 1176
1162 1177
1163 1164
1163 1177
1163 1178
1164 1165
1164 1178
1164 1179
1165 1166
1165 1179
1165 1180
1166 1167
1166 1180
1166 1181
1167 1168
1167 1169
1167 1181
1168 1169
1168 1197
1168 1233
1169 1170
1169 1181
1169 1197
1169 1217
1170 1171
1170 1181
1170 1186
1170 1216
1170 1217
1171 1172
1171 1186
1171 1190
1171 1215
1171 1216
1172 1173
1172 1190
1172 1193
1172 1214
1172 1215
1173 1174
1173 1193
1173 1195
1173 1213
1173 1214
1174 1175
1174 1195
1174 1196
1174 1212
1174 1213
1175 1196
1175 1211
1175 1212
1176 1177
1176 1182
1177 1178
1177 1182
1177 1183
1178 1179
1178 1183
1178 1184
1179 1180
1179 1184
1179 1185
1180 1181
1180 1185
1180 1186
1181 1186
1182 1183
1182 1187
1183 1184
1183 1187
1183 1188
1184 1185
1184 1188
1184 1189
1185 1186
1185 1189
1185 1190
1186 1190
1187 1188
1187 1191
1188 1189
1188 1191
1188 1192
1189 1190
1189 1192
1189 1193
1190 1193
1191 1192
1191 1194
1192 1193
1192 1194
1192 1195
1193 1195
1194 1195
1194 1196
1195 1196
1197 1198
1197 1217
1197 1233
1197 1253
1198 1199
1198 1217
1198 1222
1198 1252
1198 1253
1199 1200
1199 1222
1199 1226
1199 1251
1199 1252
1200 1201
1200 1226
1200 1229
1200 1250
1200 1251
1201 1202
1201 1229
1201 1231
1201 1249
1201 1250
1202 1203
1202 1231
1202 1232
1202 1248
1202 1249
1203 1204
1203 1205
1203 1232
1203 1247
1203 1248
1204 1205
1204 1247
1204 1283
1205 1206
1205 1232
1206 1207
1206 1230
1206 1232
1207 1208
1207 1227
1207 1230
1208 1209
1208 1223
1208 1227
1209 1210
1209 1218
1209 1223
1210 1211
1210 1212
1210 1218
1211 1212
1212 1213
1212 1218
1213 1214
1213 1218
1213 1219
1214 1215
1214 1219
1214 1220
1215 1216
1215 1220
1215 1221
1216 1217
1216 1221
1216 1222
1217 1222
1218 1219
1218 1223
1219 1220
1219 1223
1219 1224
1220 1221
1220 1224
1220 1225
1221 1222
1221 1225
1221 1226
1222 1226
1223 1224
1223 1227
1224 1225
1224 1227
1224 1228
1225 1226
1225 1228
1225 1229
1226 1229
1227 1228
1227 1230
1228 1229
1228 1230
1228 1231
1229 1231
1230 1231
1230 1232
1231 1232
1233 1234
1233 1253
1234 1235
1234 1253
1234 1258
1235 1236
1235 1258
1235 1262
1236 1237
1236 1262
1236 1265
1237 1238
1237 1265
1237 1267
1238 1239
1238 1267
1238 1268
1239 1240
1239 1241
1239 1268
1240 1241
1240 1269
1240 1305
1241 1242
1241 1268
1241 1269
1241 1289
1242 1243
1242 1266
1242 1268
1242 1288
1242 1289
1243 1244
1243 1263
1243 1266
1243 1287
1243 1288
1244 1245
1244 1259
1244 1263
1244 1286
1244 1287
1245 1246
1245 1254
1245 1259
1245 1285
1245 1286
1246 1247
1246 1248
1246 1254
1246 1284
1246 1285
1247 1248
1247 1283
1247 1284
1248 1249
1248 1254
1249 1250
1249 1254
1249 1255
1250 1251
1250 1255
1250 1256
1251 1252
1251 1256
1251 1257
1252 1253
1252 1257
1252 1258
1253 1258
1254 1255
1254 1259
1255 1256
1255 1259
1255 1260
1256 1257
1256 1260
1256 1261
1257 1258
1257 1261
1257 1262
1258 1262
1259 1260
1259 1263
1260 1261
1260 1263
1260 1264
1261 1262
1261 1264
1261 1265
1262 1265
1263 1264
1263 1266
1264 1265
1264 1266
1264 1267
1265 1267
1266 1267
1266 1268
1267 1268
1269 1270
1269 1289
1269 1305
1269 1325
1270 1271
1270 1289
1270 1294
1270 1324
1270 1325
1271 1272
1271 1294
1271 1298
1271 1323
1271 1324
1272 1273
1272 1298
1272 1301
1272 1322
1272 1323
1273 1274
1273 1301
1273 1303
1273 1321
1273 1322
1274 1275
1274 1303
1274 1304
1274 1320
1274 1321
1275 1276
1275 1277
1275 1304
1275 1319
1275 1320
1276 1277
1276 1319
1276 1355
1277 1278
1277 1304
1278 1279
1278 1302
1278 1304
1279 1280
1279 1299
1279 1302
1280 1281
1280 1295
1280 1299
1281 1282
1281 1290
1281 1295
1282 1283
1282 1284
1282 1290
1283 1284
1284 1285
1284 1290
1285 1286
1285 1290
1285 1291
1286 1287
1286 1291
1286 1292
1287 1288
1287 1292
1287 1293
1288 1289
1288 1293
1288 1294
1289 1294
1290 1291
1290 1295
1291 1292
1291 1295
1291 1296
1292 1293
1292 1296
1292 1297
1293 1294
1293 1297
1293 1298
1294 1298
1295 1296
1295 1299
1296 1297
1296 1299
1296 1300
1297 1298
1297 1300
1297 1301
1298 1301
1299 1300
1299 1302
1300 1301
1300 1302
1300 1303
1301 1303
1302 1303
1302 1304
1303 1304
1305 1306
1305 1325
1306 1307
1306 1325
1306 1330
1307 1308
1307 1330
1307 1334
1308 1309
1308 1334
1308 1337
1309 1310
1309 1337
1309 1339
1310 1311
1310 1339
1310 1340
1311 1312
1311 1313
1311 1340
1312 1313
1312 1341
1313 1314
1313 1340
1313 1341
1313 1361
1314 1315
1314 1338
1314 1340
1314 1360
1314 1361
1315 1316
1315 1335
1315 1338
1315 1359
1315 1360
1316 1317
1316 1331
1316 1335
1316 1358
1316 1359
1317 1318
1317 1326
1317 1331
1317 1357
1317 1358
1318 1319
1318 1320
1318 1326
1318 1356
1318 1357
1319 1320
1319 1355
1319 1356
1320 1321
1320 1326
1321 1322
1321 1326
1321 1327
1322 1323
1322 1327
1322 1328
1323 1324
1323 1328
1323 1329
1324 1325
1324 1329
1324 1330
1325 1330
1326 1327
1326 1331
1327 1328
1327 1331
1327 1332
1328 1329
1328 1332
1328 1333
1329 1330
1329 1333
1329 1334
1330 1334
1331 1332
1331 1335
1332 1333
1332 1335
1332 1336
1333 1334
1333 1336
1333 1337
1334 1337
1335 1336
1335 1338
1336 1337
1336 1338
1336 1339
1337 1339
1338 1339
1338 1340
1339 1340
1341 1342
1341 1361
1342 1343
1342 1361
1342 1366
1343 1344
1343 1366
1343 1370
1344 1345
1344 1370
1344 1373
1345 1346
1345 1373
1345 1375
1346 1347
1346 1375
1346 1376
1347 1348
1347 1349
1347 1376
1348 1349
1349 1350
1349 1376
1350 1351
1350 1374
1350 1376
1351 1352
1351 1371
1351 1374
1352 1353
1352 1367
1352 1371
1353 1354
1353 1362
1353 1367
1354 1355
1354 1356
1354 1362
1355 1356
1356 1357
1356 1362
1357 1358
1357 1362
1357 1363
1358 1359
1358 1363
1358 1364
1359 1360
1359 1364
1359 1365
1360 1361
1360 1365
1360 1366
1361 1366
1362 1363
1362 1367
1363 1364
1363 1367
1363 1368
1364 1365
1364 1368
1364 1369
1365 1366
1365 1369
1365 1370
1366 1370
1367 1368
1367 1371
1368 1369
1368 1371
1368 1372
1369 1370
1369 1372
1369 1373
1370 1373
1371 1372
1371 1374
1372 1373
1372 1374
1372 1375
1373 1375
1374 1375
1374 1376
1375 1376
