362 880
0 130
0 246
1 130
1 131
1 245
1 247
2 132
2 249
3 132
3 133
3 246
3 250
4 133
4 134
4 247
4 251
5 134
5 135
5 248
5 252
6 136
6 254
7 136
7 137
7 255
8 137
8 138
8 249
8 256
9 138
9 139
9 250
9 257
10 139
10 140
10 251
10 258
11 140
11 141
11 252
11 259
12 141
12 142
12 253
12 260
13 143
13 254
13 261
14 143
14 144
14 255
14 262
15 144
15 145
15 256
15 263
16 145
16 146
16 257
16 264
17 146
17 147
17 258
17 265
18 147
18 148
18 259
18 266
19 148
19 260
19 267
20 149
20 268
21 149
21 150
21 269
22 150
22 151
22 261
22 270
23 151
23 152
23 262
23 271
24 152
24 153
24 263
24 272
25 153
25 154
25 264
25 273
26 154
26 155
26 265
26 274
27 155
27 156
27 266
27 275
28 156
28 267
28 276
29 157
29 277
30 157
30 158
30 268
30 278
31 158
31 159
31 269
31 279
32 159
32 160
32 270
32 280
33 160
33 161
33 271
33 281
34 161
34 162
34 272
34 282
35 162
35 163
35 273
35 283
36 163
36 164
36 274
36 284
37 164
37 165
37 275
37 285
38 165
38 166
38 276
38 286
39 166
39 287
40 167
40 277
40 288
41 167
41 168
41 278
41 289
42 168
42 169
42 279
42 290
43 169
43 170
43 280
43 291
44 170
44 171
44 281
44 292
45 171
45 172
45 282
45 293
46 172
46 173
46 283
46 294
47 173
47 174
47 284
47 295
48 174
48 175
48 285
48 296
49 175
49 176
49 286
49 297
50 176
50 287
50 298
51 177
51 288
52 177
52 178
52 289
52 299
53 178
53 179
53 290
53 300
54 179
54 180
54 291
54 301
55 180
55 181
55 292
55 302
56 181
56 182
56 293
56 303
57 182
57 183
57 294
57 304
58 183
58 184
58 295
58 305
59 184
59 185
59 296
59 306
60 185
60 186
60 297
60 307
61 186
61 187
61 298
61 308
62 187
62 309
63 188
63 299
64 188
64 189
64 300
65 189
65 190
65 301
65 310
66 190
66 191
66 302
66 311
67 191
67 192
67 303
67 312
68 192
68 193
68 304
68 313
69 193
69 194
69 305
69 314
70 194
70 195
70 306
70 315
71 195
71 196
71 307
71 316
72 196
72 197
72 308
72 317
73 197
73 309
73 318
74 198
74 310
75 198
75 199
75 311
75 319
76 199
76 200
76 312
76 320
77 200
77 201
77 313
77 321
78 201
78 202
78 314
78 322
79 202
79 203
79 315
79 323
80 203
80 204
80 316
80 324
81 204
81 205
81 317
81 325
82 205
82 206
82 318
82 326
83 206
84 207
84 319
84 327
85 207
85 208
85 320
85 328
86 208
86 209
86 321
86 329
87 209
87 210
87 322
87 330
88 210
88 211
88 323
88 331
89 211
89 212
89 324
89 332
90 212
90 213
90 325
90 333
91 213
91 326
92 214
92 327
92 334
93 214
93 215
93 328
93 335
94 215
94 216
94 329
94 336
95 216
95 217
95 330
95 337
96 217
96 218
96 331
96 338
97 218
97 219
97 332
97 339
98 219
98 333
98 340
99 220
99 341
100 220
100 221
100 334
100 342
101 221
101 222
101 335
101 343
102 222
102 223
102 336
102 344
103 223
103 224
103 337
103 345
104 224
104 225
104 338
104 346
105 225
105 226
105 339
105 347
106 226
106 227
106 340
106 348
107 227
107 349
108 228
108 350
109 228
109 229
109 341
109 351
110 229
110 230
110 342
110 352
111 230
111 231
111 343
112 231
112 232
112 344
112 353
113 232
113 233
113 345
113 354
114 233
114 234
114 346
114 355
115 234
115 235
115 347
115 356
116 235
116 236
116 348
116 357
117 236
117 349
118 237
118 350
118 358
119 237
119 238
119 351
119 359
120 238
120 352
121 239
121 353
122 239
122 240
122 354
122 360
123 240
123 241
123 355
123 361
124 241
124 242
124 356
125 242
125 357
126 243
126 358
127 243
127 359
128 244
128 360
129 244
129 361
130 245
130 246
130 247
131 245
131 247
131 248
132 246
132 249
132 250
133 246
133 247
133 250
133 251
134 247
134 248
134 251
134 252
135 248
135 252
135 253
136 254
136 255
137 249
137 255
137 256
138 249
138 250
138 256
138 257
139 250
139 251
139 257
139 258
140 251
140 252
140 258
140 259
141 252
141 253
141 259
141 260
142 253
142 260
143 254
143 255
143 261
143 262
144 255
144 256
144 262
144 263
145 256
145 257
145 263
145 264
146 257
146 258
146 264
146 265
147 258
147 259
147 265
147 266
148 259
148 260
148 266
148 267
149 268
149 269
150 261
150 269
150 270
151 261
151 262
151 270
151 271
152 262
152 263
152 271
152 272
153 263
153 264
153 272
153 273
154 264
154 265
154 273
154 274
155 265
155 266
155 274
155 275
156 266
156 267
156 275
156 276
157 268
157 277
157 278
158 268
158 269
158 278
158 279
159 269
159 270
159 279
159 280
160 270
160 271
160 280
160 281
161 271
161 272
161 281
161 282
162 272
162 273
162 282
162 283
163 273
163 274
163 283
163 284
164 274
164 275
164 284
164 285
165 275
165 276
165 285
165 286
166 276
166 286
166 287
167 277
167 278
167 288
167 289
168 278
168 279
168 289
168 290
169 279
169 280
169 290
169 291
170 280
170 281
170 291
170 292
171 281
171 282
171 292
171 293
172 282
172 283
172 293
172 294
173 283
173 284
173 294
173 295
174 284
174 285
174 295
174 296
175 285
175 286
175 296
175 297
176 286
176 287
176 297
176 298
177 288
177 289
177 299
178 289
178 290
178 299
178 300
179 290
179 291
179 300
179 301
180 291
180 292
180 301
180 302
181 292
181 293
181 302
181 303
182 293
182 294
182 303
182 304
183 294
183 295
183 304
183 305
184 295
184 296
184 305
184 306
185 296
185 297
185 306
185 307
186 297
186 298
186 307
186 308
187 298
187 308
187 309
188 299
188 300
189 300
189 301
189 310
190 301
190 302
190 310
190 311
191 302
191 303
191 311
191 312
192 303
192 304
192 312
192 313
193 304
193 305
193 313
193 314
194 305
194 306
194 314
194 315
195 306
195 307
195 315
195 316
196 307
196 308
196 316
196 317
197 308
197 309
197 317
197 318
198 310
198 311
198 319
199 311
199 312
199 319
199 320
200 312
200 313
200 320
200 321
201 313
201 314
201 321
201 322
202 314
202 315
202 322
202 323
203 315
203 316
203 323
203 324
204 316
204 317
204 324
204 325
205 317
205 318
205 325
205 326
206 318
206 326
207 319
207 320
207 327
207 328
208 320
208 321
208 328
208 329
209 321
209 322
209 329
209 330
210 322
210 323
210 330
210 331
211 323
211 324
211 331
211 332
212 324
212 325
212 332
212 333
213 325
213 326
213 333
214 327
214 328
214 334
214 335
215 328
215 329
215 335
215 336
216 329
216 330
216 336
216 337
217 330
217 331
217 337
217 338
218 331
218 332
218 338
218 339
219 332
219 333
219 339
219 340
220 334
220 341
220 342
221 334
221 335
221 342
221 343
222 335
222 336
222 343
222 344
223 336
223 337
223 344
223 345
224 337
224 338
224 345
224 346
225 338
225 339
225 346
225 347
226 339
226 340
226 347
226 348
227 340
227 348
227 349
228 341
228 350
228 351
229 341
229 342
229 351
229 352
230 342
230 343
230 352
231 343
231 344
231 353
232 344
232 345
232 353
232 354
233 345
233 346
233 354
233 355
234 346
234 347
234 355
234 356
235 347
235 348
235 356
235 357
236 348
236 349
236 357
237 350
237 351
237 358
237 359
238 351
238 352
238 359
239 353
239 354
239 360
240 354
240 355
240 360
240 361
241 355
241 356
241 361
242 356
242 357
243 358
243 359
244 360
244 361
