234 300
0 4
1 8
2 12
3 16
4 5
4 19
4 20
4 25
5 6
6 7
6 33
6 34
7 8
8 9
8 21
8 27
9 10
10 11
10 35
10 36
11 12
12 13
12 22
12 29
13 14
14 15
14 37
14 38
15 16
16 17
16 23
16 31
17 18
18 19
18 39
18 40
20 24
21 24
22 24
23 24
25 26
26 41
27 28
28 43
29 30
30 45
31 32
32 47
33 41
34 43
35 43
36 45
37 45
38 47
39 47
40 41
41 42
41 48
41 49
41 50
41 61
42 43
43 44
43 52
43 58
43 59
44 45
45 46
45 49
45 54
45 60
46 47
47 48
47 56
50 51
51 62
52 53
53 64
54 55
55 66
56 57
57 68
58 62
59 66
60 68
61 68
62 63
62 69
62 71
62 79
63 64
64 65
64 70
64 73
65 66
66 67
66 75
66 80
67 68
68 69
68 70
68 77
68 81
68 82
71 72
72 83
73 74
74 85
75 76
76 87
77 78
78 89
79 85
80 85
81 87
82 83
83 84
83 90
83 91
83 92
83 103
84 85
85 86
85 94
85 100
85 101
86 87
87 88
87 91
87 96
87 102
88 89
89 90
89 98
92 93
93 104
94 95
95 106
96 97
97 108
98 99
99 110
100 104
101 108
102 110
103 110
104 105
104 111
104 112
104 113
105 106
106 107
106 112
106 114
107 108
108 109
108 112
108 115
109 110
110 111
110 112
110 116
117 121
118 122
119 123
120 124
121 125
122 126
123 127
124 128
125 129
126 130
127 131
128 132
129 133
130 134
131 135
132 136
133 137
134 138
135 139
136 140
141 142
142 143
143 144
144 145
145 146
146 147
146 185
146 188
146 189
146 192
147 148
148 149
148 193
148 196
149 150
150 151
152 153
153 154
154 155
155 156
156 157
157 158
157 185
157 186
157 190
158 159
159 160
159 189
159 195
159 200
160 161
161 162
163 164
164 165
165 166
166 167
167 168
168 169
168 186
168 187
169 170
170 171
170 190
170 191
170 200
170 203
171 172
172 173
174 175
175 176
176 177
177 178
178 179
179 180
179 187
179 188
179 191
180 181
181 182
181 192
181 196
181 201
182 183
183 184
193 194
193 197
194 195
194 198
195 199
197 201
198 202
199 203
201 202
202 203
204 205
204 210
205 206
205 211
206 207
206 212
207 208
207 213
208 209
208 214
209 215
210 211
210 216
211 212
211 217
212 213
212 218
213 214
213 219
214 215
214 220
215 221
216 222
217 223
218 224
219 225
220 226
221 227
222 223
222 228
223 224
223 229
224 225
224 230
225 226
225 231
226 227
226 232
227 233
228 229
229 230
230 231
231 232
232 233
