1473 9093
0 1
0 3
0 4
0 51
0 52
0 54
0 55
1 3
1 4
1 51
1 52
1 54
1 55
2 5
2 53
2 56
3 4
3 9
3 10
3 51
3 52
3 54
3 55
3 57
3 58
3 60
3 61
4 9
4 10
4 51
4 52
4 54
4 55
4 57
4 58
4 60
4 61
5 11
5 53
5 56
5 62
6 7
6 54
6 55
6 57
6 58
7 54
7 55
7 57
7 58
8 59
9 10
9 12
9 13
9 54
9 55
9 60
9 61
9 63
9 64
10 12
10 13
10 54
10 55
10 60
10 61
10 63
10 64
11 14
11 56
11 62
11 65
12 13
12 15
12 16
12 60
12 61
12 63
12 64
12 66
12 67
13 15
13 16
13 60
13 61
13 63
13 64
13 66
13 67
14 17
14 62
14 65
14 68
15 16
15 18
15 19
15 63
15 64
15 66
15 67
15 69
15 70
16 18
16 19
16 63
16 64
16 66
16 67
16 69
16 70
17 20
17 65
17 68
17 71
18 19
18 21
18 22
18 66
18 67
18 69
18 70
18 72
18 73
19 21
19 22
19 66
19 67
19 69
19 70
19 72
19 73
20 23
20 68
20 71
20 74
21 22
21 24
21 25
21 69
21 70
21 72
21 73
21 75
21 76
22 24
22 25
22 69
22 70
22 72
22 73
22 75
22 76
23 26
23 71
23 74
23 77
24 25
24 27
24 28
24 72
24 73
24 75
24 76
24 78
24 79
25 27
25 28
25 72
25 73
25 75
25 76
25 78
25 79
26 29
26 74
26 77
26 80
27 28
27 30
27 31
27 75
27 76
27 78
27 79
27 81
27 82
28 30
28 31
28 75
28 76
28 78
28 79
28 81
28 82
29 32
29 77
29 80
29 83
30 31
30 33
30 34
30 78
30 79
30 81
30 82
30 84
30 85
31 33
31 34
31 78
31 79
31 81
31 82
31 84
31 85
32 35
32 80
32 83
32 86
33 34
33 36
33 37
33 81
33 82
33 84
33 85
33 87
33 88
34 36
34 37
34 81
34 82
34 84
34 85
34 87
34 88
35 38
35 83
35 86
35 89
36 37
36 39
36 40
36 84
36 85
36 87
36 88
36 90
36 91
37 39
37 40
37 84
37 85
37 87
37 88
37 90
37 91
38 41
38 86
38 89
38 92
39 40
39 42
39 43
39 87
39 88
39 90
39 91
39 93
39 94
40 42
40 43
40 87
40 88
40 90
40 91
40 93
40 94
41 44
41 89
41 92
41 95
42 43
42 48
42 49
42 90
42 91
42 93
42 94
42 96
42 97
42 99
42 100
43 48
43 49
43 90
43 91
43 93
43 94
43 96
43 97
43 99
43 100
44 50
44 92
44 95
44 101
45 46
45 93
45 94
45 96
45 97
46 93
46 94
46 96
46 97
47 98
48 49
48 93
48 94
48 99
48 100
49 93
49 94
49 99
49 100
50 95
50 101
51 52
51 54
51 55
51 102
51 103
51 105
51 106
52 54
52 55
52 102
52 103
52 105
52 106
53 56
53 104
53 107
54 55
54 60
54 61
54 102
54 103
54 105
54 106
54 108
54 109
54 111
54 112
55 60
55 61
55 102
55 103
55 105
55 106
55 108
55 109
55 111
55 112
56 62
56 104
56 107
56 113
57 58
57 105
57 106
57 108
57 109
58 105
58 106
58 108
58 109
59 110
60 61
60 63
60 64
60 105
60 106
60 111
60 112
60 114
60 115
61 63
61 64
61 105
61 106
61 111
61 112
61 114
61 115
62 65
62 107
62 113
62 116
63 64
63 66
63 67
63 111
63 112
63 114
63 115
63 117
63 118
64 66
64 67
64 111
64 112
64 114
64 115
64 117
64 118
65 68
65 113
65 116
65 119
66 67
66 69
66 70
66 114
66 115
66 117
66 118
66 120
66 121
67 69
67 70
67 114
67 115
67 117
67 118
67 120
67 121
68 71
68 116
68 119
68 122
69 70
69 72
69 73
69 117
69 118
69 120
69 121
69 123
69 124
70 72
70 73
70 117
70 118
70 120
70 121
70 123
70 124
71 74
71 119
71 122
71 125
72 73
72 75
72 76
72 120
72 121
72 123
72 124
72 126
72 127
73 75
73 76
73 120
73 121
73 123
73 124
73 126
73 127
74 77
74 122
74 125
74 128
75 76
75 78
75 79
75 123
75 124
75 126
75 127
75 129
75 130
76 78
76 79
76 123
76 124
76 126
76 127
76 129
76 130
77 80
77 125
77 128
77 131
78 79
78 81
78 82
78 126
78 127
78 129
78 130
78 132
78 133
79 81
79 82
79 126
79 127
79 129
79 130
79 132
79 133
80 83
80 128
80 131
80 134
81 82
81 84
81 85
81 129
81 130
81 132
81 133
81 135
81 136
82 84
82 85
82 129
82 130
82 132
82 133
82 135
82 136
83 86
83 131
83 134
83 137
84 85
84 87
84 88
84 132
84 133
84 135
84 136
84 138
84 139
85 87
85 88
85 132
85 133
85 135
85 136
85 138
85 139
86 89
86 134
86 137
86 140
87 88
87 90
87 91
87 135
87 136
87 138
87 139
87 141
87 142
88 90
88 91
88 135
88 136
88 138
88 139
88 141
88 142
89 92
89 137
89 140
89 143
90 91
90 93
90 94
90 138
90 139
90 141
90 142
90 144
90 145
91 93
91 94
91 138
91 139
91 141
91 142
91 144
91 145
92 95
92 140
92 143
92 146
93 94
93 99
93 100
93 141
93 142
93 144
93 145
93 147
93 148
93 150
93 151
94 99
94 100
94 141
94 142
94 144
94 145
94 147
94 148
94 150
94 151
95 101
95 143
95 146
95 152
96 97
96 144
96 145
96 147
96 148
97 144
97 145
97 147
97 148
98 149
99 100
99 144
99 145
99 150
99 151
100 144
100 145
100 150
100 151
101 146
101 152
102 103
102 105
102 106
102 153
102 154
102 156
102 157
103 105
103 106
103 153
103 154
103 156
103 157
104 107
104 155
104 158
105 106
105 111
105 112
105 153
105 154
105 156
105 157
105 159
105 160
105 162
105 163
106 111
106 112
106 153
106 154
106 156
106 157
106 159
106 160
106 162
106 163
107 113
107 155
107 158
107 164
108 109
108 156
108 157
108 159
108 160
109 156
109 157
109 159
109 160
110 161
111 112
111 114
111 115
111 156
111 157
111 162
111 163
111 165
111 166
112 114
112 115
112 156
112 157
112 162
112 163
112 165
112 166
113 116
113 158
113 164
113 167
114 115
114 117
114 118
114 162
114 163
114 165
114 166
114 168
114 169
115 117
115 118
115 162
115 163
115 165
115 166
115 168
115 169
116 119
116 164
116 167
116 170
117 118
117 120
117 121
117 165
117 166
117 168
117 169
117 171
117 172
118 120
118 121
118 165
118 166
118 168
118 169
118 171
118 172
119 122
119 167
119 170
119 173
120 121
120 123
120 124
120 168
120 169
120 171
120 172
120 174
120 175
121 123
121 124
121 168
121 169
121 171
121 172
121 174
121 175
122 125
122 170
122 173
122 176
123 124
123 126
123 127
123 171
123 172
123 174
123 175
123 177
123 178
124 126
124 127
124 171
124 172
124 174
124 175
124 177
124 178
125 128
125 173
125 176
125 179
126 127
126 129
126 130
126 174
126 175
126 177
126 178
126 180
126 181
127 129
127 130
127 174
127 175
127 177
127 178
127 180
127 181
128 131
128 176
128 179
128 182
129 130
129 132
129 133
129 177
129 178
129 180
129 181
129 183
129 184
130 132
130 133
130 177
130 178
130 180
130 181
130 183
130 184
131 134
131 179
131 182
131 185
132 133
132 135
132 136
132 180
132 181
132 183
132 184
132 186
132 187
133 135
133 136
133 180
133 181
133 183
133 184
133 186
133 187
134 137
134 182
134 185
134 188
135 136
135 138
135 139
135 183
135 184
135 186
135 187
135 189
135 190
136 138
136 139
136 183
136 184
136 186
136 187
136 189
136 190
137 140
137 185
137 188
137 191
138 139
138 141
138 142
138 186
138 187
138 189
138 190
138 192
138 193
139 141
139 142
139 186
139 187
139 189
139 190
139 192
139 193
140 143
140 188
140 191
140 194
141 142
141 144
141 145
141 189
141 190
141 192
141 193
141 195
141 196
142 144
142 145
142 189
142 190
142 192
142 193
142 195
142 196
143 146
143 191
143 194
143 197
144 145
144 150
144 151
144 192
144 193
144 195
144 196
144 198
144 199
144 201
144 202
145 150
145 151
145 192
145 193
145 195
145 196
145 198
145 199
145 201
145 202
146 152
146 194
146 197
146 203
147 148
147 195
147 196
147 198
147 199
148 195
148 196
148 198
148 199
149 200
150 151
150 195
150 196
150 201
150 202
151 195
151 196
151 201
151 202
152 197
152 203
153 154
153 156
153 157
153 204
153 205
153 207
153 208
154 156
154 157
154 204
154 205
154 207
154 208
155 158
155 206
155 209
156 157
156 162
156 163
156 204
156 205
156 207
156 208
156 210
156 211
156 213
156 214
157 162
157 163
157 204
157 205
157 207
157 208
157 210
157 211
157 213
157 214
158 164
158 206
158 209
158 215
159 160
159 207
159 208
159 210
159 211
160 207
160 208
160 210
160 211
161 212
162 163
162 165
162 166
162 207
162 208
162 213
162 214
162 216
162 217
163 165
163 166
163 207
163 208
163 213
163 214
163 216
163 217
164 167
164 209
164 215
164 218
165 166
165 168
165 169
165 213
165 214
165 216
165 217
165 219
165 220
166 168
166 169
166 213
166 214
166 216
166 217
166 219
166 220
167 170
167 215
167 218
167 221
168 169
168 171
168 172
168 216
168 217
168 219
168 220
168 222
168 223
169 171
169 172
169 216
169 217
169 219
169 220
169 222
169 223
170 173
170 218
170 221
170 224
171 172
171 174
171 175
171 219
171 220
171 222
171 223
171 225
171 226
172 174
172 175
172 219
172 220
172 222
172 223
172 225
172 226
173 176
173 221
173 224
173 227
174 175
174 177
174 178
174 222
174 223
174 225
174 226
174 228
174 229
175 177
175 178
175 222
175 223
175 225
175 226
175 228
175 229
176 179
176 224
176 227
176 230
177 178
177 180
177 181
177 225
177 226
177 228
177 231
177 232
178 180
178 181
178 225
178 226
178 229
178 231
178 232
179 182
179 227
179 230
179 233
180 181
180 183
180 184
180 228
180 229
180 231
180 232
180 234
180 235
181 183
181 184
181 228
181 229
181 231
181 232
181 234
181 235
182 185
182 230
182 233
182 236
183 184
183 186
183 187
183 231
183 232
183 234
183 235
183 237
183 238
184 186
184 187
184 231
184 232
184 234
184 235
184 237
184 238
185 188
185 233
185 236
185 239
186 187
186 189
186 190
186 234
186 235
186 237
186 238
186 240
186 241
187 189
187 190
187 234
187 235
187 237
187 238
187 240
187 241
188 191
188 236
188 239
188 242
189 190
189 192
189 193
189 237
189 238
189 240
189 241
189 243
189 244
190 192
190 193
190 237
190 238
190 240
190 241
190 243
190 244
191 194
191 239
191 242
191 245
192 193
192 195
192 196
192 240
192 241
192 243
192 244
192 246
192 247
193 195
193 196
193 240
193 241
193 243
193 244
193 246
193 247
194 197
194 242
194 245
194 248
195 196
195 201
195 202
195 243
195 244
195 246
195 247
195 249
195 250
195 252
195 253
196 201
196 202
196 243
196 244
196 246
196 247
196 249
196 250
196 252
196 253
197 203
197 245
197 248
197 254
198 199
198 246
198 247
198 249
198 250
199 246
199 247
199 249
199 250
200 251
201 202
201 246
201 247
201 252
201 253
202 246
202 247
202 252
202 253
203 248
203 254
204 205
204 207
204 208
204 255
204 256
204 258
204 259
205 207
205 208
205 255
205 256
205 258
205 259
206 209
206 257
206 260
207 208
207 213
207 214
207 255
207 256
207 258
207 259
207 261
207 262
207 264
207 265
208 213
208 214
208 255
208 256
208 258
208 259
208 261
208 262
208 264
208 265
209 215
209 257
209 260
209 266
210 211
210 258
210 259
210 261
210 262
211 258
211 259
211 261
211 262
212 263
213 214
213 216
213 217
213 258
213 259
213 264
213 265
213 267
213 268
214 216
214 217
214 258
214 259
214 264
214 265
214 267
214 268
215 218
215 260
215 266
215 269
216 217
216 219
216 220
216 264
216 265
216 267
216 268
216 270
216 271
217 219
217 220
217 264
217 265
217 267
217 268
217 270
217 271
218 221
218 266
218 269
218 272
219 220
219 222
219 223
219 267
219 268
219 270
219 271
219 273
219 274
220 222
220 223
220 267
220 268
220 270
220 271
220 273
220 274
221 224
221 269
221 272
221 275
222 223
222 225
222 226
222 270
222 271
222 273
222 274
222 276
222 277
223 225
223 226
223 270
223 271
223 273
223 274
223 276
223 277
224 227
224 272
224 275
224 278
225 226
225 228
225 229
225 273
225 274
225 276
225 277
225 279
225 280
226 228
226 229
226 273
226 274
226 276
226 277
226 279
226 280
227 230
227 275
227 278
227 281
228 231
228 232
228 276
228 277
228 279
228 280
228 282
228 283
229 231
229 232
229 276
229 277
229 279
229 280
229 282
229 283
230 233
230 278
230 281
230 284
231 232
231 234
231 235
231 279
231 280
231 282
231 283
231 285
231 286
232 234
232 235
232 279
232 280
232 282
232 283
232 285
232 286
233 236
233 281
233 284
233 287
234 235
234 237
234 238
234 282
234 283
234 285
234 286
234 288
234 289
235 237
235 238
235 282
235 283
235 285
235 286
235 288
235 289
236 239
236 284
236 287
236 290
237 238
237 240
237 241
237 285
237 286
237 288
237 289
237 291
237 292
238 240
238 241
238 285
238 286
238 288
238 289
238 291
238 292
239 242
239 287
239 290
239 293
240 241
240 243
240 244
240 288
240 289
240 291
240 292
240 294
240 295
241 243
241 244
241 288
241 289
241 291
241 292
241 294
241 295
242 245
242 290
242 293
242 296
243 244
243 246
243 247
243 291
243 292
243 294
243 295
243 297
243 298
244 246
244 247
244 291
244 292
244 294
244 295
244 297
244 298
245 248
245 293
245 296
245 299
246 247
246 252
246 253
246 294
246 295
246 297
246 298
246 300
246 301
246 303
246 304
247 252
247 253
247 294
247 295
247 297
247 298
247 300
247 301
247 303
247 304
248 254
248 296
248 299
248 305
249 250
249 297
249 298
249 300
249 301
250 297
250 298
250 300
250 301
251 302
252 253
252 297
252 298
252 303
252 304
253 297
253 298
253 303
253 304
254 299
254 305
255 256
255 258
255 259
256 258
256 259
257 260
258 259
258 261
258 262
258 264
258 265
258 306
258 307
259 261
259 262
259 264
259 265
259 306
259 307
260 266
260 308
261 262
264 265
264 267
264 268
264 306
264 307
264 309
264 310
265 267
265 268
265 306
265 307
265 309
265 310
266 269
266 308
266 311
267 268
267 270
267 271
267 306
267 307
267 309
267 310
267 312
267 313
268 270
268 271
268 306
268 307
268 309
268 310
268 312
268 313
269 272
269 308
269 311
269 314
270 271
270 273
270 274
270 309
270 310
270 312
270 313
270 315
270 316
271 273
271 274
271 309
271 310
271 312
271 313
271 315
271 316
272 275
272 311
272 314
272 317
273 274
273 276
273 277
273 312
273 313
273 315
273 316
273 318
273 319
274 276
274 277
274 312
274 313
274 315
274 316
274 318
274 319
275 278
275 314
275 317
275 320
276 277
276 279
276 280
276 315
276 316
276 318
276 319
276 321
276 322
277 279
277 280
277 315
277 316
277 318
277 319
277 321
277 322
278 281
278 317
278 320
278 323
279 280
279 282
279 283
279 318
279 319
279 321
279 322
279 324
279 325
280 282
280 283
280 318
280 319
280 321
280 322
280 324
280 325
281 284
281 320
281 323
281 326
282 283
282 285
282 286
282 321
282 322
282 324
282 325
282 327
282 328
283 285
283 286
283 321
283 322
283 324
283 325
283 327
283 328
284 287
284 323
284 326
284 329
285 286
285 288
285 289
285 324
285 325
285 327
285 328
285 330
285 331
286 288
286 289
286 324
286 325
286 327
286 328
286 330
286 331
287 290
287 326
287 329
287 332
288 289
288 291
288 292
288 327
288 328
288 330
288 331
288 333
288 334
289 291
289 292
289 327
289 328
289 330
289 331
289 333
289 334
290 293
290 329
290 332
290 335
291 292
291 294
291 295
291 330
291 331
291 333
291 334
291 336
291 337
292 294
292 295
292 330
292 331
292 333
292 334
292 336
292 337
293 296
293 332
293 335
293 338
294 295
294 297
294 298
294 333
294 334
294 336
294 337
295 297
295 298
295 333
295 334
295 336
295 337
296 299
296 335
296 338
297 298
297 300
297 301
297 303
297 304
297 336
297 337
298 300
298 301
298 303
298 304
298 336
298 337
299 305
299 338
300 301
303 304
306 307
306 309
306 310
306 339
306 340
306 342
306 343
307 309
307 310
307 339
307 340
307 342
307 343
308 311
308 341
308 344
309 310
309 312
309 313
309 339
309 340
309 342
309 343
309 345
309 346
310 312
310 313
310 339
310 340
310 342
310 343
310 345
310 346
311 314
311 341
311 344
311 347
312 313
312 315
312 316
312 342
312 343
312 345
312 346
312 348
312 349
313 315
313 316
313 342
313 343
313 345
313 346
313 348
313 349
314 317
314 344
314 347
314 350
315 316
315 318
315 319
315 345
315 346
315 348
315 349
315 351
315 352
316 318
316 319
316 345
316 346
316 348
316 349
316 351
316 352
317 320
317 347
317 350
317 353
318 319
318 321
318 322
318 348
318 349
318 351
318 352
318 354
318 355
319 321
319 322
319 348
319 349
319 351
319 352
319 354
319 355
320 323
320 350
320 353
320 356
321 322
321 324
321 325
321 351
321 352
321 354
321 355
321 357
321 358
322 324
322 325
322 351
322 352
322 354
322 355
322 357
322 358
323 326
323 353
323 356
323 359
324 325
324 327
324 328
324 354
324 355
324 357
324 358
324 360
324 361
325 327
325 328
325 354
325 355
325 357
325 358
325 360
325 361
326 329
326 356
326 359
326 362
327 328
327 330
327 331
327 357
327 358
327 360
327 361
327 363
327 364
328 330
328 331
328 357
328 358
328 360
328 361
328 363
328 364
329 332
329 359
329 362
329 365
330 331
330 333
330 334
330 360
330 361
330 363
330 364
330 366
330 367
331 333
331 334
331 360
331 361
331 363
331 364
331 366
331 367
332 335
332 362
332 365
332 368
333 334
333 336
333 337
333 363
333 364
333 366
333 367
333 369
333 370
334 336
334 337
334 363
334 364
334 366
334 367
334 369
334 370
335 338
335 365
335 368
335 371
336 337
336 366
336 367
336 369
336 370
337 366
337 367
337 369
337 370
338 368
338 371
339 340
339 342
339 343
339 375
339 376
339 381
339 382
339 384
339 385
340 342
340 343
340 375
340 376
340 381
340 382
340 384
340 385
341 344
341 377
341 383
341 386
342 343
342 345
342 346
342 381
342 382
342 384
342 385
342 387
342 388
343 345
343 346
343 381
343 382
343 384
343 385
343 387
343 388
344 347
344 383
344 386
344 389
345 346
345 348
345 349
345 384
345 385
345 387
345 388
345 390
345 391
346 348
346 349
346 384
346 385
346 387
346 388
346 390
346 391
347 350
347 386
347 389
347 392
348 349
348 351
348 352
348 387
348 388
348 390
348 391
348 393
348 394
349 351
349 352
349 387
349 388
349 390
349 391
349 393
349 394
350 353
350 389
350 392
350 395
351 352
351 354
351 355
351 390
351 391
351 393
351 394
351 396
351 397
352 354
352 355
352 390
352 391
352 393
352 394
352 396
352 397
353 356
353 392
353 395
353 398
354 355
354 357
354 358
354 393
354 394
354 396
354 397
354 399
354 400
355 357
355 358
355 393
355 394
355 396
355 397
355 399
355 400
356 359
356 395
356 398
356 401
357 358
357 360
357 361
357 396
357 397
357 399
357 400
357 402
357 403
358 360
358 361
358 396
358 397
358 399
358 400
358 402
358 403
359 362
359 398
359 401
359 404
360 361
360 363
360 364
360 399
360 400
360 402
360 403
360 405
360 406
361 363
361 364
361 399
361 400
361 402
361 403
361 405
361 406
362 365
362 401
362 404
362 407
363 364
363 366
363 367
363 402
363 403
363 405
363 406
363 408
363 409
364 366
364 367
364 402
364 403
364 405
364 406
364 408
364 409
365 368
365 404
365 407
365 410
366 367
366 369
366 370
366 405
366 406
366 408
366 409
366 411
366 412
367 369
367 370
367 405
367 406
367 408
367 409
367 411
367 412
368 371
368 407
368 410
368 413
369 370
369 408
369 409
369 411
369 412
369 414
369 415
370 408
370 409
370 411
370 412
370 414
370 415
371 410
371 413
371 416
372 373
372 375
372 376
372 423
372 424
372 426
372 427
373 375
373 376
373 423
373 424
373 426
373 427
374 377
374 425
374 428
375 376
375 378
375 379
375 381
375 382
375 423
375 424
375 426
375 427
375 429
375 430
375 432
375 433
376 378
376 379
376 381
376 382
376 423
376 424
376 426
376 427
376 429
376 430
376 432
376 433
377 383
377 425
377 428
377 434
378 379
378 426
378 427
378 429
378 430
379 426
379 427
379 429
379 430
380 431
381 382
381 384
381 385
381 426
381 427
381 432
381 433
381 435
381 436
382 384
382 385
382 426
382 427
382 432
382 433
382 435
382 436
383 386
383 428
383 434
383 437
384 385
384 387
384 388
384 432
384 433
384 435
384 436
384 438
384 439
385 387
385 388
385 432
385 433
385 435
385 436
385 438
385 439
386 389
386 434
386 437
386 440
387 388
387 390
387 391
387 435
387 436
387 438
387 439
387 441
387 442
388 390
388 391
388 435
388 436
388 438
388 439
388 441
388 442
389 392
389 437
389 440
389 443
390 391
390 393
390 394
390 438
390 439
390 441
390 442
390 444
390 445
391 393
391 394
391 438
391 439
391 441
391 442
391 444
391 445
392 395
392 440
392 443
392 446
393 394
393 396
393 397
393 441
393 442
393 444
393 445
393 447
393 448
394 396
394 397
394 441
394 442
394 444
394 445
394 447
394 448
395 398
395 443
395 446
395 449
396 397
396 399
396 400
396 444
396 445
396 447
396 448
396 450
396 451
397 399
397 400
397 444
397 445
397 447
397 448
397 450
397 451
398 401
398 446
398 449
398 452
399 400
399 402
399 403
399 447
399 448
399 450
399 451
399 453
399 454
400 402
400 403
400 447
400 448
400 450
400 451
400 453
400 454
401 404
401 449
401 452
401 455
402 403
402 405
402 406
402 450
402 451
402 453
402 454
402 456
402 457
403 405
403 406
403 450
403 451
403 453
403 454
403 456
403 457
404 407
404 452
404 455
404 458
405 406
405 408
405 409
405 453
405 454
405 456
405 457
405 459
405 460
406 408
406 409
406 453
406 454
406 456
406 457
406 459
406 460
407 410
407 455
407 458
407 461
408 409
408 411
408 412
408 456
408 457
408 459
408 460
408 462
408 463
409 411
409 412
409 456
409 457
409 459
409 460
409 462
409 463
410 413
410 458
410 461
410 464
411 412
411 414
411 415
411 459
411 460
411 462
411 463
411 465
411 466
412 414
412 415
412 459
412 460
412 462
412 463
412 465
412 466
413 416
413 461
413 464
413 467
414 415
414 417
414 418
414 420
414 421
414 462
414 463
414 465
414 466
414 468
414 469
414 471
414 472
415 417
415 418
415 420
415 421
415 462
415 463
415 465
415 466
415 468
415 469
415 471
415 472
416 422
416 464
416 467
416 473
417 418
417 465
417 466
417 468
417 469
418 465
418 466
418 468
418 469
419 470
420 421
420 465
420 466
420 471
420 472
421 465
421 466
421 471
421 472
422 467
422 473
423 424
423 426
423 427
423 474
423 475
423 477
423 478
424 426
424 427
424 474
424 475
424 477
424 478
425 428
425 476
425 479
426 427
426 432
426 433
426 474
426 475
426 477
426 478
426 480
426 481
426 483
426 484
427 432
427 433
427 474
427 475
427 477
427 478
427 480
427 481
427 483
427 484
428 434
428 476
428 479
428 485
429 430
429 477
429 478
429 480
429 481
430 477
430 478
430 480
430 481
431 482
432 433
432 435
432 436
432 477
432 478
432 483
432 484
432 486
432 487
433 435
433 436
433 477
433 478
433 483
433 484
433 486
433 487
434 437
434 479
434 485
434 488
435 436
435 438
435 439
435 483
435 484
435 486
435 487
435 489
435 490
436 438
436 439
436 483
436 484
436 486
436 487
436 489
436 490
437 440
437 485
437 488
437 491
438 439
438 441
438 442
438 486
438 487
438 489
438 490
438 492
438 493
439 441
439 442
439 486
439 487
439 489
439 490
439 492
439 493
440 443
440 488
440 491
440 494
441 442
441 444
441 445
441 489
441 490
441 492
441 493
441 495
441 496
442 444
442 445
442 489
442 490
442 492
442 493
442 495
442 496
443 446
443 491
443 494
443 497
444 445
444 447
444 448
444 492
444 493
444 495
444 496
444 498
444 499
445 447
445 448
445 492
445 493
445 495
445 496
445 498
445 499
446 449
446 494
446 497
446 500
447 448
447 450
447 451
447 495
447 496
447 498
447 499
447 501
447 502
448 450
448 451
448 495
448 496
448 498
448 499
448 501
448 502
449 452
449 497
449 500
449 503
450 451
450 453
450 454
450 498
450 499
450 501
450 502
450 504
450 505
451 453
451 454
451 498
451 499
451 501
451 502
451 504
451 505
452 455
452 500
452 503
452 506
453 454
453 456
453 457
453 501
453 502
453 504
453 505
453 507
453 508
454 456
454 457
454 501
454 502
454 504
454 505
454 507
454 508
455 458
455 503
455 506
455 509
456 457
456 459
456 460
456 504
456 505
456 507
456 508
456 510
456 511
457 459
457 460
457 504
457 505
457 507
457 508
457 510
457 511
458 461
458 506
458 509
458 512
459 460
459 462
459 463
459 507
459 508
459 510
459 511
459 513
459 514
460 462
460 463
460 507
460 508
460 510
460 511
460 513
460 514
461 464
461 509
461 512
461 515
462 463
462 465
462 466
462 510
462 511
462 513
462 514
462 516
462 517
463 465
463 466
463 510
463 511
463 513
463 514
463 516
463 517
464 467
464 512
464 515
464 518
465 466
465 471
465 472
465 513
465 514
465 516
465 517
465 519
465 520
465 522
465 523
466 471
466 472
466 513
466 514
466 516
466 517
466 519
466 520
466 522
466 523
467 473
467 515
467 518
467 524
468 469
468 516
468 517
468 519
468 520
469 516
469 517
469 519
469 520
470 521
471 472
471 516
471 517
471 522
471 523
472 516
472 517
472 522
472 523
473 518
473 524
474 475
474 477
474 478
474 525
474 526
474 528
474 529
475 477
475 478
475 525
475 526
475 528
475 529
476 479
476 527
476 530
477 478
477 483
477 484
477 525
477 526
477 528
477 529
477 531
477 532
477 534
477 535
478 483
478 484
478 525
478 526
478 528
478 529
478 531
478 532
478 534
478 535
479 485
479 527
479 530
479 536
480 481
480 528
480 529
480 531
480 532
481 528
481 529
481 531
481 532
482 533
483 484
483 486
483 487
483 528
483 529
483 534
483 535
483 537
483 538
484 486
484 487
484 528
484 529
484 534
484 535
484 537
484 538
485 488
485 530
485 536
485 539
486 487
486 489
486 490
486 534
486 535
486 537
486 538
486 540
486 541
487 489
487 490
487 534
487 535
487 537
487 538
487 540
487 541
488 491
488 536
488 539
488 542
489 490
489 492
489 493
489 537
489 538
489 540
489 541
489 543
489 544
490 492
490 493
490 537
490 538
490 540
490 541
490 543
490 544
491 494
491 539
491 542
491 545
492 493
492 495
492 496
492 540
492 541
492 543
492 544
492 546
492 547
493 495
493 496
493 540
493 541
493 543
493 544
493 546
493 547
494 497
494 542
494 545
494 548
495 496
495 498
495 499
495 543
495 544
495 546
495 547
495 549
495 550
496 498
496 499
496 543
496 544
496 546
496 547
496 549
496 550
497 500
497 545
497 548
497 551
498 499
498 501
498 502
498 546
498 547
498 549
498 550
498 552
498 553
499 501
499 502
499 546
499 547
499 549
499 550
499 552
499 553
500 503
500 548
500 551
500 554
501 502
501 504
501 505
501 549
501 550
501 552
501 553
501 555
501 556
502 504
502 505
502 549
502 550
502 552
502 553
502 555
502 556
503 506
503 551
503 554
503 557
504 505
504 507
504 508
504 552
504 553
504 555
504 556
504 558
504 559
505 507
505 508
505 552
505 553
505 555
505 556
505 558
505 559
506 509
506 554
506 557
506 560
507 508
507 510
507 511
507 555
507 556
507 558
507 559
507 561
507 562
508 510
508 511
508 555
508 556
508 558
508 559
508 561
508 562
509 512
509 557
509 560
509 563
510 511
510 513
510 514
510 558
510 559
510 561
510 562
510 564
510 565
511 513
511 514
511 558
511 559
511 561
511 562
511 564
511 565
512 515
512 560
512 563
512 566
513 514
513 516
513 517
513 561
513 562
513 564
513 565
513 567
513 568
514 516
514 517
514 561
514 562
514 564
514 565
514 567
514 568
515 518
515 563
515 566
515 569
516 517
516 522
516 523
516 564
516 565
516 567
516 568
516 570
516 571
516 573
516 574
517 522
517 523
517 564
517 565
517 567
517 568
517 570
517 571
517 573
517 574
518 524
518 566
518 569
518 575
519 520
519 567
519 568
519 570
519 571
520 567
520 568
520 570
520 571
521 572
522 523
522 567
522 568
522 573
522 574
523 567
523 568
523 573
523 574
524 569
524 575
525 526
525 528
525 529
525 576
525 577
525 579
525 580
526 528
526 529
526 576
526 577
526 579
526 580
527 530
527 578
527 581
528 529
528 534
528 535
528 576
528 577
528 579
528 580
528 582
528 583
528 585
528 586
529 534
529 535
529 576
529 577
529 579
529 580
529 582
529 583
529 585
529 586
530 536
530 578
530 581
530 587
531 532
531 579
531 580
531 582
531 583
532 579
532 580
532 582
532 583
533 584
534 535
534 537
534 538
534 579
534 580
534 585
534 586
534 588
534 589
535 537
535 538
535 579
535 580
535 585
535 586
535 588
535 589
536 539
536 581
536 587
536 590
537 538
537 540
537 541
537 585
537 586
537 588
537 589
537 591
537 592
538 540
538 541
538 585
538 586
538 588
538 589
538 591
538 592
539 542
539 587
539 590
539 593
540 541
540 543
540 544
540 588
540 589
540 591
540 592
540 594
540 595
541 543
541 544
541 588
541 589
541 591
541 592
541 594
541 595
542 545
542 590
542 593
542 596
543 544
543 546
543 547
543 591
543 592
543 594
543 595
543 597
543 598
544 546
544 547
544 591
544 592
544 594
544 595
544 597
544 598
545 548
545 593
545 596
545 599
546 547
546 549
546 550
546 594
546 595
546 597
546 598
546 600
546 601
547 549
547 550
547 594
547 595
547 597
547 598
547 600
547 601
548 551
548 596
548 599
548 602
549 550
549 552
549 553
549 597
549 598
549 600
549 601
549 603
549 604
550 552
550 553
550 597
550 598
550 600
550 601
550 603
550 604
551 554
551 599
551 602
551 605
552 553
552 555
552 556
552 600
552 601
552 603
552 604
552 606
552 607
553 555
553 556
553 600
553 601
553 603
553 604
553 606
553 607
554 557
554 602
554 605
554 608
555 556
555 558
555 559
555 603
555 604
555 606
555 607
555 609
555 610
556 558
556 559
556 603
556 604
556 606
556 607
556 609
556 610
557 560
557 605
557 608
557 611
558 559
558 561
558 562
558 606
558 607
558 609
558 610
558 612
558 613
559 561
559 562
559 606
559 607
559 609
559 610
559 612
559 613
560 563
560 608
560 611
560 614
561 562
561 564
561 565
561 609
561 610
561 612
561 613
561 615
561 616
562 564
562 565
562 609
562 610
562 612
562 613
562 615
562 616
563 566
563 611
563 614
563 617
564 565
564 567
564 568
564 612
564 613
564 615
564 616
564 618
564 619
565 567
565 568
565 612
565 613
565 615
565 616
565 618
565 619
566 569
566 614
566 617
566 620
567 568
567 573
567 574
567 615
567 616
567 618
567 619
567 621
567 622
567 624
567 625
568 573
568 574
568 615
568 616
568 618
568 619
568 621
568 622
568 624
568 625
569 575
569 617
569 620
569 626
570 571
570 618
570 619
570 621
570 622
571 618
571 619
571 621
571 622
572 623
573 574
573 618
573 619
573 624
573 625
574 618
574 619
574 624
574 625
575 620
575 626
576 577
576 579
576 580
576 627
576 628
576 630
576 631
577 579
577 580
577 627
577 628
577 630
577 631
578 581
578 629
578 632
579 580
579 585
579 586
579 627
579 628
579 630
579 631
579 633
579 634
579 636
579 637
580 585
580 586
580 627
580 628
580 630
580 631
580 633
580 634
580 636
580 637
581 587
581 629
581 632
581 638
582 583
582 630
582 631
582 633
582 634
583 630
583 631
583 633
583 634
584 635
585 586
585 588
585 589
585 630
585 631
585 636
585 637
585 639
585 640
586 588
586 589
586 630
586 631
586 636
586 637
586 639
586 640
587 590
587 632
587 638
587 641
588 589
588 591
588 592
588 636
588 637
588 639
588 640
588 642
588 643
589 591
589 592
589 636
589 637
589 639
589 640
589 642
589 643
590 593
590 638
590 641
590 644
591 592
591 594
591 595
591 639
591 640
591 642
591 643
591 645
591 646
592 594
592 595
592 639
592 640
592 642
592 643
592 645
592 646
593 596
593 641
593 644
593 647
594 595
594 597
594 598
594 642
594 643
594 645
594 646
594 648
594 649
595 597
595 598
595 642
595 643
595 645
595 646
595 648
595 649
596 599
596 644
596 647
596 650
597 598
597 600
597 601
597 645
597 646
597 648
597 649
597 651
597 652
598 600
598 601
598 645
598 646
598 648
598 649
598 651
598 652
599 602
599 647
599 650
599 653
600 603
600 604
600 648
600 649
600 651
600 652
600 654
600 655
601 603
601 604
601 648
601 649
601 651
601 652
601 654
601 655
602 605
602 650
602 653
602 656
603 604
603 606
603 607
603 651
603 652
603 654
603 655
603 657
603 658
604 606
604 607
604 651
604 652
604 654
604 655
604 657
604 658
605 608
605 653
605 656
605 659
606 607
606 609
606 610
606 654
606 655
606 657
606 658
606 660
606 661
607 609
607 610
607 654
607 655
607 657
607 658
607 660
607 661
608 611
608 656
608 659
608 662
609 610
609 612
609 613
609 657
609 658
609 660
609 661
609 663
609 664
610 612
610 613
610 657
610 658
610 660
610 661
610 663
610 664
611 614
611 659
611 662
611 665
612 613
612 615
612 616
612 660
612 661
612 663
612 664
612 666
612 667
613 615
613 616
613 660
613 661
613 663
613 664
613 666
613 667
614 617
614 662
614 665
614 668
615 616
615 618
615 619
615 663
615 664
615 666
615 667
615 669
615 670
616 618
616 619
616 663
616 664
616 666
616 667
616 669
616 670
617 620
617 665
617 668
617 671
618 619
618 624
618 625
618 666
618 667
618 669
618 670
618 672
618 673
618 675
618 676
619 624
619 625
619 666
619 667
619 669
619 670
619 672
619 673
619 675
619 676
620 626
620 668
620 671
620 677
621 622
621 669
621 670
621 672
621 673
622 669
622 670
622 672
622 673
623 674
624 625
624 669
624 670
624 675
624 676
625 669
625 670
625 675
625 676
626 671
626 677
627 628
627 630
627 631
628 630
628 631
629 632
630 631
630 633
630 634
630 636
630 637
630 678
630 679
631 633
631 634
631 636
631 637
631 678
631 679
632 638
632 680
633 634
636 637
636 639
636 640
636 678
636 679
636 681
636 682
637 639
637 640
637 678
637 679
637 681
637 682
638 641
638 680
638 683
639 640
639 642
639 643
639 678
639 679
639 681
639 682
639 684
639 685
640 642
640 643
640 678
640 679
640 681
640 682
640 684
640 685
641 644
641 680
641 683
641 686
642 643
642 645
642 646
642 681
642 682
642 684
642 685
642 687
642 688
643 645
643 646
643 681
643 682
643 684
643 685
643 687
643 688
644 647
644 683
644 686
644 689
645 646
645 648
645 649
645 684
645 685
645 687
645 688
645 690
645 691
646 648
646 649
646 684
646 685
646 687
646 688
646 690
646 691
647 650
647 686
647 689
647 692
648 649
648 651
648 652
648 687
648 688
648 690
648 691
648 693
648 694
649 651
649 652
649 687
649 688
649 690
649 691
649 693
649 694
650 653
650 689
650 692
650 695
651 654
651 655
651 690
651 691
651 693
651 696
651 697
652 654
652 655
652 690
652 691
652 694
652 696
652 697
653 656
653 692
653 695
653 698
654 655
654 657
654 658
654 693
654 694
654 696
654 697
654 699
654 700
655 657
655 658
655 693
655 694
655 696
655 697
655 699
655 700
656 659
656 695
656 698
656 701
657 658
657 660
657 661
657 696
657 697
657 699
657 700
657 702
657 703
658 660
658 661
658 696
658 697
658 699
658 700
658 702
658 703
659 662
659 698
659 701
659 704
660 661
660 663
660 664
660 699
660 700
660 702
660 703
660 705
660 706
661 663
661 664
661 699
661 700
661 702
661 703
661 705
661 706
662 665
662 701
662 704
662 707
663 664
663 666
663 667
663 702
663 703
663 705
663 706
663 708
663 709
664 666
664 667
664 702
664 703
664 705
664 706
664 708
664 709
665 668
665 704
665 707
665 710
666 667
666 669
666 670
666 705
666 706
666 708
666 709
667 669
667 670
667 705
667 706
667 708
667 709
668 671
668 707
668 710
669 670
669 672
669 673
669 675
669 676
669 708
669 709
670 672
670 673
670 675
670 676
670 708
670 709
671 677
671 710
672 673
675 676
678 679
678 681
678 682
678 897
678 898
678 900
678 901
679 681
679 682
679 897
679 898
679 900
679 901
680 683
680 899
680 902
681 682
681 684
681 685
681 897
681 898
681 900
681 901
681 903
681 904
682 684
682 685
682 897
682 898
682 900
682 901
682 903
682 904
683 686
683 899
683 902
683 905
684 685
684 687
684 688
684 900
684 901
684 903
684 904
684 906
684 907
685 687
685 688
685 900
685 901
685 903
685 904
685 906
685 907
686 689
686 902
686 905
686 908
687 688
687 690
687 691
687 903
687 904
687 906
687 907
687 909
687 910
688 690
688 691
688 903
688 904
688 906
688 907
688 909
688 910
689 692
689 905
689 908
689 911
690 691
690 693
690 694
690 906
690 907
690 909
690 910
690 912
690 913
691 693
691 694
691 906
691 907
691 909
691 910
691 912
691 913
692 695
692 908
692 911
692 914
693 696
693 697
693 909
693 910
693 912
693 913
693 915
693 916
694 696
694 697
694 909
694 910
694 912
694 913
694 915
694 916
695 698
695 911
695 914
695 917
696 697
696 699
696 700
696 912
696 913
696 915
696 916
696 918
696 919
697 699
697 700
697 912
697 913
697 915
697 916
697 918
697 919
698 701
698 914
698 917
698 920
699 700
699 702
699 703
699 915
699 916
699 918
699 919
699 921
699 922
700 702
700 703
700 915
700 916
700 918
700 919
700 921
700 922
701 704
701 917
701 920
701 923
702 703
702 705
702 706
702 918
702 919
702 921
702 922
702 924
702 925
703 705
703 706
703 918
703 919
703 921
703 922
703 924
703 925
704 707
704 920
704 923
704 926
705 706
705 708
705 709
705 921
705 922
705 924
705 925
705 927
705 928
706 708
706 709
706 921
706 922
706 924
706 925
706 927
706 928
707 710
707 923
707 926
707 929
708 709
708 924
708 925
708 927
708 928
709 924
709 925
709 927
709 928
710 926
710 929
711 712
711 714
711 715
711 762
711 763
711 765
711 766
711 1353
711 1354
711 1356
711 1357
712 714
712 715
712 762
712 763
712 765
712 766
712 1353
712 1354
712 1356
712 1357
713 716
713 764
713 767
713 1355
713 1358
714 715
714 720
714 721
714 762
714 763
714 765
714 766
714 768
714 769
714 771
714 772
714 1353
714 1354
714 1356
714 1357
714 1359
714 1360
714 1362
714 1363
715 720
715 721
715 762
715 763
715 765
715 766
715 768
715 769
715 771
715 772
715 1353
715 1354
715 1356
715 1357
715 1359
715 1360
715 1362
715 1363
716 722
716 764
716 767
716 773
716 1355
716 1358
716 1364
717 718
717 765
717 766
717 768
717 769
717 1356
717 1357
717 1359
717 1360
718 765
718 766
718 768
718 769
718 1356
718 1357
718 1359
718 1360
719 770
719 1361
720 721
720 723
720 724
720 765
720 766
720 771
720 772
720 774
720 775
720 1356
720 1357
720 1362
720 1363
720 1365
720 1366
721 723
721 724
721 765
721 766
721 771
721 772
721 774
721 775
721 1356
721 1357
721 1362
721 1363
721 1365
721 1366
722 725
722 767
722 773
722 776
722 1358
722 1364
722 1367
723 724
723 726
723 727
723 771
723 772
723 774
723 775
723 777
723 778
723 1362
723 1363
723 1365
723 1366
723 1368
723 1369
724 726
724 727
724 771
724 772
724 774
724 775
724 777
724 778
724 1362
724 1363
724 1365
724 1366
724 1368
724 1369
725 728
725 773
725 776
725 779
725 1364
725 1367
725 1370
726 727
726 729
726 730
726 774
726 775
726 777
726 778
726 780
726 781
726 1365
726 1366
726 1368
726 1369
726 1371
726 1372
727 729
727 730
727 774
727 775
727 777
727 778
727 780
727 781
727 1365
727 1366
727 1368
727 1369
727 1371
727 1372
728 731
728 776
728 779
728 782
728 1367
728 1370
728 1373
729 730
729 732
729 733
729 777
729 778
729 780
729 781
729 783
729 784
729 1368
729 1369
729 1371
729 1372
729 1374
729 1375
730 732
730 733
730 777
730 778
730 780
730 781
730 783
730 784
730 1368
730 1369
730 1371
730 1372
730 1374
730 1375
731 734
731 779
731 782
731 785
731 1370
731 1373
731 1376
732 733
732 735
732 736
732 780
732 781
732 783
732 784
732 786
732 787
732 1371
732 1372
732 1374
732 1375
732 1377
732 1378
733 735
733 736
733 780
733 781
733 783
733 784
733 786
733 787
733 1371
733 1372
733 1374
733 1375
733 1377
733 1378
734 737
734 782
734 785
734 788
734 1373
734 1376
734 1379
735 736
735 738
735 739
735 783
735 784
735 786
735 787
735 789
735 790
735 1374
735 1375
735 1377
735 1378
735 1380
735 1381
736 738
736 739
736 783
736 784
736 786
736 787
736 789
736 790
736 1374
736 1375
736 1377
736 1378
736 1380
736 1381
737 740
737 785
737 788
737 791
737 1376
737 1379
737 1382
738 739
738 741
738 742
738 786
738 787
738 789
738 790
738 792
738 793
738 1377
738 1378
738 1380
738 1381
738 1383
738 1384
739 741
739 742
739 786
739 787
739 789
739 790
739 792
739 793
739 1377
739 1378
739 1380
739 1381
739 1383
739 1384
740 743
740 788
740 791
740 794
740 1379
740 1382
740 1385
741 742
741 744
741 745
741 789
741 790
741 792
741 793
741 795
741 796
741 1380
741 1381
741 1383
741 1384
741 1386
741 1387
742 744
742 745
742 789
742 790
742 792
742 793
742 795
742 796
742 1380
742 1381
742 1383
742 1384
742 1386
742 1387
743 746
743 791
743 794
743 797
743 1382
743 1385
743 1388
744 745
744 747
744 748
744 792
744 793
744 795
744 796
744 798
744 799
744 1383
744 1384
744 1386
744 1387
744 1389
744 1390
745 747
745 748
745 792
745 793
745 795
745 796
745 798
745 799
745 1383
745 1384
745 1386
745 1387
745 1389
745 1390
746 749
746 794
746 797
746 800
746 1385
746 1388
746 1391
747 748
747 750
747 751
747 795
747 796
747 798
747 799
747 801
747 802
747 1386
747 1387
747 1389
747 1390
747 1392
747 1393
748 750
748 751
748 795
748 796
748 798
748 799
748 801
748 802
748 1386
748 1387
748 1389
748 1390
748 1392
748 1393
749 752
749 797
749 800
749 803
749 1388
749 1391
749 1394
750 751
750 753
750 754
750 798
750 799
750 801
750 802
750 804
750 805
750 1389
750 1390
750 1392
750 1393
750 1395
750 1396
751 753
751 754
751 798
751 799
751 801
751 802
751 804
751 805
751 1389
751 1390
751 1392
751 1393
751 1395
751 1396
752 755
752 800
752 803
752 806
752 1391
752 1394
752 1397
753 754
753 759
753 760
753 801
753 802
753 804
753 805
753 807
753 808
753 810
753 811
753 1392
753 1393
753 1395
753 1396
753 1398
753 1399
753 1401
753 1402
754 759
754 760
754 801
754 802
754 804
754 805
754 807
754 808
754 810
754 811
754 1392
754 1393
754 1395
754 1396
754 1398
754 1399
754 1401
754 1402
755 761
755 803
755 806
755 812
755 1394
755 1397
755 1403
756 757
756 804
756 805
756 807
756 808
756 1395
756 1396
756 1398
756 1399
757 804
757 805
757 807
757 808
757 1395
757 1396
757 1398
757 1399
758 809
758 1400
759 760
759 804
759 805
759 810
759 811
759 1395
759 1396
759 1401
759 1402
760 804
760 805
760 810
760 811
760 1395
760 1396
760 1401
760 1402
761 806
761 812
761 1397
761 1403
762 763
762 765
762 766
762 813
762 814
762 816
762 817
763 765
763 766
763 813
763 814
763 816
763 817
764 767
764 815
764 818
765 766
765 771
765 772
765 813
765 814
765 816
765 817
765 819
765 820
765 822
765 823
766 771
766 772
766 813
766 814
766 816
766 817
766 819
766 820
766 822
766 823
767 773
767 815
767 818
767 824
768 769
768 816
768 817
768 819
768 820
769 816
769 817
769 819
769 820
770 821
771 772
771 774
771 775
771 816
771 817
771 822
771 823
771 825
771 826
772 774
772 775
772 816
772 817
772 822
772 823
772 825
772 826
773 776
773 818
773 824
773 827
774 775
774 777
774 778
774 822
774 823
774 825
774 826
774 828
774 829
775 777
775 778
775 822
775 823
775 825
775 826
775 828
775 829
776 779
776 824
776 827
776 830
777 778
777 780
777 781
777 825
777 826
777 828
777 829
777 831
777 832
778 780
778 781
778 825
778 826
778 828
778 829
778 831
778 832
779 782
779 827
779 830
779 833
780 781
780 783
780 784
780 828
780 829
780 831
780 832
780 834
780 835
781 783
781 784
781 828
781 829
781 831
781 832
781 834
781 835
782 785
782 830
782 833
782 836
783 784
783 786
783 787
783 831
783 832
783 834
783 835
783 837
783 838
784 786
784 787
784 831
784 832
784 834
784 835
784 837
784 838
785 788
785 833
785 836
785 839
786 789
786 790
786 834
786 835
786 837
786 838
786 840
786 841
787 789
787 790
787 834
787 835
787 837
787 838
787 840
787 841
788 791
788 836
788 839
788 842
789 790
789 792
789 793
789 837
789 838
789 840
789 841
789 843
789 844
790 792
790 793
790 837
790 838
790 840
790 841
790 843
790 844
791 794
791 839
791 842
791 845
792 793
792 795
792 796
792 840
792 841
792 843
792 844
792 846
792 847
793 795
793 796
793 840
793 841
793 843
793 844
793 846
793 847
794 797
794 842
794 845
794 848
795 796
795 798
795 799
795 843
795 844
795 846
795 847
795 849
795 850
796 798
796 799
796 843
796 844
796 846
796 847
796 849
796 850
797 800
797 845
797 848
797 851
798 799
798 801
798 802
798 846
798 847
798 849
798 850
798 852
798 853
799 801
799 802
799 846
799 847
799 849
799 850
799 852
799 853
800 803
800 848
800 851
800 854
801 802
801 804
801 805
801 849
801 850
801 852
801 853
801 855
801 856
802 804
802 805
802 849
802 850
802 852
802 853
802 855
802 856
803 806
803 851
803 854
803 857
804 805
804 810
804 811
804 852
804 853
804 855
804 856
804 858
804 859
804 861
804 862
805 810
805 811
805 852
805 853
805 855
805 856
805 858
805 859
805 861
805 862
806 812
806 854
806 857
806 863
807 808
807 855
807 856
807 858
807 859
808 855
808 856
808 858
808 859
809 860
810 811
810 855
810 856
810 861
810 862
811 855
811 856
811 861
811 862
812 857
812 863
813 814
813 816
813 817
813 864
813 865
813 867
813 868
814 816
814 817
814 864
814 865
814 867
814 868
815 818
815 866
815 869
816 817
816 822
816 823
816 864
816 865
816 867
816 868
816 870
816 871
816 873
816 874
817 822
817 823
817 864
817 865
817 867
817 868
817 870
817 871
817 873
817 874
818 824
818 866
818 869
818 875
819 820
819 867
819 868
819 870
819 871
820 867
820 868
820 870
820 871
821 872
822 823
822 825
822 826
822 867
822 868
822 873
822 874
822 876
822 877
823 825
823 826
823 867
823 868
823 873
823 874
823 876
823 877
824 827
824 869
824 875
824 878
825 826
825 828
825 829
825 873
825 874
825 876
825 877
825 879
825 880
826 828
826 829
826 873
826 874
826 876
826 877
826 879
826 880
827 830
827 875
827 878
827 881
828 829
828 831
828 832
828 876
828 877
828 879
828 880
828 882
828 883
829 831
829 832
829 876
829 877
829 879
829 880
829 882
829 883
830 833
830 878
830 881
830 884
831 832
831 834
831 835
831 879
831 880
831 882
831 883
831 885
831 886
832 834
832 835
832 879
832 880
832 882
832 883
832 885
832 886
833 836
833 881
833 884
833 887
834 835
834 837
834 838
834 882
834 883
834 885
834 886
834 888
834 889
835 837
835 838
835 882
835 883
835 885
835 886
835 888
835 889
836 839
836 884
836 887
836 890
837 840
837 841
837 885
837 886
837 888
837 889
837 891
837 892
838 840
838 841
838 885
838 886
838 888
838 889
838 891
838 892
839 842
839 887
839 890
839 893
840 841
840 843
840 844
840 888
840 889
840 891
840 892
840 894
840 895
841 843
841 844
841 888
841 889
841 891
841 892
841 894
841 895
842 845
842 890
842 893
842 896
843 844
843 846
843 847
843 891
843 892
843 894
843 895
843 1404
843 1405
844 846
844 847
844 891
844 892
844 894
844 895
844 1404
844 1405
845 848
845 893
845 896
845 1406
846 847
846 849
846 850
846 894
846 895
846 1404
846 1405
846 1407
846 1408
847 849
847 850
847 894
847 895
847 1404
847 1405
847 1407
847 1408
848 851
848 896
848 1406
848 1409
849 850
849 852
849 853
849 1404
849 1405
849 1407
849 1408
849 1410
849 1411
850 852
850 853
850 1404
850 1405
850 1407
850 1408
850 1410
850 1411
851 854
851 1406
851 1409
851 1412
852 853
852 855
852 856
852 1407
852 1408
852 1410
852 1411
852 1413
852 1414
853 855
853 856
853 1407
853 1408
853 1410
853 1411
853 1413
853 1414
854 857
854 1409
854 1412
854 1415
855 856
855 861
855 862
855 1410
855 1411
855 1413
855 1414
855 1416
855 1417
855 1419
855 1420
856 861
856 862
856 1410
856 1411
856 1413
856 1414
856 1416
856 1417
856 1419
856 1420
857 863
857 1412
857 1415
857 1421
858 859
858 1413
858 1414
858 1416
858 1417
859 1413
859 1414
859 1416
859 1417
860 1418
861 862
861 1413
861 1414
861 1419
861 1420
862 1413
862 1414
862 1419
862 1420
863 1415
863 1421
864 865
864 867
864 868
864 1422
864 1423
864 1425
864 1426
865 867
865 868
865 1422
865 1423
865 1425
865 1426
866 869
866 1424
866 1427
867 868
867 873
867 874
867 1422
867 1423
867 1425
867 1426
867 1428
867 1429
867 1431
867 1432
868 873
868 874
868 1422
868 1423
868 1425
868 1426
868 1428
868 1429
868 1431
868 1432
869 875
869 1424
869 1427
869 1433
870 871
870 1425
870 1426
870 1428
870 1429
871 1425
871 1426
871 1428
871 1429
872 1430
873 874
873 876
873 877
873 1425
873 1426
873 1431
873 1432
873 1434
873 1435
874 876
874 877
874 1425
874 1426
874 1431
874 1432
874 1434
874 1435
875 878
875 1427
875 1433
875 1436
876 877
876 879
876 880
876 1431
876 1432
876 1434
876 1435
876 1437
876 1438
877 879
877 880
877 1431
877 1432
877 1434
877 1435
877 1437
877 1438
878 881
878 1433
878 1436
878 1439
879 880
879 882
879 883
879 1434
879 1435
879 1437
879 1438
879 1440
879 1441
880 882
880 883
880 1434
880 1435
880 1437
880 1438
880 1440
880 1441
881 884
881 1436
881 1439
881 1442
882 883
882 885
882 886
882 1437
882 1438
882 1440
882 1441
882 1443
882 1444
883 885
883 886
883 1437
883 1438
883 1440
883 1441
883 1443
883 1444
884 887
884 1439
884 1442
884 1445
885 886
885 888
885 889
885 1440
885 1441
885 1443
885 1444
885 1446
885 1447
886 888
886 889
886 1440
886 1441
886 1443
886 1444
886 1446
886 1447
887 890
887 1442
887 1445
887 1448
888 891
888 892
888 1443
888 1444
888 1446
888 1447
888 1449
888 1450
889 891
889 892
889 1443
889 1444
889 1446
889 1447
889 1449
889 1450
890 893
890 1445
890 1448
890 1451
891 892
891 894
891 895
891 1446
891 1447
891 1449
891 1450
891 1452
891 1453
892 894
892 895
892 1446
892 1447
892 1449
892 1450
892 1452
892 1453
893 896
893 1448
893 1451
893 1454
894 895
894 1404
894 1405
894 1449
894 1450
894 1452
894 1453
894 1455
894 1456
895 1404
895 1405
895 1449
895 1450
895 1452
895 1453
895 1455
895 1456
896 1406
896 1451
896 1454
896 1457
897 898
897 900
897 901
897 933
897 934
897 939
897 940
897 942
897 943
898 900
898 901
898 933
898 934
898 939
898 940
898 942
898 943
899 902
899 935
899 941
899 944
900 901
900 903
900 904
900 939
900 940
900 942
900 943
900 945
900 946
901 903
901 904
901 939
901 940
901 942
901 943
901 945
901 946
902 905
902 941
902 944
902 947
903 904
903 906
903 907
903 942
903 943
903 945
903 946
903 948
903 949
904 906
904 907
904 942
904 943
904 945
904 946
904 948
904 949
905 908
905 944
905 947
905 950
906 907
906 909
906 910
906 945
906 946
906 948
906 949
906 951
906 952
907 909
907 910
907 945
907 946
907 948
907 949
907 951
907 952
908 911
908 947
908 950
908 953
909 910
909 912
909 913
909 948
909 949
909 951
909 952
909 954
909 955
910 912
910 913
910 948
910 949
910 951
910 952
910 954
910 955
911 914
911 950
911 953
911 956
912 913
912 915
912 916
912 951
912 952
912 954
912 955
912 957
912 958
913 915
913 916
913 951
913 952
913 954
913 955
913 957
913 958
914 917
914 953
914 956
914 959
915 916
915 918
915 919
915 954
915 955
915 957
915 958
915 960
915 961
916 918
916 919
916 954
916 955
916 957
916 958
916 960
916 961
917 920
917 956
917 959
917 962
918 919
918 921
918 922
918 957
918 958
918 960
918 961
918 963
918 964
919 921
919 922
919 957
919 958
919 960
919 961
919 963
919 964
920 923
920 959
920 962
920 965
921 922
921 924
921 925
921 960
921 961
921 963
921 964
921 966
921 967
922 924
922 925
922 960
922 961
922 963
922 964
922 966
922 967
923 926
923 962
923 965
923 968
924 925
924 927
924 928
924 963
924 964
924 966
924 967
924 969
924 970
925 927
925 928
925 963
925 964
925 966
925 967
925 969
925 970
926 929
926 965
926 968
926 971
927 928
927 966
927 967
927 969
927 970
927 972
927 973
928 966
928 967
928 969
928 970
928 972
928 973
929 968
929 971
929 974
930 931
930 933
930 934
930 981
930 982
930 984
930 985
931 933
931 934
931 981
931 982
931 984
931 985
932 935
932 983
932 986
933 934
933 936
933 937
933 939
933 940
933 981
933 982
933 984
933 985
933 987
933 988
933 990
933 991
934 936
934 937
934 939
934 940
934 981
934 982
934 984
934 985
934 987
934 988
934 990
934 991
935 941
935 983
935 986
935 992
936 937
936 984
936 985
936 987
936 988
937 984
937 985
937 987
937 988
938 989
939 940
939 942
939 943
939 984
939 985
939 990
939 991
939 993
939 994
940 942
940 943
940 984
940 985
940 990
940 991
940 993
940 994
941 944
941 986
941 992
941 995
942 943
942 945
942 946
942 990
942 991
942 993
942 994
942 996
942 997
943 945
943 946
943 990
943 991
943 993
943 994
943 996
943 997
944 947
944 992
944 995
944 998
945 946
945 948
945 949
945 993
945 994
945 996
945 997
945 999
945 1000
946 948
946 949
946 993
946 994
946 996
946 997
946 999
946 1000
947 950
947 995
947 998
947 1001
948 949
948 951
948 952
948 996
948 997
948 999
948 1000
948 1002
948 1003
949 951
949 952
949 996
949 997
949 999
949 1000
949 1002
949 1003
950 953
950 998
950 1001
950 1004
951 952
951 954
951 955
951 999
951 1000
951 1002
951 1003
951 1005
951 1006
952 954
952 955
952 999
952 1000
952 1002
952 1003
952 1005
952 1006
953 956
953 1001
953 1004
953 1007
954 955
954 957
954 958
954 1002
954 1003
954 1005
954 1006
954 1008
954 1009
955 957
955 958
955 1002
955 1003
955 1005
955 1006
955 1008
955 1009
956 959
956 1004
956 1007
956 1010
957 958
957 960
957 961
957 1005
957 1006
957 1008
957 1009
957 1011
957 1012
958 960
958 961
958 1005
958 1006
958 1008
958 1009
958 1011
958 1012
959 962
959 1007
959 1010
959 1013
960 961
960 963
960 964
960 1008
960 1009
960 1011
960 1012
960 1014
960 1015
961 963
961 964
961 1008
961 1009
961 1011
961 1012
961 1014
961 1015
962 965
962 1010
962 1013
962 1016
963 964
963 966
963 967
963 1011
963 1012
963 1014
963 1015
963 1017
963 1018
964 966
964 967
964 1011
964 1012
964 1014
964 1015
964 1017
964 1018
965 968
965 1013
965 1016
965 1019
966 967
966 969
966 970
966 1014
966 1015
966 1017
966 1018
966 1020
966 1021
967 969
967 970
967 1014
967 1015
967 1017
967 1018
967 1020
967 1021
968 971
968 1016
968 1019
968 1022
969 970
969 972
969 973
969 1017
969 1018
969 1020
969 1021
969 1023
969 1024
970 972
970 973
970 1017
970 1018
970 1020
970 1021
970 1023
970 1024
971 974
971 1019
971 1022
971 1025
972 973
972 975
972 976
972 978
972 979
972 1020
972 1021
972 1023
972 1024
972 1026
972 1027
972 1029
972 1030
973 975
973 976
973 978
973 979
973 1020
973 1021
973 1023
973 1024
973 1026
973 1027
973 1029
973 1030
974 980
974 1022
974 1025
974 1031
975 976
975 1023
975 1024
975 1026
975 1027
976 1023
976 1024
976 1026
976 1027
977 1028
978 979
978 1023
978 1024
978 1029
978 1030
979 1023
979 1024
979 1029
979 1030
980 1025
980 1031
981 982
981 984
981 985
981 1032
981 1033
981 1035
981 1036
982 984
982 985
982 1032
982 1033
982 1035
982 1036
983 986
983 1034
983 1037
984 985
984 990
984 991
984 1032
984 1033
984 1035
984 1036
984 1038
984 1039
984 1041
984 1042
985 990
985 991
985 1032
985 1033
985 1035
985 1036
985 1038
985 1039
985 1041
985 1042
986 992
986 1034
986 1037
986 1043
987 988
987 1035
987 1036
987 1038
987 1039
988 1035
988 1036
988 1038
988 1039
989 1040
990 991
990 993
990 994
990 1035
990 1036
990 1041
990 1042
990 1044
990 1045
991 993
991 994
991 1035
991 1036
991 1041
991 1042
991 1044
991 1045
992 995
992 1037
992 1043
992 1046
993 994
993 996
993 997
993 1041
993 1042
993 1044
993 1045
993 1047
993 1048
994 996
994 997
994 1041
994 1042
994 1044
994 1045
994 1047
994 1048
995 998
995 1043
995 1046
995 1049
996 997
996 999
996 1000
996 1044
996 1045
996 1047
996 1048
996 1050
996 1051
997 999
997 1000
997 1044
997 1045
997 1047
997 1048
997 1050
997 1051
998 1001
998 1046
998 1049
998 1052
999 1000
999 1002
999 1003
999 1047
999 1048
999 1050
999 1051
999 1053
999 1054
1000 1002
1000 1003
1000 1047
1000 1048
1000 1050
1000 1051
1000 1053
1000 1054
1001 1004
1001 1049
1001 1052
1001 1055
1002 1003
1002 1005
1002 1006
1002 1050
1002 1051
1002 1053
1002 1054
1002 1056
1002 1057
1003 1005
1003 1006
1003 1050
1003 1051
1003 1053
1003 1054
1003 1056
1003 1057
1004 1007
1004 1052
1004 1055
1004 1058
1005 1006
1005 1008
1005 1009
1005 1053
1005 1054
1005 1056
1005 1057
1005 1059
1005 1060
1006 1008
1006 1009
1006 1053
1006 1054
1006 1056
1006 1057
1006 1059
1006 1060
1007 1010
1007 1055
1007 1058
1007 1061
1008 1009
1008 1011
1008 1012
1008 1056
1008 1057
1008 1059
1008 1060
1008 1062
1008 1063
1009 1011
1009 1012
1009 1056
1009 1057
1009 1059
1009 1060
1009 1062
1009 1063
1010 1013
1010 1058
1010 1061
1010 1064
1011 1012
1011 1014
1011 1015
1011 1059
1011 1060
1011 1062
1011 1063
1011 1065
1011 1066
1012 1014
1012 1015
1012 1059
1012 1060
1012 1062
1012 1063
1012 1065
1012 1066
1013 1016
1013 1061
1013 1064
1013 1067
1014 1015
1014 1017
1014 1018
1014 1062
1014 1063
1014 1065
1014 1066
1014 1068
1014 1069
1015 1017
1015 1018
1015 1062
1015 1063
1015 1065
1015 1066
1015 1068
1015 1069
1016 1019
1016 1064
1016 1067
1016 1070
1017 1018
1017 1020
1017 1021
1017 1065
1017 1066
1017 1068
1017 1069
1017 1071
1017 1072
1018 1020
1018 1021
1018 1065
1018 1066
1018 1068
1018 1069
1018 1071
1018 1072
1019 1022
1019 1067
1019 1070
1019 1073
1020 1021
1020 1023
1020 1024
1020 1068
1020 1069
1020 1071
1020 1072
1020 1074
1020 1075
1021 1023
1021 1024
1021 1068
1021 1069
1021 1071
1021 1072
1021 1074
1021 1075
1022 1025
1022 1070
1022 1073
1022 1076
1023 1024
1023 1029
1023 1030
1023 1071
1023 1072
1023 1074
1023 1075
1023 1077
1023 1078
1023 1080
1023 1081
1024 1029
1024 1030
1024 1071
1024 1072
1024 1074
1024 1075
1024 1077
1024 1078
1024 1080
1024 1081
1025 1031
1025 1073
1025 1076
1025 1082
1026 1027
1026 1074
1026 1075
1026 1077
1026 1078
1027 1074
1027 1075
1027 1077
1027 1078
1028 1079
1029 1030
1029 1074
1029 1075
1029 1080
1029 1081
1030 1074
1030 1075
1030 1080
1030 1081
1031 1076
1031 1082
1032 1033
1032 1035
1032 1036
1032 1083
1032 1084
1032 1086
1032 1087
1033 1035
1033 1036
1033 1083
1033 1084
1033 1086
1033 1087
1034 1037
1034 1085
1034 1088
1035 1036
1035 1041
1035 1042
1035 1083
1035 1084
1035 1086
1035 1087
1035 1089
1035 1090
1035 1092
1035 1093
1036 1041
1036 1042
1036 1083
1036 1084
1036 1086
1036 1087
1036 1089
1036 1090
1036 1092
1036 1093
1037 1043
1037 1085
1037 1088
1037 1094
1038 1039
1038 1086
1038 1087
1038 1089
1038 1090
1039 1086
1039 1087
1039 1089
1039 1090
1040 1091
1041 1042
1041 1044
1041 1045
1041 1086
1041 1087
1041 1092
1041 1093
1041 1095
1041 1096
1042 1044
1042 1045
1042 1086
1042 1087
1042 1092
1042 1093
1042 1095
1042 1096
1043 1046
1043 1088
1043 1094
1043 1097
1044 1045
1044 1047
1044 1048
1044 1092
1044 1093
1044 1095
1044 1096
1044 1098
1044 1099
1045 1047
1045 1048
1045 1092
1045 1093
1045 1095
1045 1096
1045 1098
1045 1099
1046 1049
1046 1094
1046 1097
1046 1100
1047 1048
1047 1050
1047 1051
1047 1095
1047 1096
1047 1098
1047 1099
1047 1101
1047 1102
1048 1050
1048 1051
1048 1095
1048 1096
1048 1098
1048 1099
1048 1101
1048 1102
1049 1052
1049 1097
1049 1100
1049 1103
1050 1051
1050 1053
1050 1054
1050 1098
1050 1099
1050 1101
1050 1102
1050 1104
1050 1105
1051 1053
1051 1054
1051 1098
1051 1099
1051 1101
1051 1102
1051 1104
1051 1105
1052 1055
1052 1100
1052 1103
1052 1106
1053 1054
1053 1056
1053 1057
1053 1101
1053 1102
1053 1104
1053 1105
1053 1107
1053 1108
1054 1056
1054 1057
1054 1101
1054 1102
1054 1104
1054 1105
1054 1107
1054 1108
1055 1058
1055 1103
1055 1106
1055 1109
1056 1057
1056 1059
1056 1060
1056 1104
1056 1105
1056 1107
1056 1108
1056 1110
1056 1111
1057 1059
1057 1060
1057 1104
1057 1105
1057 1107
1057 1108
1057 1110
1057 1111
1058 1061
1058 1106
1058 1109
1058 1112
1059 1060
1059 1062
1059 1063
1059 1107
1059 1108
1059 1110
1059 1111
1059 1113
1059 1114
1060 1062
1060 1063
1060 1107
1060 1108
1060 1110
1060 1111
1060 1113
1060 1114
1061 1064
1061 1109
1061 1112
1061 1115
1062 1063
1062 1065
1062 1066
1062 1110
1062 1111
1062 1113
1062 1114
1062 1116
1062 1117
1063 1065
1063 1066
1063 1110
1063 1111
1063 1113
1063 1114
1063 1116
1063 1117
1064 1067
1064 1112
1064 1115
1064 1118
1065 1066
1065 1068
1065 1069
1065 1113
1065 1114
1065 1116
1065 1117
1065 1119
1065 1120
1066 1068
1066 1069
1066 1113
1066 1114
1066 1116
1066 1117
1066 1119
1066 1120
1067 1070
1067 1115
1067 1118
1067 1121
1068 1069
1068 1071
1068 1072
1068 1116
1068 1117
1068 1119
1068 1120
1068 1122
1068 1123
1069 1071
1069 1072
1069 1116
1069 1117
1069 1119
1069 1120
1069 1122
1069 1123
1070 1073
1070 1118
1070 1121
1070 1124
1071 1072
1071 1074
1071 1075
1071 1119
1071 1120
1071 1122
1071 1123
1071 1125
1071 1126
1072 1074
1072 1075
1072 1119
1072 1120
1072 1122
1072 1123
1072 1125
1072 1126
1073 1076
1073 1121
1073 1124
1073 1127
1074 1075
1074 1080
1074 1081
1074 1122
1074 1123
1074 1125
1074 1126
1074 1128
1074 1129
1074 1131
1074 1132
1075 1080
1075 1081
1075 1122
1075 1123
1075 1125
1075 1126
1075 1128
1075 1129
1075 1131
1075 1132
1076 1082
1076 1124
1076 1127
1076 1133
1077 1078
1077 1125
1077 1126
1077 1128
1077 1129
1078 1125
1078 1126
1078 1128
1078 1129
1079 1130
1080 1081
1080 1125
1080 1126
1080 1131
1080 1132
1081 1125
1081 1126
1081 1131
1081 1132
1082 1127
1082 1133
1083 1084
1083 1086
1083 1087
1083 1134
1083 1135
1083 1137
1083 1138
1084 1086
1084 1087
1084 1134
1084 1135
1084 1137
1084 1138
1085 1088
1085 1136
1085 1139
1086 1087
1086 1092
1086 1093
1086 1134
1086 1135
1086 1137
1086 1138
1086 1140
1086 1141
1086 1143
1086 1144
1087 1092
1087 1093
1087 1134
1087 1135
1087 1137
1087 1138
1087 1140
1087 1141
1087 1143
1087 1144
1088 1094
1088 1136
1088 1139
1088 1145
1089 1090
1089 1137
1089 1138
1089 1140
1089 1141
1090 1137
1090 1138
1090 1140
1090 1141
1091 1142
1092 1093
1092 1095
1092 1096
1092 1137
1092 1138
1092 1143
1092 1144
1092 1146
1092 1147
1093 1095
1093 1096
1093 1137
1093 1138
1093 1143
1093 1144
1093 1146
1093 1147
1094 1097
1094 1139
1094 1145
1094 1148
1095 1096
1095 1098
1095 1099
1095 1143
1095 1144
1095 1146
1095 1147
1095 1149
1095 1150
1096 1098
1096 1099
1096 1143
1096 1144
1096 1146
1096 1147
1096 1149
1096 1150
1097 1100
1097 1145
1097 1148
1097 1151
1098 1099
1098 1101
1098 1102
1098 1146
1098 1147
1098 1149
1098 1150
1098 1152
1098 1153
1099 1101
1099 1102
1099 1146
1099 1147
1099 1149
1099 1150
1099 1152
1099 1153
1100 1103
1100 1148
1100 1151
1100 1154
1101 1102
1101 1104
1101 1105
1101 1149
1101 1150
1101 1152
1101 1153
1101 1155
1101 1156
1102 1104
1102 1105
1102 1149
1102 1150
1102 1152
1102 1153
1102 1155
1102 1156
1103 1106
1103 1151
1103 1154
1103 1157
1104 1105
1104 1107
1104 1108
1104 1152
1104 1153
1104 1155
1104 1156
1104 1158
1104 1159
1105 1107
1105 1108
1105 1152
1105 1153
1105 1155
1105 1156
1105 1158
1105 1159
1106 1109
1106 1154
1106 1157
1106 1160
1107 1108
1107 1110
1107 1111
1107 1155
1107 1156
1107 1158
1107 1159
1107 1161
1107 1162
1108 1110
1108 1111
1108 1155
1108 1156
1108 1158
1108 1159
1108 1161
1108 1162
1109 1112
1109 1157
1109 1160
1109 1163
1110 1111
1110 1113
1110 1114
1110 1158
1110 1159
1110 1161
1110 1162
1110 1164
1110 1165
1111 1113
1111 1114
1111 1158
1111 1159
1111 1161
1111 1162
1111 1164
1111 1165
1112 1115
1112 1160
1112 1163
1112 1166
1113 1114
1113 1116
1113 1117
1113 1161
1113 1162
1113 1164
1113 1165
1113 1167
1113 1168
1114 1116
1114 1117
1114 1161
1114 1162
1114 1164
1114 1165
1114 1167
1114 1168
1115 1118
1115 1163
1115 1166
1115 1169
1116 1117
1116 1119
1116 1120
1116 1164
1116 1165
1116 1167
1116 1168
1116 1170
1116 1171
1117 1119
1117 1120
1117 1164
1117 1165
1117 1167
1117 1168
1117 1170
1117 1171
1118 1121
1118 1166
1118 1169
1118 1172
1119 1120
1119 1122
1119 1123
1119 1167
1119 1168
1119 1170
1119 1171
1119 1173
1119 1174
1120 1122
1120 1123
1120 1167
1120 1168
1120 1170
1120 1171
1120 1173
1120 1174
1121 1124
1121 1169
1121 1172
1121 1175
1122 1123
1122 1125
1122 1126
1122 1170
1122 1171
1122 1173
1122 1174
1122 1176
1122 1177
1123 1125
1123 1126
1123 1170
1123 1171
1123 1173
1123 1174
1123 1176
1123 1177
1124 1127
1124 1172
1124 1175
1124 1178
1125 1126
1125 1131
1125 1132
1125 1173
1125 1174
1125 1176
1125 1177
1125 1179
1125 1180
1125 1182
1125 1183
1126 1131
1126 1132
1126 1173
1126 1174
1126 1176
1126 1177
1126 1179
1126 1180
1126 1182
1126 1183
1127 1133
1127 1175
1127 1178
1127 1184
1128 1129
1128 1176
1128 1177
1128 1179
1128 1180
1129 1176
1129 1177
1129 1179
1129 1180
1130 1181
1131 1132
1131 1176
1131 1177
1131 1182
1131 1183
1132 1176
1132 1177
1132 1182
1132 1183
1133 1178
1133 1184
1134 1135
1134 1137
1134 1138
1134 1185
1134 1186
1134 1188
1134 1189
1135 1137
1135 1138
1135 1185
1135 1186
1135 1188
1135 1189
1136 1139
1136 1187
1136 1190
1137 1138
1137 1143
1137 1144
1137 1185
1137 1186
1137 1188
1137 1189
1137 1191
1137 1192
1137 1194
1137 1195
1138 1143
1138 1144
1138 1185
1138 1186
1138 1188
1138 1189
1138 1191
1138 1192
1138 1194
1138 1195
1139 1145
1139 1187
1139 1190
1139 1196
1140 1141
1140 1188
1140 1189
1140 1191
1140 1192
1141 1188
1141 1189
1141 1191
1141 1192
1142 1193
1143 1144
1143 1146
1143 1147
1143 1188
1143 1189
1143 1194
1143 1195
1143 1197
1143 1198
1144 1146
1144 1147
1144 1188
1144 1189
1144 1194
1144 1195
1144 1197
1144 1198
1145 1148
1145 1190
1145 1196
1145 1199
1146 1147
1146 1149
1146 1150
1146 1194
1146 1195
1146 1197
1146 1198
1146 1200
1146 1201
1147 1149
1147 1150
1147 1194
1147 1195
1147 1197
1147 1198
1147 1200
1147 1201
1148 1151
1148 1196
1148 1199
1148 1202
1149 1150
1149 1152
1149 1153
1149 1197
1149 1198
1149 1200
1149 1201
1149 1203
1149 1204
1150 1152
1150 1153
1150 1197
1150 1198
1150 1200
1150 1201
1150 1203
1150 1204
1151 1154
1151 1199
1151 1202
1151 1205
1152 1153
1152 1155
1152 1156
1152 1200
1152 1201
1152 1203
1152 1204
1152 1206
1152 1207
1153 1155
1153 1156
1153 1200
1153 1201
1153 1203
1153 1204
1153 1206
1153 1207
1154 1157
1154 1202
1154 1205
1154 1208
1155 1156
1155 1158
1155 1159
1155 1203
1155 1204
1155 1206
1155 1207
1155 1209
1155 1210
1156 1158
1156 1159
1156 1203
1156 1204
1156 1206
1156 1207
1156 1209
1156 1210
1157 1160
1157 1205
1157 1208
1157 1211
1158 1159
1158 1161
1158 1162
1158 1206
1158 1207
1158 1209
1158 1210
1158 1212
1158 1213
1159 1161
1159 1162
1159 1206
1159 1207
1159 1209
1159 1210
1159 1212
1159 1213
1160 1163
1160 1208
1160 1211
1160 1214
1161 1162
1161 1164
1161 1165
1161 1209
1161 1210
1161 1212
1161 1213
1161 1215
1161 1216
1162 1164
1162 1165
1162 1209
1162 1210
1162 1212
1162 1213
1162 1215
1162 1216
1163 1166
1163 1211
1163 1214
1163 1217
1164 1165
1164 1167
1164 1168
1164 1212
1164 1213
1164 1215
1164 1216
1164 1218
1164 1219
1165 1167
1165 1168
1165 1212
1165 1213
1165 1215
1165 1216
1165 1218
1165 1219
1166 1169
1166 1214
1166 1217
1166 1220
1167 1168
1167 1170
1167 1171
1167 1215
1167 1216
1167 1218
1167 1219
1167 1221
1167 1222
1168 1170
1168 1171
1168 1215
1168 1216
1168 1218
1168 1219
1168 1221
1168 1222
1169 1172
1169 1217
1169 1220
1169 1223
1170 1171
1170 1173
1170 1174
1170 1218
1170 1219
1170 1221
1170 1222
1170 1224
1170 1225
1171 1173
1171 1174
1171 1218
1171 1219
1171 1221
1171 1222
1171 1224
1171 1225
1172 1175
1172 1220
1172 1223
1172 1226
1173 1174
1173 1176
1173 1177
1173 1221
1173 1222
1173 1224
1173 1225
1173 1227
1173 1228
1174 1176
1174 1177
1174 1221
1174 1222
1174 1224
1174 1225
1174 1227
1174 1228
1175 1178
1175 1223
1175 1226
1175 1229
1176 1177
1176 1182
1176 1183
1176 1224
1176 1225
1176 1227
1176 1228
1176 1230
1176 1231
1176 1233
1176 1234
1177 1182
1177 1183
1177 1224
1177 1225
1177 1227
1177 1228
1177 1230
1177 1231
1177 1233
1177 1234
1178 1184
1178 1226
1178 1229
1178 1235
1179 1180
1179 1227
1179 1228
1179 1230
1179 1231
1180 1227
1180 1228
1180 1230
1180 1231
1181 1232
1182 1183
1182 1227
1182 1228
1182 1233
1182 1234
1183 1227
1183 1228
1183 1233
1183 1234
1184 1229
1184 1235
1185 1186
1185 1188
1185 1189
1186 1188
1186 1189
1187 1190
1188 1189
1188 1191
1188 1192
1188 1194
1188 1195
1188 1236
1188 1237
1189 1191
1189 1192
1189 1194
1189 1195
1189 1236
1189 1237
1190 1196
1190 1238
1191 1192
1194 1195
1194 1197
1194 1198
1194 1236
1194 1237
1194 1239
1194 1240
1195 1197
1195 1198
1195 1236
1195 1237
1195 1239
1195 1240
1196 1199
1196 1238
1196 1241
1197 1198
1197 1200
1197 1201
1197 1236
1197 1237
1197 1239
1197 1240
1197 1242
1197 1243
1198 1200
1198 1201
1198 1236
1198 1237
1198 1239
1198 1240
1198 1242
1198 1243
1199 1202
1199 1238
1199 1241
1199 1244
1200 1201
1200 1203
1200 1204
1200 1239
1200 1240
1200 1242
1200 1243
1200 1245
1200 1246
1201 1203
1201 1204
1201 1239
1201 1240
1201 1242
1201 1243
1201 1245
1201 1246
1202 1205
1202 1241
1202 1244
1202 1247
1203 1204
1203 1206
1203 1207
1203 1242
1203 1243
1203 1245
1203 1246
1203 1248
1203 1249
1204 1206
1204 1207
1204 1242
1204 1243
1204 1245
1204 1246
1204 1248
1204 1249
1205 1208
1205 1244
1205 1247
1205 1250
1206 1207
1206 1209
1206 1210
1206 1245
1206 1246
1206 1248
1206 1249
1206 1251
1206 1252
1207 1209
1207 1210
1207 1245
1207 1246
1207 1248
1207 1249
1207 1251
1207 1252
1208 1211
1208 1247
1208 1250
1208 1253
1209 1210
1209 1212
1209 1213
1209 1248
1209 1249
1209 1251
1209 1252
1209 1254
1209 1255
1210 1212
1210 1213
1210 1248
1210 1249
1210 1251
1210 1252
1210 1254
1210 1255
1211 1214
1211 1250
1211 1253
1211 1256
1212 1213
1212 1215
1212 1216
1212 1251
1212 1252
1212 1254
1212 1255
1212 1257
1212 1258
1213 1215
1213 1216
1213 1251
1213 1252
1213 1254
1213 1255
1213 1257
1213 1258
1214 1217
1214 1253
1214 1256
1214 1259
1215 1216
1215 1218
1215 1219
1215 1254
1215 1255
1215 1257
1215 1258
1215 1260
1215 1261
1216 1218
1216 1219
1216 1254
1216 1255
1216 1257
1216 1258
1216 1260
1216 1261
1217 1220
1217 1256
1217 1259
1217 1262
1218 1219
1218 1221
1218 1222
1218 1257
1218 1258
1218 1260
1218 1261
1218 1263
1218 1264
1219 1221
1219 1222
1219 1257
1219 1258
1219 1260
1219 1261
1219 1263
1219 1264
1220 1223
1220 1259
1220 1262
1220 1265
1221 1222
1221 1224
1221 1225
1221 1260
1221 1261
1221 1263
1221 1264
1221 1266
1221 1267
1222 1224
1222 1225
1222 1260
1222 1261
1222 1263
1222 1264
1222 1266
1222 1267
1223 1226
1223 1262
1223 1265
1223 1268
1224 1225
1224 1227
1224 1228
1224 1263
1224 1264
1224 1266
1224 1267
1225 1227
1225 1228
1225 1263
1225 1264
1225 1266
1225 1267
1226 1229
1226 1265
1226 1268
1227 1228
1227 1230
1227 1231
1227 1233
1227 1234
1227 1266
1227 1267
1228 1230
1228 1231
1228 1233
1228 1234
1228 1266
1228 1267
1229 1235
1229 1268
1230 1231
1233 1234
1236 1237
1236 1239
1236 1240
1236 1269
1236 1270
1236 1272
1236 1273
1237 1239
1237 1240
1237 1269
1237 1270
1237 1272
1237 1273
1238 1241
1238 1271
1238 1274
1239 1240
1239 1242
1239 1243
1239 1269
1239 1270
1239 1272
1239 1273
1239 1275
1239 1276
1240 1242
1240 1243
1240 1269
1240 1270
1240 1272
1240 1273
1240 1275
1240 1276
1241 1244
1241 1271
1241 1274
1241 1277
1242 1243
1242 1245
1242 1246
1242 1272
1242 1273
1242 1275
1242 1276
1242 1278
1242 1279
1243 1245
1243 1246
1243 1272
1243 1273
1243 1275
1243 1276
1243 1278
1243 1279
1244 1247
1244 1274
1244 1277
1244 1280
1245 1246
1245 1248
1245 1249
1245 1275
1245 1276
1245 1278
1245 1279
1245 1281
1245 1282
1246 1248
1246 1249
1246 1275
1246 1276
1246 1278
1246 1279
1246 1281
1246 1282
1247 1250
1247 1277
1247 1280
1247 1283
1248 1249
1248 1251
1248 1252
1248 1278
1248 1279
1248 1281
1248 1282
1248 1284
1248 1285
1249 1251
1249 1252
1249 1278
1249 1279
1249 1281
1249 1282
1249 1284
1249 1285
1250 1253
1250 1280
1250 1283
1250 1286
1251 1252
1251 1254
1251 1255
1251 1281
1251 1282
1251 1284
1251 1285
1251 1287
1251 1288
1252 1254
1252 1255
1252 1281
1252 1282
1252 1284
1252 1285
1252 1287
1252 1288
1253 1256
1253 1283
1253 1286
1253 1289
1254 1255
1254 1257
1254 1258
1254 1284
1254 1285
1254 1287
1254 1288
1254 1290
1254 1291
1255 1257
1255 1258
1255 1284
1255 1285
1255 1287
1255 1288
1255 1290
1255 1291
1256 1259
1256 1286
1256 1289
1256 1292
1257 1258
1257 1260
1257 1261
1257 1287
1257 1288
1257 1290
1257 1291
1257 1293
1257 1294
1258 1260
1258 1261
1258 1287
1258 1288
1258 1290
1258 1291
1258 1293
1258 1294
1259 1262
1259 1289
1259 1292
1259 1295
1260 1261
1260 1263
1260 1264
1260 1290
1260 1291
1260 1293
1260 1294
1260 1296
1260 1297
1261 1263
1261 1264
1261 1290
1261 1291
1261 1293
1261 1294
1261 1296
1261 1297
1262 1265
1262 1292
1262 1295
1262 1298
1263 1264
1263 1266
1263 1267
1263 1293
1263 1294
1263 1296
1263 1297
1263 1299
1263 1300
1264 1266
1264 1267
1264 1293
1264 1294
1264 1296
1264 1297
1264 1299
1264 1300
1265 1268
1265 1295
1265 1298
1265 1301
1266 1267
1266 1296
1266 1297
1266 1299
1266 1300
1267 1296
1267 1297
1267 1299
1267 1300
1268 1298
1268 1301
1269 1270
1269 1272
1269 1273
1269 1305
1269 1306
1269 1311
1269 1312
1269 1314
1269 1315
1270 1272
1270 1273
1270 1305
1270 1306
1270 1311
1270 1312
1270 1314
1270 1315
1271 1274
1271 1307
1271 1313
1271 1316
1272 1273
1272 1275
1272 1276
1272 1311
1272 1312
1272 1314
1272 1315
1272 1317
1272 1318
1273 1275
1273 1276
1273 1311
1273 1312
1273 1314
1273 1315
1273 1317
1273 1318
1274 1277
1274 1313
1274 1316
1274 1319
1275 1276
1275 1278
1275 1279
1275 1314
1275 1315
1275 1317
1275 1318
1275 1320
1275 1321
1276 1278
1276 1279
1276 1314
1276 1315
1276 1317
1276 1318
1276 1320
1276 1321
1277 1280
1277 1316
1277 1319
1277 1322
1278 1279
1278 1281
1278 1282
1278 1317
1278 1318
1278 1320
1278 1321
1278 1323
1278 1324
1279 1281
1279 1282
1279 1317
1279 1318
1279 1320
1279 1321
1279 1323
1279 1324
1280 1283
1280 1319
1280 1322
1280 1325
1281 1282
1281 1284
1281 1285
1281 1320
1281 1321
1281 1323
1281 1324
1281 1326
1281 1327
1282 1284
1282 1285
1282 1320
1282 1321
1282 1323
1282 1324
1282 1326
1282 1327
1283 1286
1283 1322
1283 1325
1283 1328
1284 1285
1284 1287
1284 1288
1284 1323
1284 1324
1284 1326
1284 1327
1284 1329
1284 1330
1285 1287
1285 1288
1285 1323
1285 1324
1285 1326
1285 1327
1285 1329
1285 1330
1286 1289
1286 1325
1286 1328
1286 1331
1287 1288
1287 1290
1287 1291
1287 1326
1287 1327
1287 1329
1287 1330
1287 1332
1287 1333
1288 1290
1288 1291
1288 1326
1288 1327
1288 1329
1288 1330
1288 1332
1288 1333
1289 1292
1289 1328
1289 1331
1289 1334
1290 1291
1290 1293
1290 1294
1290 1329
1290 1330
1290 1332
1290 1333
1290 1335
1290 1336
1291 1293
1291 1294
1291 1329
1291 1330
1291 1332
1291 1333
1291 1335
1291 1336
1292 1295
1292 1331
1292 1334
1292 1337
1293 1294
1293 1296
1293 1297
1293 1332
1293 1333
1293 1335
1293 1336
1293 1338
1293 1339
1294 1296
1294 1297
1294 1332
1294 1333
1294 1335
1294 1336
1294 1338
1294 1339
1295 1298
1295 1334
1295 1337
1295 1340
1296 1297
1296 1299
1296 1300
1296 1335
1296 1336
1296 1338
1296 1339
1296 1341
1296 1342
1297 1299
1297 1300
1297 1335
1297 1336
1297 1338
1297 1339
1297 1341
1297 1342
1298 1301
1298 1337
1298 1340
1298 1343
1299 1300
1299 1338
1299 1339
1299 1341
1299 1342
1299 1344
1299 1345
1300 1338
1300 1339
1300 1341
1300 1342
1300 1344
1300 1345
1301 1340
1301 1343
1301 1346
1302 1303
1302 1305
1302 1306
1302 1353
1302 1354
1302 1356
1302 1357
1303 1305
1303 1306
1303 1353
1303 1354
1303 1356
1303 1357
1304 1307
1304 1355
1304 1358
1305 1306
1305 1308
1305 1309
1305 1311
1305 1312
1305 1353
1305 1354
1305 1356
1305 1357
1305 1359
1305 1360
1305 1362
1305 1363
1306 1308
1306 1309
1306 1311
1306 1312
1306 1353
1306 1354
1306 1356
1306 1357
1306 1359
1306 1360
1306 1362
1306 1363
1307 1313
1307 1355
1307 1358
1307 1364
1308 1309
1308 1356
1308 1357
1308 1359
1308 1360
1309 1356
1309 1357
1309 1359
1309 1360
1310 1361
1311 1312
1311 1314
1311 1315
1311 1356
1311 1357
1311 1362
1311 1363
1311 1365
1311 1366
1312 1314
1312 1315
1312 1356
1312 1357
1312 1362
1312 1363
1312 1365
1312 1366
1313 1316
1313 1358
1313 1364
1313 1367
1314 1315
1314 1317
1314 1318
1314 1362
1314 1363
1314 1365
1314 1366
1314 1368
1314 1369
1315 1317
1315 1318
1315 1362
1315 1363
1315 1365
1315 1366
1315 1368
1315 1369
1316 1319
1316 1364
1316 1367
1316 1370
1317 1318
1317 1320
1317 1321
1317 1365
1317 1366
1317 1368
1317 1369
1317 1371
1317 1372
1318 1320
1318 1321
1318 1365
1318 1366
1318 1368
1318 1369
1318 1371
1318 1372
1319 1322
1319 1367
1319 1370
1319 1373
1320 1321
1320 1323
1320 1324
1320 1368
1320 1369
1320 1371
1320 1372
1320 1374
1320 1375
1321 1323
1321 1324
1321 1368
1321 1369
1321 1371
1321 1372
1321 1374
1321 1375
1322 1325
1322 1370
1322 1373
1322 1376
1323 1324
1323 1326
1323 1327
1323 1371
1323 1372
1323 1374
1323 1375
1323 1377
1323 1378
1324 1326
1324 1327
1324 1371
1324 1372
1324 1374
1324 1375
1324 1377
1324 1378
1325 1328
1325 1373
1325 1376
1325 1379
1326 1327
1326 1329
1326 1330
1326 1374
1326 1375
1326 1377
1326 1378
1326 1380
1326 1381
1327 1329
1327 1330
1327 1374
1327 1375
1327 1377
1327 1378
1327 1380
1327 1381
1328 1331
1328 1376
1328 1379
1328 1382
1329 1330
1329 1332
1329 1333
1329 1377
1329 1378
1329 1380
1329 1381
1329 1383
1329 1384
1330 1332
1330 1333
1330 1377
1330 1378
1330 1380
1330 1381
1330 1383
1330 1384
1331 1334
1331 1379
1331 1382
1331 1385
1332 1333
1332 1335
1332 1336
1332 1380
1332 1381
1332 1383
1332 1384
1332 1386
1332 1387
1333 1335
1333 1336
1333 1380
1333 1381
1333 1383
1333 1384
1333 1386
1333 1387
1334 1337
1334 1382
1334 1385
1334 1388
1335 1336
1335 1338
1335 1339
1335 1383
1335 1384
1335 1386
1335 1387
1335 1389
1335 1390
1336 1338
1336 1339
1336 1383
1336 1384
1336 1386
1336 1387
1336 1389
1336 1390
1337 1340
1337 1385
1337 1388
1337 1391
1338 1339
1338 1341
1338 1342
1338 1386
1338 1387
1338 1389
1338 1390
1338 1392
1338 1393
1339 1341
1339 1342
1339 1386
1339 1387
1339 1389
1339 1390
1339 1392
1339 1393
1340 1343
1340 1388
1340 1391
1340 1394
1341 1342
1341 1344
1341 1345
1341 1389
1341 1390
1341 1392
1341 1393
1341 1395
1341 1396
1342 1344
1342 1345
1342 1389
1342 1390
1342 1392
1342 1393
1342 1395
1342 1396
1343 1346
1343 1391
1343 1394
1343 1397
1344 1345
1344 1347
1344 1348
1344 1350
1344 1351
1344 1392
1344 1393
1344 1395
1344 1396
1344 1398
1344 1399
1344 1401
1344 1402
1345 1347
1345 1348
1345 1350
1345 1351
1345 1392
1345 1393
1345 1395
1345 1396
1345 1398
1345 1399
1345 1401
1345 1402
1346 1352
1346 1394
1346 1397
1346 1403
1347 1348
1347 1395
1347 1396
1347 1398
1347 1399
1348 1395
1348 1396
1348 1398
1348 1399
1349 1400
1350 1351
1350 1395
1350 1396
1350 1401
1350 1402
1351 1395
1351 1396
1351 1401
1351 1402
1352 1397
1352 1403
1353 1354
1353 1356
1353 1357
1354 1356
1354 1357
1355 1358
1356 1357
1356 1362
1356 1363
1357 1362
1357 1363
1358 1364
1359 1360
1362 1363
1362 1365
1362 1366
1363 1365
1363 1366
1364 1367
1365 1366
1365 1368
1365 1369
1366 1368
1366 1369
1367 1370
1368 1369
1368 1371
1368 1372
1369 1371
1369 1372
1370 1373
1371 1372
1371 1374
1371 1375
1372 1374
1372 1375
1373 1376
1374 1375
1374 1377
1374 1378
1375 1377
1375 1378
1376 1379
1377 1378
1377 1380
1377 1381
1378 1380
1378 1381
1379 1382
1380 1381
1380 1383
1380 1384
1381 1383
1381 1384
1382 1385
1383 1384
1383 1386
1383 1387
1384 1386
1384 1387
1385 1388
1386 1387
1386 1389
1386 1390
1387 1389
1387 1390
1388 1391
1389 1390
1389 1392
1389 1393
1390 1392
1390 1393
1391 1394
1392 1393
1392 1395
1392 1396
1393 1395
1393 1396
1394 1397
1395 1396
1395 1401
1395 1402
1396 1401
1396 1402
1397 1403
1398 1399
1401 1402
1404 1405
1404 1407
1404 1408
1404 1452
1404 1453
1404 1455
1404 1456
1404 1458
1404 1459
1405 1407
1405 1408
1405 1452
1405 1453
1405 1455
1405 1456
1405 1458
1405 1459
1406 1409
1406 1454
1406 1457
1406 1460
1407 1408
1407 1410
1407 1411
1407 1455
1407 1456
1407 1458
1407 1459
1407 1461
1407 1462
1408 1410
1408 1411
1408 1455
1408 1456
1408 1458
1408 1459
1408 1461
1408 1462
1409 1412
1409 1457
1409 1460
1409 1463
1410 1411
1410 1413
1410 1414
1410 1458
1410 1459
1410 1461
1410 1462
1410 1464
1410 1465
1411 1413
1411 1414
1411 1458
1411 1459
1411 1461
1411 1462
1411 1464
1411 1465
1412 1415
1412 1460
1412 1463
1412 1466
1413 1414
1413 1419
1413 1420
1413 1461
1413 1462
1413 1464
1413 1465
1413 1467
1413 1468
1413 1470
1413 1471
1414 1419
1414 1420
1414 1461
1414 1462
1414 1464
1414 1465
1414 1467
1414 1468
1414 1470
1414 1471
1415 1421
1415 1463
1415 1466
1415 1472
1416 1417
1416 1464
1416 1465
1416 1467
1416 1468
1417 1464
1417 1465
1417 1467
1417 1468
1418 1469
1419 1420
1419 1464
1419 1465
1419 1470
1419 1471
1420 1464
1420 1465
1420 1470
1420 1471
1421 1466
1421 1472
1422 1423
1422 1425
1422 1426
1423 1425
1423 1426
1424 1427
1425 1426
1425 1431
1425 1432
1426 1431
1426 1432
1427 1433
1428 1429
1431 1432
1431 1434
1431 1435
1432 1434
1432 1435
1433 1436
1434 1435
1434 1437
1434 1438
1435 1437
1435 1438
1436 1439
1437 1438
1437 1440
1437 1441
1438 1440
1438 1441
1439 1442
1440 1441
1440 1443
1440 1444
1441 1443
1441 1444
1442 1445
1443 1444
1443 1446
1443 1447
1444 1446
1444 1447
1445 1448
1446 1449
1446 1450
1447 1449
1447 1450
1448 1451
1449 1450
1449 1452
1449 1453
1450 1452
1450 1453
1451 1454
1452 1453
1452 1455
1452 1456
1453 1455
1453 1456
1454 1457
1455 1456
1455 1458
1455 1459
1456 1458
1456 1459
1457 1460
1458 1459
1458 1461
1458 1462
1459 1461
1459 1462
1460 1463
1461 1462
1461 1464
1461 1465
1462 1464
1462 1465
1463 1466
1464 1465
1464 1470
1464 1471
1465 1470
1465 1471
1466 1472
1467 1468
1470 1471
