715 2975
0 1
0 2
0 23
0 24
0 25
0 98
0 149
0 150
0 164
0 165
0 166
0 181
0 182
0 183
1 2
1 25
1 98
2 3
2 25
2 26
2 98
2 149
2 150
2 151
2 166
2 167
2 183
2 184
2 185
3 4
3 5
3 26
3 27
3 98
3 150
3 151
3 152
3 167
3 168
3 185
3 186
3 187
4 5
4 27
4 98
5 6
5 27
5 28
5 98
5 151
5 152
5 153
5 168
5 169
5 187
5 188
5 189
6 7
6 8
6 28
6 29
6 98
6 152
6 153
6 154
6 169
6 170
6 189
6 190
6 191
7 8
7 29
7 98
8 9
8 29
8 30
8 98
8 153
8 154
8 155
8 170
8 171
8 191
8 192
8 193
9 10
9 11
9 30
9 31
9 98
9 154
9 155
9 156
9 171
9 172
9 193
9 194
9 195
10 11
10 31
10 98
11 12
11 31
11 32
11 98
11 155
11 156
11 157
11 172
11 173
11 195
11 196
11 197
12 13
12 14
12 32
12 33
12 98
12 156
12 157
12 158
12 173
12 174
12 197
12 198
12 199
13 14
13 33
13 98
14 15
14 33
14 34
14 98
14 157
14 158
14 159
14 174
14 175
14 199
14 200
14 201
15 16
15 17
15 34
15 35
15 98
15 158
15 159
15 160
15 175
15 176
15 201
15 202
15 203
16 17
16 35
16 98
17 18
17 35
17 36
17 98
17 159
17 160
17 161
17 176
17 177
17 203
17 204
17 205
18 19
18 20
18 36
18 37
18 98
18 160
18 161
18 162
18 177
18 178
18 205
18 206
18 207
19 20
19 37
19 98
20 21
20 37
20 38
20 98
20 161
20 162
20 163
20 178
20 179
20 207
20 208
20 209
21 22
21 23
21 38
21 39
21 98
21 162
21 163
21 164
21 179
21 180
21 209
21 210
21 211
22 23
22 39
22 98
23 24
23 39
23 98
23 149
23 163
23 164
23 165
23 180
23 181
23 211
23 212
24 25
24 39
24 40
24 41
24 55
24 98
25 26
25 40
25 41
25 42
25 98
26 27
26 41
26 42
26 43
26 98
27 28
27 42
27 43
27 44
27 98
28 29
28 43
28 44
28 45
28 98
29 30
29 44
29 45
29 46
29 98
30 31
30 45
30 46
30 47
30 98
31 32
31 46
31 47
31 48
31 98
32 33
32 47
32 48
32 49
32 98
33 34
33 48
33 49
33 50
33 98
34 35
34 49
34 50
34 51
34 98
35 36
35 50
35 51
35 52
35 98
36 37
36 51
36 52
36 53
36 98
37 38
37 52
37 53
37 54
37 98
38 39
38 53
38 54
38 55
38 98
39 40
39 54
39 55
39 98
40 41
40 55
40 56
40 57
40 71
41 42
41 56
41 57
41 58
42 43
42 57
42 58
42 59
43 44
43 58
43 59
43 60
44 45
44 59
44 60
44 61
45 46
45 60
45 61
45 62
46 47
46 61
46 62
46 63
47 48
47 62
47 63
47 64
48 49
48 63
48 64
48 65
49 50
49 64
49 65
49 66
50 51
50 65
50 66
50 67
51 52
51 66
51 67
51 68
52 53
52 67
52 68
52 69
53 54
53 68
53 69
53 70
54 55
54 69
54 70
54 71
55 56
55 70
55 71
56 57
56 71
56 72
56 95
56 97
57 58
57 72
57 73
57 74
57 97
58 59
58 74
58 75
58 97
59 60
59 75
59 76
59 77
59 97
60 61
60 77
60 78
60 97
61 62
61 78
61 79
61 80
61 97
62 63
62 80
62 81
62 97
63 64
63 81
63 82
63 83
63 97
64 65
64 83
64 84
64 97
65 66
65 84
65 85
65 86
65 97
66 67
66 86
66 87
66 97
67 68
67 87
67 88
67 89
67 97
68 69
68 89
68 90
68 97
69 70
69 90
69 91
69 92
69 97
70 71
70 92
70 93
70 97
71 93
71 94
71 95
71 97
72 73
72 74
72 95
72 96
72 97
72 366
72 367
72 382
72 383
72 384
73 74
73 97
74 75
74 96
74 97
74 367
74 368
74 384
74 385
74 386
75 76
75 77
75 96
75 97
75 368
75 369
75 386
75 387
75 388
76 77
76 97
77 78
77 97
77 369
77 370
77 388
77 389
77 390
78 79
78 80
78 97
78 370
78 371
78 390
78 391
78 392
79 80
79 97
80 81
80 97
80 371
80 372
80 392
80 393
80 394
81 82
81 83
81 97
81 372
81 373
81 394
81 395
81 396
82 83
82 97
83 84
83 97
83 373
83 374
83 396
83 397
83 398
84 85
84 86
84 97
84 374
84 375
84 398
84 399
84 400
85 86
85 97
86 87
86 97
86 375
86 376
86 400
86 401
86 402
87 88
87 89
87 97
87 376
87 377
87 402
87 403
87 404
88 89
88 97
89 90
89 97
89 377
89 378
89 404
89 405
89 406
90 91
90 92
90 97
90 378
90 379
90 406
90 407
90 408
91 92
91 97
92 93
92 97
92 379
92 380
92 408
92 409
92 410
93 94
93 95
93 97
93 380
93 381
93 410
93 411
93 412
94 95
94 97
95 97
95 366
95 381
95 382
95 412
95 413
96 97
97 366
97 367
97 368
97 369
97 370
97 371
97 372
97 373
97 374
97 375
97 376
97 377
97 378
97 379
97 380
97 381
97 382
97 383
97 384
97 385
97 386
97 387
97 388
97 389
97 390
97 391
97 392
97 393
97 394
97 395
97 396
97 397
97 398
97 399
97 400
97 401
97 402
97 403
97 404
97 405
97 406
97 407
97 408
97 409
97 410
97 411
97 412
97 413
98 149
98 150
98 151
98 152
98 153
98 154
98 155
98 156
98 157
98 158
98 159
98 160
98 161
98 162
98 163
98 164
98 165
98 166
98 167
98 168
98 169
98 170
98 171
98 172
98 173
98 174
98 175
98 176
98 177
98 178
98 179
98 180
98 181
98 182
98 183
98 184
98 185
98 186
98 187
98 188
98 189
98 190
98 191
98 192
98 193
98 194
98 195
98 196
98 197
98 198
98 199
98 200
98 201
98 202
98 203
98 204
98 205
98 206
98 207
98 208
98 209
98 210
98 211
98 212
99 100
99 101
99 102
99 103
99 104
99 105
99 106
99 107
99 108
99 109
99 110
99 111
99 112
99 113
99 114
99 115
99 116
99 117
99 118
99 119
99 120
99 121
99 122
99 123
99 124
99 125
99 126
99 127
99 128
99 129
99 130
99 131
99 132
99 546
99 547
99 548
99 549
99 550
99 551
99 552
99 553
99 554
99 555
99 556
99 557
99 558
99 559
99 560
99 561
99 562
99 563
99 564
99 565
99 566
99 567
99 568
99 569
99 570
99 571
99 572
99 573
99 574
99 575
99 576
99 577
99 578
99 579
99 580
99 581
99 582
99 583
99 584
99 585
99 586
99 587
99 588
99 589
99 590
99 591
99 592
99 593
99 705
99 710
101 102
101 116
101 117
101 118
101 132
101 546
101 547
101 562
101 563
101 564
102 103
102 117
102 118
102 119
102 547
102 548
102 564
102 565
102 566
103 104
103 118
103 119
103 120
103 548
103 549
103 566
103 567
103 568
104 105
104 119
104 120
104 121
104 549
104 550
104 568
104 569
104 710
105 106
105 120
105 121
105 122
105 550
105 551
105 570
105 571
105 572
105 710
106 107
106 121
106 122
106 123
106 551
106 552
106 572
106 573
106 574
107 108
107 122
107 123
107 124
107 552
107 553
107 574
107 575
107 576
108 109
108 123
108 124
108 125
108 553
108 554
108 576
108 577
108 578
109 110
109 124
109 125
109 126
109 554
109 555
109 578
109 579
109 580
110 111
110 125
110 126
110 127
110 555
110 556
110 580
110 581
110 582
111 112
111 126
111 127
111 128
111 556
111 557
111 582
111 583
111 584
112 113
112 127
112 128
112 129
112 557
112 558
112 584
112 585
112 586
112 705
113 114
113 128
113 129
113 130
113 558
113 559
113 587
113 588
113 705
114 115
114 129
114 130
114 131
114 559
114 560
114 588
114 589
114 590
115 116
115 130
115 131
115 132
115 560
115 561
115 590
115 591
115 592
116 117
116 131
116 132
116 546
116 561
116 562
116 592
116 593
117 118
117 132
117 133
117 134
117 148
118 119
118 133
118 134
118 135
119 120
119 134
119 135
119 136
120 121
120 135
120 136
120 137
121 122
121 136
121 137
121 138
122 123
122 137
122 138
122 139
123 124
123 138
123 139
123 140
124 125
124 139
124 140
124 141
125 126
125 140
125 141
125 142
126 127
126 141
126 142
126 143
127 128
127 142
127 143
127 144
128 129
128 143
128 144
128 145
129 130
129 144
129 145
129 146
130 131
130 144
130 146
130 147
131 132
131 146
131 147
131 148
132 133
132 147
132 148
133 134
133 148
133 149
133 150
133 164
134 135
134 149
134 150
134 151
135 136
135 150
135 151
135 152
136 137
136 151
136 152
136 153
137 138
137 152
137 153
137 154
138 139
138 153
138 154
138 155
139 140
139 154
139 155
139 156
140 141
140 155
140 156
140 157
141 142
141 156
141 157
141 158
142 143
142 157
142 158
142 159
143 144
143 158
143 159
143 160
144 145
144 146
144 159
144 160
144 161
145 146
145 160
145 161
145 162
146 147
146 161
146 162
146 163
147 148
147 162
147 163
147 164
148 149
148 163
148 164
149 150
149 164
150 151
151 152
152 153
153 154
154 155
155 156
156 157
157 158
158 159
159 160
160 161
161 162
162 163
163 164
165 181
165 182
165 212
166 182
166 183
166 184
167 184
167 185
167 186
168 186
168 187
168 188
169 188
169 189
169 190
170 190
170 191
170 192
171 192
171 193
171 194
172 194
172 195
172 196
173 196
173 197
173 198
174 198
174 199
174 200
175 200
175 201
175 202
176 202
176 203
176 204
177 204
177 205
177 206
178 206
178 207
178 208
179 208
179 209
179 210
180 210
180 211
180 212
181 182
181 212
181 213
181 336
181 337
182 183
182 213
182 215
182 336
183 184
183 215
183 216
183 336
184 185
184 215
184 216
184 217
185 186
185 216
185 217
185 218
186 187
186 217
186 218
186 219
187 188
187 218
187 219
187 220
188 189
188 219
188 220
188 221
189 190
189 220
189 221
189 222
190 191
190 221
190 222
190 223
191 192
191 222
191 223
191 224
192 193
192 223
192 224
192 225
193 194
193 224
193 225
193 226
194 195
194 225
194 226
194 227
195 196
195 226
195 227
195 228
196 197
196 227
196 228
196 229
197 198
197 228
197 229
197 230
198 199
198 229
198 230
198 231
199 200
199 230
199 231
199 232
200 201
200 231
200 232
200 233
201 202
201 232
201 233
201 234
202 203
202 233
202 234
202 235
203 204
203 234
203 235
203 236
204 205
204 235
204 236
204 237
205 206
205 236
205 237
205 238
206 207
206 237
206 238
206 239
207 208
207 238
207 239
207 240
208 209
208 239
208 240
208 241
209 210
209 240
209 241
209 242
210 211
210 241
210 242
210 243
211 212
211 242
211 243
211 337
212 213
212 243
212 337
213 214
213 244
213 245
213 246
213 276
213 336
213 337
214 215
214 245
214 246
214 247
214 336
215 216
215 246
215 247
215 248
215 336
216 217
216 247
216 248
216 249
216 336
216 345
216 346
216 347
216 357
216 358
216 359
217 218
217 248
217 249
217 250
218 219
218 249
218 250
218 251
219 220
219 250
219 251
219 252
220 221
220 251
220 252
220 253
221 222
221 252
221 253
221 254
222 223
222 253
222 254
222 255
223 224
223 254
223 255
223 256
224 225
224 255
224 256
224 257
225 226
225 256
225 257
225 258
226 227
226 257
226 258
226 259
227 228
227 258
227 259
227 260
228 229
228 259
228 260
228 261
229 230
229 260
229 261
229 262
230 231
230 261
230 262
230 263
231 232
231 262
231 263
231 264
232 233
232 263
232 264
232 265
233 234
233 264
233 265
233 266
234 235
234 265
234 266
234 267
235 236
235 266
235 267
235 268
236 237
236 267
236 268
236 269
237 238
237 268
237 269
237 270
238 239
238 269
238 270
238 271
239 240
239 270
239 271
239 272
240 241
240 271
240 272
240 273
241 242
241 272
241 273
241 274
241 339
242 243
242 273
242 274
242 275
242 307
242 337
242 339
242 342
242 343
242 344
242 352
242 354
242 355
242 356
242 364
243 244
243 274
243 275
243 276
243 337
243 339
244 245
244 275
244 276
244 337
245 246
245 276
245 277
245 278
245 308
246 247
246 277
246 278
246 279
247 248
247 278
247 279
247 280
248 249
248 279
248 280
248 281
249 250
249 280
249 281
249 282
249 346
249 347
249 351
249 353
249 358
249 359
249 363
249 365
250 251
250 281
250 282
250 283
251 252
251 282
251 283
251 284
252 253
252 283
252 284
252 285
253 254
253 284
253 285
253 286
254 255
254 285
254 286
254 287
255 256
255 286
255 287
255 288
256 257
256 287
256 288
256 289
257 258
257 288
257 289
257 290
258 259
258 289
258 290
258 291
259 260
259 290
259 291
259 292
260 261
260 291
260 292
260 293
261 262
261 292
261 293
261 294
262 263
262 293
262 294
262 295
263 264
263 294
263 295
263 296
264 265
264 295
264 296
264 297
265 266
265 296
265 297
265 298
266 267
266 297
266 298
266 299
267 268
267 298
267 299
267 300
268 269
268 299
268 300
268 301
269 270
269 300
269 301
269 302
270 271
270 301
270 302
270 303
271 272
271 302
271 303
271 304
271 339
272 273
272 303
272 304
272 305
272 339
273 274
273 304
273 305
273 306
273 339
274 275
274 305
274 306
274 307
274 339
275 276
275 306
275 307
275 308
275 339
276 277
276 307
276 308
277 278
277 308
278 279
279 280
279 309
280 281
280 309
280 310
280 347
280 351
280 359
280 363
281 282
281 309
281 310
281 311
282 283
282 310
282 311
282 312
283 284
283 311
283 312
283 313
284 285
284 312
284 313
284 314
285 286
285 313
285 314
285 315
286 287
286 314
286 315
286 316
287 288
287 315
287 316
287 317
288 289
288 316
288 317
288 318
289 290
289 317
289 318
289 319
290 291
290 318
290 319
290 320
291 292
291 319
291 320
291 321
292 293
292 320
292 321
292 322
293 294
293 321
293 322
293 323
294 295
294 322
294 323
294 324
295 296
295 323
295 324
295 325
296 297
296 324
296 325
296 338
296 339
297 298
297 325
297 338
297 339
298 299
298 327
298 328
298 338
298 339
299 300
299 327
299 328
299 329
300 301
300 328
300 329
300 330
301 302
301 329
301 330
301 331
302 303
302 330
302 331
302 332
303 304
303 331
303 332
303 333
303 339
304 305
304 332
304 333
304 334
304 339
305 306
305 333
305 334
305 335
305 339
306 307
306 334
306 335
306 339
307 308
307 335
307 339
307 342
307 343
307 354
307 355
309 310
310 311
311 312
312 313
313 314
314 315
315 316
316 317
317 318
318 319
319 320
320 321
321 322
322 323
323 324
324 325
325 326
325 338
325 339
326 327
326 338
326 339
327 328
327 338
327 339
328 329
329 330
330 331
331 332
332 333
332 339
333 334
333 339
334 335
334 339
336 337
336 344
336 345
336 346
336 352
336 353
336 356
336 357
336 358
336 364
336 365
337 343
337 344
337 345
337 355
337 356
337 357
338 339
339 340
339 341
342 343
342 344
342 348
343 344
343 348
344 345
344 348
344 349
345 346
345 348
345 349
345 350
345 352
345 353
346 347
346 349
346 350
346 351
347 350
347 351
348 349
349 350
350 351
354 355
354 356
354 360
355 356
355 360
356 357
356 360
356 361
357 358
357 360
357 361
357 362
357 364
357 365
358 359
358 361
358 362
358 363
359 362
359 363
360 361
361 362
362 363
366 382
366 383
366 413
367 383
367 384
367 385
368 385
368 386
368 387
369 387
369 388
369 389
370 389
370 390
370 391
371 391
371 392
371 393
372 393
372 394
372 395
373 395
373 396
373 397
374 397
374 398
374 399
375 399
375 400
375 401
376 401
376 402
376 403
377 403
377 404
377 405
378 405
378 406
378 407
379 407
379 408
379 409
380 409
380 410
380 411
381 411
381 412
381 413
382 383
382 413
382 414
382 415
382 445
383 384
383 414
383 415
383 416
384 385
384 415
384 416
384 417
385 386
385 416
385 417
385 418
386 387
386 417
386 418
386 419
387 388
387 418
387 419
387 420
388 389
388 419
388 420
388 421
389 390
389 420
389 421
389 422
390 391
390 421
390 422
390 423
391 392
391 422
391 423
391 424
392 393
392 423
392 424
392 425
393 394
393 424
393 425
393 426
394 395
394 425
394 426
394 427
395 396
395 426
395 427
395 428
396 397
396 427
396 428
396 429
397 398
397 428
397 429
397 430
398 399
398 429
398 430
398 431
399 400
399 430
399 431
399 432
400 401
400 431
400 432
400 433
401 402
401 432
401 433
401 434
402 403
402 433
402 434
402 435
403 404
403 434
403 435
403 436
404 405
404 435
404 436
404 437
405 406
405 436
405 437
405 438
406 407
406 437
406 438
406 439
407 408
407 438
407 439
407 440
408 409
408 439
408 440
408 441
409 410
409 440
409 441
409 442
410 411
410 441
410 442
410 443
411 412
411 442
411 443
411 444
412 413
412 443
412 444
412 445
413 414
413 444
413 445
414 415
414 445
414 446
414 447
414 477
415 416
415 446
415 447
415 448
416 417
416 447
416 448
416 449
417 418
417 448
417 449
417 450
418 419
418 449
418 450
418 451
419 420
419 450
419 451
419 452
420 421
420 451
420 452
420 453
421 422
421 452
421 453
421 454
422 423
422 453
422 454
422 455
423 424
423 454
423 455
423 456
424 425
424 455
424 456
424 457
425 426
425 456
425 457
425 458
426 427
426 457
426 458
426 459
427 428
427 458
427 459
427 460
428 429
428 459
428 460
428 461
429 430
429 460
429 461
429 462
430 431
430 461
430 462
430 463
431 432
431 462
431 463
431 464
432 433
432 463
432 464
432 465
433 434
433 464
433 465
433 466
434 435
434 465
434 466
434 467
435 436
435 466
435 467
435 468
436 437
436 467
436 468
436 469
437 438
437 468
437 469
437 470
438 439
438 469
438 470
438 471
439 440
439 470
439 471
439 472
440 441
440 471
440 472
440 473
441 442
441 472
441 473
441 474
442 443
442 473
442 474
442 475
443 444
443 474
443 475
443 476
444 445
444 475
444 476
444 477
445 446
445 476
445 477
446 447
446 477
446 532
447 448
447 478
448 449
448 478
448 479
449 450
449 478
449 479
449 480
450 451
450 479
450 480
450 481
451 452
451 480
451 481
451 482
452 453
452 481
452 482
452 483
453 454
453 482
453 483
453 484
454 455
454 483
454 484
454 485
455 456
455 484
455 485
455 486
456 457
456 485
456 486
456 487
457 458
457 486
457 487
457 488
458 459
458 487
458 488
458 489
459 460
459 488
459 489
459 490
460 461
460 489
460 490
460 491
461 462
461 490
461 491
461 492
462 463
462 491
462 492
462 493
463 464
463 492
463 493
463 494
464 465
464 493
464 494
464 495
465 466
465 494
465 495
465 496
466 467
466 495
466 496
466 497
467 468
467 496
467 497
467 498
468 469
468 497
468 498
468 499
469 470
469 498
469 499
469 500
470 471
470 499
470 500
470 501
471 472
471 500
471 501
471 502
472 473
472 501
472 502
472 503
473 474
473 502
473 503
473 504
474 475
474 503
474 504
474 505
475 476
475 504
475 505
475 531
476 477
476 505
476 531
477 531
478 479
479 480
479 506
480 481
480 506
480 507
481 482
481 506
481 507
481 508
482 483
482 507
482 508
482 509
483 484
483 508
483 509
483 510
484 485
484 509
484 510
484 511
485 486
485 510
485 511
485 512
486 487
486 511
486 512
486 513
487 488
487 512
487 513
487 514
488 489
488 513
488 514
488 515
489 490
489 514
489 515
489 516
490 491
490 515
490 516
490 517
491 492
491 516
491 517
491 518
492 493
492 517
492 518
492 519
493 494
493 518
493 519
493 520
494 495
494 519
494 520
494 521
495 496
495 520
495 521
495 522
496 497
496 521
496 522
496 523
497 498
497 522
497 523
497 524
498 499
498 523
498 524
498 525
499 500
499 524
499 525
499 526
500 501
500 525
500 526
500 527
501 502
501 526
501 527
501 528
502 503
502 527
502 528
502 529
503 504
503 528
503 529
503 530
504 505
504 529
504 530
505 530
505 531
506 507
506 533
507 508
508 509
508 534
509 510
510 511
510 535
510 714
511 512
512 513
512 536
513 514
514 515
514 537
515 516
516 517
516 538
517 518
518 519
518 539
519 520
520 521
520 540
521 522
522 523
522 541
523 524
524 525
524 542
525 526
526 527
526 543
526 709
527 528
528 529
528 544
529 530
530 545
532 626
532 627
532 657
532 658
532 688
533 660
533 661
533 662
533 690
533 691
534 662
534 663
534 664
534 691
534 692
535 665
535 666
535 693
535 713
535 714
536 666
536 667
536 668
536 693
536 694
537 668
537 669
537 670
537 694
537 695
538 670
538 671
538 672
538 695
538 696
539 672
539 673
539 674
539 696
539 697
540 674
540 675
540 676
540 697
540 698
541 676
541 677
541 678
541 698
541 699
542 678
542 679
542 680
542 699
542 700
543 680
543 681
543 700
543 708
543 709
544 682
544 683
544 684
544 701
544 702
545 684
545 685
545 686
545 702
545 703
546 562
546 563
546 593
547 563
547 564
547 565
548 565
548 566
548 567
549 567
549 568
549 569
550 569
550 570
550 571
550 710
551 571
551 572
551 573
552 573
552 574
552 575
553 575
553 576
553 577
554 577
554 578
554 579
555 579
555 580
555 581
556 581
556 582
556 583
557 583
557 584
557 585
558 585
558 586
558 587
558 705
559 587
559 588
559 589
560 589
560 590
560 591
561 591
561 592
561 593
562 563
562 593
562 594
562 595
562 625
563 564
563 594
563 595
563 596
564 565
564 595
564 596
564 597
565 566
565 596
565 597
565 598
566 567
566 597
566 598
566 599
567 568
567 598
567 599
567 600
568 569
568 599
568 600
568 601
569 570
569 600
569 601
569 710
569 711
570 571
570 601
570 602
570 603
570 710
570 711
571 572
571 602
571 603
571 604
571 710
571 711
572 573
572 603
572 604
572 605
573 574
573 604
573 605
573 606
574 575
574 605
574 606
574 607
575 576
575 606
575 607
575 608
576 577
576 607
576 608
576 609
577 578
577 608
577 609
577 610
578 579
578 609
578 610
578 611
579 580
579 610
579 611
579 612
580 581
580 611
580 612
580 613
581 582
581 612
581 613
581 614
582 583
582 613
582 614
582 615
583 584
583 614
583 615
583 616
584 585
584 615
584 616
584 617
585 586
585 616
585 617
585 618
585 705
585 706
586 617
586 618
586 705
586 706
587 588
587 619
587 620
587 705
587 706
588 589
588 619
588 620
588 621
589 590
589 620
589 621
589 622
590 591
590 621
590 622
590 623
591 592
591 622
591 623
591 624
592 593
592 623
592 624
592 625
593 594
593 624
593 625
594 595
594 625
594 626
594 627
594 657
595 596
595 626
595 627
595 628
596 597
596 627
596 628
596 629
597 598
597 628
597 629
597 630
598 599
598 629
598 630
598 631
599 600
599 630
599 631
599 632
600 601
600 631
600 632
600 633
601 632
601 633
601 710
601 711
601 712
602 603
602 634
602 635
602 710
602 711
602 712
603 604
603 634
603 635
603 636
603 710
603 711
603 712
604 605
604 635
604 636
604 637
605 606
605 636
605 637
605 638
606 607
606 637
606 638
606 639
607 608
607 638
607 639
607 640
608 609
608 639
608 640
608 641
609 610
609 640
609 641
609 642
610 611
610 641
610 642
610 643
611 612
611 642
611 643
611 644
612 613
612 643
612 644
612 645
613 614
613 644
613 645
613 646
614 615
614 645
614 646
614 647
615 616
615 646
615 647
615 648
616 617
616 647
616 648
616 649
617 618
617 648
617 649
617 650
617 705
617 706
617 707
618 649
618 650
618 705
618 706
618 707
619 620
619 651
619 652
619 705
619 706
619 707
620 621
620 651
620 652
620 653
621 622
621 652
621 653
621 654
622 623
622 653
622 654
622 655
623 624
623 654
623 655
623 656
624 625
624 655
624 656
624 657
625 626
625 656
625 657
626 627
626 657
626 658
626 688
627 628
627 658
627 659
628 629
628 658
628 659
628 660
629 630
629 659
629 660
629 661
630 631
630 660
630 661
630 662
631 632
631 661
631 662
631 663
632 633
632 662
632 663
632 664
633 663
633 664
633 711
633 712
633 713
634 635
634 665
634 666
634 711
634 712
634 713
635 636
635 665
635 666
635 667
635 711
635 712
635 713
636 637
636 666
636 667
636 668
637 638
637 667
637 668
637 669
638 639
638 668
638 669
638 670
639 640
639 669
639 670
639 671
640 641
640 670
640 671
640 672
641 642
641 671
641 672
641 673
642 643
642 672
642 673
642 674
643 644
643 673
643 674
643 675
644 645
644 674
644 675
644 676
645 646
645 675
645 676
645 677
646 647
646 676
646 677
646 678
647 648
647 677
647 678
647 679
648 649
648 678
648 679
648 680
649 650
649 679
649 680
649 681
649 706
649 707
649 708
650 680
650 681
650 706
650 707
650 708
651 652
651 682
651 683
651 706
651 707
651 708
652 653
652 682
652 683
652 684
653 654
653 683
653 684
653 685
654 655
654 684
654 685
654 686
655 656
655 685
655 686
655 687
656 657
656 686
656 687
656 688
657 687
657 688
658 659
658 689
659 660
659 689
659 690
660 661
660 689
660 690
661 662
661 690
661 691
662 663
662 691
663 664
663 691
663 692
664 692
664 712
664 713
664 714
665 666
665 693
665 712
665 713
665 714
666 667
666 693
666 712
666 713
666 714
667 668
667 693
667 694
668 669
668 694
669 670
669 694
669 695
670 671
670 695
671 672
671 695
671 696
672 673
672 696
673 674
673 696
673 697
674 675
674 697
675 676
675 697
675 698
676 677
676 698
677 678
677 698
677 699
678 679
678 699
679 680
679 699
679 700
680 681
680 700
680 707
680 708
680 709
681 700
681 707
681 708
681 709
682 683
682 701
682 707
682 708
682 709
683 684
683 701
683 702
684 685
684 702
685 686
685 702
685 703
686 687
686 703
686 704
687 688
687 703
687 704
688 704
689 690
692 713
692 714
693 713
693 714
700 708
700 709
701 708
701 709
703 704
705 706
706 707
707 708
708 709
710 711
711 712
712 713
713 714
