492 1332
0 1
0 3
0 4
0 10
0 11
1 2
1 4
2 4
2 5
2 146
2 147
3 4
3 6
3 10
3 11
3 12
4 5
4 6
4 7
5 7
5 61
5 77
5 146
6 7
6 8
6 9
6 11
6 12
6 13
7 8
7 9
7 77
7 95
7 104
8 9
8 12
8 13
9 95
9 104
10 11
11 12
12 13
14 115
14 265
14 266
15 16
15 40
15 41
16 17
16 40
16 41
16 42
17 18
17 41
17 42
17 43
18 19
18 42
18 43
18 44
19 20
19 43
19 44
19 45
20 21
20 44
20 45
20 46
21 22
21 45
21 46
21 47
22 23
22 46
22 47
22 48
23 24
23 47
23 48
23 49
24 25
24 48
24 49
24 50
25 26
25 49
25 50
25 51
26 27
26 50
26 51
26 52
27 28
27 51
27 52
27 53
28 29
28 52
28 53
29 30
29 34
29 53
29 54
30 31
30 34
30 38
30 54
30 55
30 60
31 32
31 38
31 39
31 55
31 56
31 57
32 33
32 38
32 39
32 56
32 57
32 58
33 39
33 57
33 58
33 59
34 35
34 37
34 38
35 36
35 37
35 38
36 37
37 38
37 39
38 39
40 41
40 115
40 266
41 42
41 116
41 266
41 272
41 280
42 43
42 116
42 117
42 282
42 288
42 296
43 44
43 117
43 118
43 298
43 304
43 310
44 45
44 118
44 119
44 311
44 315
44 320
45 46
45 119
45 120
45 321
45 325
45 330
46 47
46 120
46 121
46 331
46 335
46 340
47 48
47 121
47 122
47 341
47 345
47 350
48 49
48 122
48 123
48 351
48 355
48 360
49 50
49 123
49 124
49 361
49 365
49 370
50 51
50 124
50 125
50 371
50 375
50 430
51 52
51 125
51 126
51 431
51 435
51 440
52 53
52 126
52 127
52 441
52 445
52 450
53 54
53 127
53 128
53 451
53 455
53 460
54 60
54 128
54 461
54 465
54 470
55 56
55 60
55 484
55 486
55 490
56 57
56 486
56 490
57 58
57 129
57 490
58 59
58 129
58 130
59 130
60 470
60 471
60 484
61 62
61 77
61 78
61 131
61 146
61 153
61 159
62 63
62 77
62 78
62 79
62 131
62 132
62 162
62 169
62 175
63 64
63 78
63 79
63 80
63 132
63 133
63 178
63 185
63 191
64 65
64 79
64 80
64 81
64 133
64 134
64 193
64 198
64 202
65 66
65 80
65 81
65 82
65 134
65 135
65 204
65 208
65 212
66 67
66 81
66 82
66 83
66 135
66 136
66 214
66 218
66 222
67 68
67 82
67 83
67 84
67 136
67 137
67 224
67 228
67 232
68 69
68 83
68 84
68 85
68 137
68 138
68 234
68 238
68 242
69 70
69 84
69 85
69 86
69 138
69 139
69 244
69 248
69 252
70 71
70 85
70 86
70 87
70 139
70 140
70 254
70 258
70 262
71 72
71 86
71 87
71 88
71 140
71 141
71 377
71 381
71 385
72 73
72 87
72 88
72 89
72 141
72 142
72 387
72 391
72 395
73 74
73 88
73 89
73 90
73 142
73 143
73 397
73 401
73 405
74 75
74 89
74 90
74 91
74 143
74 144
74 407
74 411
74 415
75 90
75 91
75 144
75 417
75 421
75 425
75 473
75 474
76 92
76 93
76 129
76 479
76 480
76 489
76 491
77 78
77 95
78 79
78 95
78 96
79 80
79 96
80 81
80 96
80 97
81 82
81 97
82 83
82 97
82 98
83 84
83 98
84 85
84 98
84 99
85 86
85 99
86 87
86 99
86 100
87 88
87 100
88 89
88 100
88 101
89 90
89 101
90 91
90 101
90 102
91 102
91 473
91 474
91 475
92 93
92 103
92 479
92 480
92 481
93 94
93 103
93 113
93 114
93 129
93 130
94 113
94 114
94 129
94 130
95 96
95 104
95 105
96 97
96 104
96 105
96 106
97 98
97 105
97 106
97 107
98 99
98 106
98 107
98 108
99 100
99 107
99 108
99 109
100 101
100 108
100 109
100 110
101 102
101 109
101 110
101 111
102 110
102 111
102 474
102 475
102 476
103 112
103 113
103 480
103 481
103 482
104 105
105 106
106 107
107 108
108 109
109 110
110 111
111 475
111 476
112 113
112 481
112 482
113 114
115 266
116 280
116 282
117 296
117 298
118 310
118 311
119 320
119 321
120 330
120 331
121 340
121 341
122 350
122 351
123 360
123 361
124 370
124 371
125 430
125 431
126 440
126 441
127 450
127 451
128 460
128 461
129 130
129 490
129 491
131 153
131 162
132 169
132 178
133 185
133 193
134 198
134 204
135 208
135 214
136 218
136 224
137 228
137 234
138 238
138 244
139 248
139 254
140 258
140 377
141 381
141 387
142 391
142 397
143 401
143 407
144 411
144 417
145 153
145 154
145 162
145 163
146 147
146 159
146 160
147 148
147 159
147 160
148 149
148 160
149 150
149 156
149 160
150 151
150 156
150 157
151 152
151 157
151 158
152 158
153 154
153 159
153 160
153 162
154 155
154 159
154 160
155 156
155 160
156 157
156 160
157 158
159 160
161 169
161 170
161 178
161 179
162 163
162 175
162 176
163 164
163 175
163 176
164 165
164 176
165 166
165 172
165 176
166 167
166 172
166 173
167 168
167 173
167 174
168 174
169 170
169 175
169 176
169 178
170 171
170 175
170 176
171 172
171 176
172 173
172 176
173 174
175 176
177 185
177 186
177 193
177 194
178 179
178 191
178 192
179 180
179 191
179 192
180 181
180 192
181 182
181 188
181 192
182 183
182 188
182 189
183 184
183 189
183 190
184 190
185 186
185 191
185 192
185 193
186 187
186 191
186 192
187 188
187 192
188 189
188 192
189 190
191 192
193 194
193 202
193 203
194 195
194 202
194 203
195 196
195 203
196 197
196 200
196 203
197 200
197 201
198 199
198 202
198 203
198 204
198 205
199 200
199 202
199 203
199 204
199 205
200 201
200 203
202 203
204 205
204 212
204 213
205 206
205 212
205 213
206 207
206 210
206 213
207 210
207 211
208 209
208 212
208 213
208 214
208 215
209 210
209 212
209 213
209 214
209 215
210 211
210 213
212 213
214 215
214 222
214 223
215 216
215 222
215 223
216 217
216 220
216 223
217 220
217 221
218 219
218 222
218 223
218 224
218 225
219 220
219 222
219 223
219 224
219 225
220 221
220 223
222 223
224 225
224 232
224 233
225 226
225 232
225 233
226 227
226 230
226 233
227 230
227 231
228 229
228 232
228 233
228 234
228 235
229 230
229 232
229 233
229 234
229 235
230 231
230 233
232 233
234 235
234 242
234 243
235 236
235 242
235 243
236 237
236 240
236 243
237 240
237 241
238 239
238 242
238 243
238 244
238 245
239 240
239 242
239 243
239 244
239 245
240 241
240 243
242 243
244 245
244 252
244 253
245 246
245 252
245 253
246 247
246 250
246 253
247 250
247 251
248 249
248 252
248 253
248 254
248 255
249 250
249 252
249 253
249 254
249 255
250 251
250 253
252 253
254 255
254 262
254 263
255 256
255 262
255 263
256 257
256 260
256 263
257 260
257 261
258 259
258 262
258 263
258 377
258 378
259 260
259 262
259 263
259 377
259 378
260 261
260 263
262 263
264 267
264 275
265 266
265 271
266 271
266 272
266 273
267 268
267 275
268 269
268 275
268 276
269 270
269 273
269 276
269 277
270 271
270 273
271 272
271 273
272 273
272 279
272 280
273 277
273 278
273 279
273 280
274 283
274 291
275 276
276 277
277 278
278 279
279 280
279 281
280 281
280 282
281 282
281 287
282 287
282 288
282 289
283 284
283 291
284 285
284 291
284 292
285 286
285 289
285 292
285 293
286 287
286 289
287 288
287 289
288 289
288 295
288 296
289 293
289 294
289 295
289 296
290 299
290 306
291 292
292 293
293 294
294 295
295 296
295 297
296 297
296 298
297 298
297 303
298 303
298 304
298 305
299 300
299 306
300 301
300 306
300 307
301 302
301 305
301 307
301 308
302 303
302 305
303 304
303 305
304 305
304 309
304 310
305 308
305 309
305 310
306 307
307 308
308 309
309 310
309 311
309 314
310 311
310 314
311 314
311 315
311 316
312 313
312 317
313 314
313 316
313 317
313 318
314 315
314 316
315 316
315 319
315 320
316 318
316 319
316 320
317 318
318 319
319 320
319 321
319 324
320 321
320 324
321 324
321 325
321 326
322 323
322 327
323 324
323 326
323 327
323 328
324 325
324 326
325 326
325 329
325 330
326 328
326 329
326 330
327 328
328 329
329 330
329 331
329 334
330 331
330 334
331 334
331 335
331 336
332 333
332 337
333 334
333 336
333 337
333 338
334 335
334 336
335 336
335 339
335 340
336 338
336 339
336 340
337 338
338 339
339 340
339 341
339 344
340 341
340 344
341 344
341 345
341 346
342 343
342 347
343 344
343 346
343 347
343 348
344 345
344 346
345 346
345 349
345 350
346 348
346 349
346 350
347 348
348 349
349 350
349 351
349 354
350 351
350 354
351 354
351 355
351 356
352 353
352 357
353 354
353 356
353 357
353 358
354 355
354 356
355 356
355 359
355 360
356 358
356 359
356 360
357 358
358 359
359 360
359 361
359 364
360 361
360 364
361 364
361 365
361 366
362 363
362 367
363 364
363 366
363 367
363 368
364 365
364 366
365 366
365 369
365 370
366 368
366 369
366 370
367 368
368 369
369 370
369 371
369 374
370 371
370 374
371 374
371 375
371 376
372 373
372 427
373 374
373 376
373 427
373 428
374 375
374 376
375 376
375 429
375 430
376 428
376 429
376 430
377 378
377 385
377 386
378 379
378 385
378 386
379 380
379 383
379 386
380 383
380 384
381 382
381 385
381 386
381 387
381 388
382 383
382 385
382 386
382 387
382 388
383 384
383 386
385 386
387 388
387 395
387 396
388 389
388 395
388 396
389 390
389 393
389 396
390 393
390 394
391 392
391 395
391 396
391 397
391 398
392 393
392 395
392 396
392 397
392 398
393 394
393 396
395 396
397 398
397 405
397 406
398 399
398 405
398 406
399 400
399 403
399 406
400 403
400 404
401 402
401 405
401 406
401 407
401 408
402 403
402 405
402 406
402 407
402 408
403 404
403 406
405 406
407 408
407 415
407 416
408 409
408 415
408 416
409 410
409 413
409 416
410 413
410 414
411 412
411 415
411 416
411 417
411 418
412 413
412 415
412 416
412 417
412 418
413 414
413 416
415 416
417 418
417 425
417 426
418 419
418 425
418 426
419 420
419 423
419 426
420 423
420 424
421 422
421 425
421 426
421 473
421 478
422 423
422 425
422 426
422 477
422 478
423 424
423 426
425 426
427 428
428 429
429 430
429 431
429 434
430 431
430 434
431 434
431 435
431 436
432 433
432 437
433 434
433 436
433 437
433 438
434 435
434 436
435 436
435 439
435 440
436 438
436 439
436 440
437 438
438 439
439 440
439 441
439 444
440 441
440 444
441 444
441 445
441 446
442 443
442 447
443 444
443 446
443 447
443 448
444 445
444 446
445 446
445 449
445 450
446 448
446 449
446 450
447 448
448 449
449 450
449 451
449 454
450 451
450 454
451 454
451 455
451 456
452 453
452 457
453 454
453 456
453 457
453 458
454 455
454 456
455 456
455 459
455 460
456 458
456 459
456 460
457 458
458 459
459 460
459 461
459 464
460 461
460 464
461 464
461 465
461 466
462 463
462 467
463 464
463 466
463 467
463 468
464 465
464 466
465 466
465 469
465 470
466 468
466 469
466 470
467 468
468 469
469 470
469 471
469 472
470 471
470 472
471 472
471 483
471 484
472 483
473 474
473 478
474 475
475 476
477 478
479 480
479 488
479 489
480 481
481 482
483 484
483 485
484 485
484 486
485 486
485 487
486 487
486 489
486 490
486 491
487 488
487 489
488 489
489 490
489 491
490 491
