1089 3136
0 1
0 47
1 2
1 47
1 48
2 3
2 48
2 49
3 4
3 49
3 50
4 5
4 50
4 51
5 6
5 51
5 52
6 7
6 52
6 53
7 8
7 53
7 54
8 9
8 54
8 55
9 10
9 55
9 56
10 11
10 56
10 57
11 12
11 57
11 58
12 13
12 58
12 59
13 14
13 59
13 60
14 15
14 60
14 61
15 16
15 17
15 61
16 17
16 153
16 199
17 18
17 61
17 199
17 984
18 19
18 61
18 74
18 984
18 998
19 20
19 74
19 86
19 998
19 1011
20 21
20 86
20 97
20 1011
20 1023
21 22
21 97
21 107
21 1023
21 1034
22 23
22 107
22 116
22 1034
22 1044
23 24
23 116
23 124
23 1044
23 1053
24 25
24 124
24 131
24 1053
24 1061
25 26
25 131
25 137
25 1061
25 1068
26 27
26 137
26 142
26 1068
26 1074
27 28
27 142
27 146
27 1074
27 1079
28 29
28 146
28 149
28 1079
28 1083
29 30
29 149
29 151
29 1083
29 1086
30 31
30 151
30 152
30 1086
30 1088
31 32
31 33
31 152
31 713
31 1088
32 33
32 713
32 758
33 34
33 152
34 35
34 150
34 152
35 36
35 147
35 150
36 37
36 143
36 147
37 38
37 138
37 143
38 39
38 132
38 138
39 40
39 125
39 132
40 41
40 117
40 125
41 42
41 108
41 117
42 43
42 98
42 108
43 44
43 87
43 98
44 45
44 75
44 87
45 46
45 62
45 75
46 47
46 48
46 62
47 48
48 49
48 62
49 50
49 62
49 63
50 51
50 63
50 64
51 52
51 64
51 65
52 53
52 65
52 66
53 54
53 66
53 67
54 55
54 67
54 68
55 56
55 68
55 69
56 57
56 69
56 70
57 58
57 70
57 71
58 59
58 71
58 72
59 60
59 72
59 73
60 61
60 73
60 74
61 74
62 63
62 75
63 64
63 75
63 76
64 65
64 76
64 77
65 66
65 77
65 78
66 67
66 78
66 79
67 68
67 79
67 80
68 69
68 80
68 81
69 70
69 81
69 82
70 71
70 82
70 83
71 72
71 83
71 84
72 73
72 84
72 85
73 74
73 85
73 86
74 86
75 76
75 87
76 77
76 87
76 88
77 78
77 88
77 89
78 79
78 89
78 90
79 80
79 90
79 91
80 81
80 91
80 92
81 82
81 92
81 93
82 83
82 93
82 94
83 84
83 94
83 95
84 85
84 95
84 96
85 86
85 96
85 97
86 97
87 88
87 98
88 89
88 98
88 99
89 90
89 99
89 100
90 91
90 100
90 101
91 92
91 101
91 102
92 93
92 102
92 103
93 94
93 103
93 104
94 95
94 104
94 105
95 96
95 105
95 106
96 97
96 106
96 107
97 107
98 99
98 108
99 100
99 108
99 109
100 101
100 109
100 110
101 102
101 110
101 111
102 103
102 111
102 112
103 104
103 112
103 113
104 105
104 113
104 114
105 106
105 114
105 115
106 107
106 115
106 116
107 116
108 109
108 117
109 110
109 117
109 118
110 111
110 118
110 119
111 112
111 119
111 120
112 113
112 120
112 121
113 114
113 121
113 122
114 115
114 122
114 123
115 116
115 123
115 124
116 124
117 118
117 125
118 119
118 125
118 126
119 120
119 126
119 127
120 121
120 127
120 128
121 122
121 128
121 129
122 123
122 129
122 130
123 124
123 130
123 131
124 131
125 126
125 132
126 127
126 132
126 133
127 128
127 133
127 134
128 129
128 134
128 135
129 130
129 135
129 136
130 131
130 136
130 137
131 137
132 133
132 138
133 134
133 138
133 139
134 135
134 139
134 140
135 136
135 140
135 141
136 137
136 141
136 142
137 142
138 139
138 143
139 140
139 143
139 144
140 141
140 144
140 145
141 142
141 145
141 146
142 146
143 144
143 147
144 145
144 147
144 148
145 146
145 148
145 149
146 149
147 148
147 150
148 149
148 150
148 151
149 151
150 151
150 152
151 152
153 154
153 199
153 200
154 155
154 200
154 201
155 156
155 201
155 202
156 157
156 202
156 203
157 158
157 203
157 204
158 159
158 204
158 205
159 160
159 205
159 206
160 161
160 206
160 207
161 162
161 207
161 208
162 163
162 208
162 209
163 164
163 209
163 210
164 165
164 210
164 211
165 166
165 211
165 212
166 167
166 212
166 213
167 168
167 169
167 213
168 169
168 305
169 170
169 213
169 305
169 349
170 171
170 213
170 226
170 348
170 349
171 172
171 226
171 238
171 347
171 348
172 173
172 238
172 249
172 346
172 347
173 174
173 249
173 259
173 345
173 346
174 175
174 259
174 268
174 344
174 345
175 176
175 268
175 276
175 343
175 344
176 177
176 276
176 283
176 342
176 343
177 178
177 283
177 289
177 341
177 342
178 179
178 289
178 294
178 340
178 341
179 180
179 294
179 298
179 339
179 340
180 181
180 298
180 301
180 338
180 339
181 182
181 301
181 303
181 337
181 338
182 183
182 303
182 304
182 336
182 337
183 184
183 185
183 304
183 335
183 336
184 185
184 335
184 471
184 727
184 728
185 186
185 304
185 727
185 997
186 187
186 302
186 304
186 996
186 997
187 188
187 299
187 302
187 995
187 996
188 189
188 295
188 299
188 994
188 995
189 190
189 290
189 295
189 993
189 994
190 191
190 284
190 290
190 992
190 993
191 192
191 277
191 284
191 991
191 992
192 193
192 269
192 277
192 990
192 991
193 194
193 260
193 269
193 989
193 990
194 195
194 250
194 260
194 988
194 989
195 196
195 239
195 250
195 987
195 988
196 197
196 227
196 239
196 986
196 987
197 198
197 214
197 227
197 985
197 986
198 199
198 200
198 214
198 984
198 985
199 200
199 984
200 201
200 214
201 202
201 214
201 215
202 203
202 215
202 216
203 204
203 216
203 217
204 205
204 217
204 218
205 206
205 218
205 219
206 207
206 219
206 220
207 208
207 220
207 221
208 209
208 221
208 222
209 210
209 222
209 223
210 211
210 223
210 224
211 212
211 224
211 225
212 213
212 225
212 226
213 226
214 215
214 227
215 216
215 227
215 228
216 217
216 228
216 229
217 218
217 229
217 230
218 219
218 230
218 231
219 220
219 231
219 232
220 221
220 232
220 233
221 222
221 233
221 234
222 223
222 234
222 235
223 224
223 235
223 236
224 225
224 236
224 237
225 226
225 237
225 238
226 238
227 228
227 239
228 229
228 239
228 240
229 230
229 240
229 241
230 231
230 241
230 242
231 232
231 242
231 243
232 233
232 243
232 244
233 234
233 244
233 245
234 235
234 245
234 246
235 236
235 246
235 247
236 237
236 247
236 248
237 238
237 248
237 249
238 249
239 240
239 250
240 241
240 250
240 251
241 242
241 251
241 252
242 243
242 252
242 253
243 244
243 253
243 254
244 245
244 254
244 255
245 246
245 255
245 256
246 247
246 256
246 257
247 248
247 257
247 258
248 249
248 258
248 259
249 259
250 251
250 260
251 252
251 260
251 261
252 253
252 261
252 262
253 254
253 262
253 263
254 255
254 263
254 264
255 256
255 264
255 265
256 257
256 265
256 266
257 258
257 266
257 267
258 259
258 267
258 268
259 268
260 261
260 269
261 262
261 269
261 270
262 263
262 270
262 271
263 264
263 271
263 272
264 265
264 272
264 273
265 266
265 273
265 274
266 267
266 274
266 275
267 268
267 275
267 276
268 276
269 270
269 277
270 271
270 277
270 278
271 272
271 278
271 279
272 273
272 279
272 280
273 274
273 280
273 281
274 275
274 281
274 282
275 276
275 282
275 283
276 283
277 278
277 284
278 279
278 284
278 285
279 280
279 285
279 286
280 281
280 286
280 287
281 282
281 287
281 288
282 283
282 288
282 289
283 289
284 285
284 290
285 286
285 290
285 291
286 287
286 291
286 292
287 288
287 292
287 293
288 289
288 293
288 294
289 294
290 291
290 295
291 292
291 295
291 296
292 293
292 296
292 297
293 294
293 297
293 298
294 298
295 296
295 299
296 297
296 299
296 300
297 298
297 300
297 301
298 301
299 300
299 302
300 301
300 302
300 303
301 303
302 303
302 304
303 304
305 306
305 349
306 307
306 349
306 362
307 308
307 362
307 374
308 309
308 374
308 385
309 310
309 385
309 395
310 311
310 395
310 404
311 312
311 404
311 412
312 313
312 412
312 419
313 314
313 419
313 425
314 315
314 425
314 430
315 316
315 430
315 434
316 317
316 434
316 437
317 318
317 437
317 439
318 319
318 439
318 440
319 320
319 321
319 440
320 321
320 441
320 577
321 322
321 440
321 441
321 485
322 323
322 438
322 440
322 484
322 485
323 324
323 435
323 438
323 483
323 484
324 325
324 431
324 435
324 482
324 483
325 326
325 426
325 431
325 481
325 482
326 327
326 420
326 426
326 480
326 481
327 328
327 413
327 420
327 479
327 480
328 329
328 405
328 413
328 478
328 479
329 330
329 396
329 405
329 477
329 478
330 331
330 386
330 396
330 476
330 477
331 332
331 375
331 386
331 475
331 476
332 333
332 363
332 375
332 474
332 475
333 334
333 350
333 363
333 473
333 474
334 335
334 336
334 350
334 472
334 473
335 336
335 471
335 472
336 337
336 350
337 338
337 350
337 351
338 339
338 351
338 352
339 340
339 352
339 353
340 341
340 353
340 354
341 342
341 354
341 355
342 343
342 355
342 356
343 344
343 356
343 357
344 345
344 357
344 358
345 346
345 358
345 359
346 347
346 359
346 360
347 348
347 360
347 361
348 349
348 361
348 362
349 362
350 351
350 363
351 352
351 363
351 364
352 353
352 364
352 365
353 354
353 365
353 366
354 355
354 366
354 367
355 356
355 367
355 368
356 357
356 368
356 369
357 358
357 369
357 370
358 359
358 370
358 371
359 360
359 371
359 372
360 361
360 372
360 373
361 362
361 373
361 374
362 374
363 364
363 375
364 365
364 375
364 376
365 366
365 376
365 377
366 367
366 377
366 378
367 368
367 378
367 379
368 369
368 379
368 380
369 370
369 380
369 381
370 371
370 381
370 382
371 372
371 382
371 383
372 373
372 383
372 384
373 374
373 384
373 385
374 385
375 376
375 386
376 377
376 386
376 387
377 378
377 387
377 388
378 379
378 388
378 389
379 380
379 389
379 390
380 381
380 390
380 391
381 382
381 391
381 392
382 383
382 392
382 393
383 384
383 393
383 394
384 385
384 394
384 395
385 395
386 387
386 396
387 388
387 396
387 397
388 389
388 397
388 398
389 390
389 398
389 399
390 391
390 399
390 400
391 392
391 400
391 401
392 393
392 401
392 402
393 394
393 402
393 403
394 395
394 403
394 404
395 404
396 397
396 405
397 398
397 405
397 406
398 399
398 406
398 407
399 400
399 407
399 408
400 401
400 408
400 409
401 402
401 409
401 410
402 403
402 410
402 411
403 404
403 411
403 412
404 412
405 406
405 413
406 407
406 413
406 414
407 408
407 414
407 415
408 409
408 415
408 416
409 410
409 416
409 417
410 411
410 417
410 418
411 412
411 418
411 419
412 419
413 414
413 420
414 415
414 420
414 421
415 416
415 421
415 422
416 417
416 422
416 423
417 418
417 423
417 424
418 419
418 424
418 425
419 425
420 421
420 426
421 422
421 426
421 427
422 423
422 427
422 428
423 424
423 428
423 429
424 425
424 429
424 430
425 430
426 427
426 431
427 428
427 431
427 432
428 429
428 432
428 433
429 430
429 433
429 434
430 434
431 432
431 435
432 433
432 435
432 436
433 434
433 436
433 437
434 437
435 436
435 438
436 437
436 438
436 439
437 439
438 439
438 440
439 440
441 442
441 485
441 577
441 621
442 443
442 485
442 498
442 620
442 621
443 444
443 498
443 510
443 619
443 620
444 445
444 510
444 521
444 618
444 619
445 446
445 521
445 531
445 617
445 618
446 447
446 531
446 540
446 616
446 617
447 448
447 540
447 548
447 615
447 616
448 449
448 548
448 555
448 614
448 615
449 450
449 555
449 561
449 613
449 614
450 451
450 561
450 566
450 612
450 613
451 452
451 566
451 570
451 611
451 612
452 453
452 570
452 573
452 610
452 611
453 454
453 573
453 575
453 609
453 610
454 455
454 575
454 576
454 608
454 609
455 456
455 457
455 576
455 607
455 608
456 457
456 607
456 864
457 458
457 576
457 864
457 983
458 459
458 574
458 576
458 982
458 983
459 460
459 571
459 574
459 980
459 982
460 461
460 567
460 571
460 977
460 980
461 462
461 562
461 567
461 973
461 977
462 463
462 556
462 562
462 968
462 973
463 464
463 549
463 556
463 962
463 968
464 465
464 541
464 549
464 955
464 962
465 466
465 532
465 541
465 947
465 955
466 467
466 522
466 532
466 938
466 947
467 468
467 511
467 522
467 928
467 938
468 469
468 499
468 511
468 917
468 928
469 470
469 486
469 499
469 905
469 917
470 471
470 472
470 486
470 892
470 905
471 472
471 728
471 892
472 473
472 486
473 474
473 486
473 487
474 475
474 487
474 488
475 476
475 488
475 489
476 477
476 489
476 490
477 478
477 490
477 491
478 479
478 491
478 492
479 480
479 492
479 493
480 481
480 493
480 494
481 482
481 494
481 495
482 483
482 495
482 496
483 484
483 496
483 497
484 485
484 497
484 498
485 498
486 487
486 499
487 488
487 499
487 500
488 489
488 500
488 501
489 490
489 501
489 502
490 491
490 502
490 503
491 492
491 503
491 504
492 493
492 504
492 505
493 494
493 505
493 506
494 495
494 506
494 507
495 496
495 507
495 508
496 497
496 508
496 509
497 498
497 509
497 510
498 510
499 500
499 511
500 501
500 511
500 512
501 502
501 512
501 513
502 503
502 513
502 514
503 504
503 514
503 515
504 505
504 515
504 516
505 506
505 516
505 517
506 507
506 517
506 518
507 508
507 518
507 519
508 509
508 519
508 520
509 510
509 520
509 521
510 521
511 512
511 522
512 513
512 522
512 523
513 514
513 523
513 524
514 515
514 524
514 525
515 516
515 525
515 526
516 517
516 526
516 527
517 518
517 527
517 528
518 519
518 528
518 529
519 520
519 529
519 530
520 521
520 530
520 531
521 531
522 523
522 532
523 524
523 532
523 533
524 525
524 533
524 534
525 526
525 534
525 535
526 527
526 535
526 536
527 528
527 536
527 537
528 529
528 537
528 538
529 530
529 538
529 539
530 531
530 539
530 540
531 540
532 533
532 541
533 534
533 541
533 542
534 535
534 542
534 543
535 536
535 543
535 544
536 537
536 544
536 545
537 538
537 545
537 546
538 539
538 546
538 547
539 540
539 547
539 548
540 548
541 542
541 549
542 543
542 549
542 550
543 544
543 550
543 551
544 545
544 551
544 552
545 546
545 552
545 553
546 547
546 553
546 554
547 548
547 554
547 555
548 555
549 550
549 556
550 551
550 556
550 557
551 552
551 557
551 558
552 553
552 558
552 559
553 554
553 559
553 560
554 555
554 560
554 561
555 561
556 557
556 562
557 558
557 562
557 563
558 559
558 563
558 564
559 560
559 564
559 565
560 561
560 565
560 566
561 566
562 563
562 567
563 564
563 567
563 568
564 565
564 568
564 569
565 566
565 569
565 570
566 570
567 568
567 571
568 569
568 571
568 572
569 570
569 572
569 573
570 573
571 572
571 574
572 573
572 574
572 575
573 575
574 575
574 576
575 576
577 578
577 621
578 579
578 621
578 634
579 580
579 634
579 646
580 581
580 646
580 657
581 582
581 657
581 667
582 583
582 667
582 676
583 584
583 676
583 684
584 585
584 684
584 691
585 586
585 691
585 697
586 587
586 697
586 702
587 588
587 702
587 706
588 589
588 706
588 709
589 590
589 709
589 711
590 591
590 711
590 712
591 592
591 593
591 712
592 593
593 594
593 712
594 595
594 710
594 712
595 596
595 707
595 710
596 597
596 703
596 707
597 598
597 698
597 703
598 599
598 692
598 698
599 600
599 685
599 692
600 601
600 677
600 685
601 602
601 668
601 677
602 603
602 658
602 668
603 604
603 647
603 658
604 605
604 635
604 647
605 606
605 622
605 635
606 607
606 608
606 622
607 608
608 609
608 622
609 610
609 622
609 623
610 611
610 623
610 624
611 612
611 624
611 625
612 613
612 625
612 626
613 614
613 626
613 627
614 615
614 627
614 628
615 616
615 628
615 629
616 617
616 629
616 630
617 618
617 630
617 631
618 619
618 631
618 632
619 620
619 632
619 633
620 621
620 633
620 634
621 634
622 623
622 635
623 624
623 635
623 636
624 625
624 636
624 637
625 626
625 637
625 638
626 627
626 638
626 639
627 628
627 639
627 640
628 629
628 640
628 641
629 630
629 641
629 642
630 631
630 642
630 643
631 632
631 643
631 644
632 633
632 644
632 645
633 634
633 645
633 646
634 646
635 636
635 647
636 637
636 647
636 648
637 638
637 648
637 649
638 639
638 649
638 650
639 640
639 650
639 651
640 641
640 651
640 652
641 642
641 652
641 653
642 643
642 653
642 654
643 644
643 654
643 655
644 645
644 655
644 656
645 646
645 656
645 657
646 657
647 648
647 658
648 649
648 658
648 659
649 650
649 659
649 660
650 651
650 660
650 661
651 652
651 661
651 662
652 653
652 662
652 663
653 654
653 663
653 664
654 655
654 664
654 665
655 656
655 665
655 666
656 657
656 666
656 667
657 667
658 659
658 668
659 660
659 668
659 669
660 661
660 669
660 670
661 662
661 670
661 671
662 663
662 671
662 672
663 664
663 672
663 673
664 665
664 673
664 674
665 666
665 674
665 675
666 667
666 675
666 676
667 676
668 669
668 677
669 670
669 677
669 678
670 671
670 678
670 679
671 672
671 679
671 680
672 673
672 680
672 681
673 674
673 681
673 682
674 675
674 682
674 683
675 676
675 683
675 684
676 684
677 678
677 685
678 679
678 685
678 686
679 680
679 686
679 687
680 681
680 687
680 688
681 682
681 688
681 689
682 683
682 689
682 690
683 684
683 690
683 691
684 691
685 686
685 692
686 687
686 692
686 693
687 688
687 693
687 694
688 689
688 694
688 695
689 690
689 695
689 696
690 691
690 696
690 697
691 697
692 693
692 698
693 694
693 698
693 699
694 695
694 699
694 700
695 696
695 700
695 701
696 697
696 701
696 702
697 702
698 699
698 703
699 700
699 703
699 704
700 701
700 704
700 705
701 702
701 705
701 706
702 706
703 704
703 707
704 705
704 707
704 708
705 706
705 708
705 709
706 709
707 708
707 710
708 709
708 710
708 711
709 711
710 711
710 712
711 712
713 714
713 758
713 759
713 1088
714 715
714 759
714 760
714 1087
714 1088
715 716
715 760
715 761
715 1085
715 1087
716 717
716 761
716 762
716 1082
716 1085
717 718
717 762
717 763
717 1078
717 1082
718 719
718 763
718 764
718 1073
718 1078
719 720
719 764
719 765
719 1067
719 1073
720 721
720 765
720 766
720 1060
720 1067
721 722
721 766
721 767
721 1052
721 1060
722 723
722 767
722 768
722 1043
722 1052
723 724
723 768
723 769
723 1033
723 1043
724 725
724 769
724 770
724 1022
724 1033
725 726
725 770
725 771
725 1010
725 1022
726 727
726 771
726 772
726 997
726 1010
727 728
727 772
727 997
728 729
728 772
728 892
729 730
729 772
729 785
729 891
729 892
730 731
730 785
730 797
730 890
730 891
731 732
731 797
731 808
731 889
731 890
732 733
732 808
732 818
732 888
732 889
733 734
733 818
733 827
733 887
733 888
734 735
734 827
734 835
734 886
734 887
735 736
735 835
735 842
735 885
735 886
736 737
736 842
736 848
736 884
736 885
737 738
737 848
737 853
737 883
737 884
738 739
738 853
738 857
738 882
738 883
739 740
739 857
739 860
739 881
739 882
740 741
740 860
740 862
740 880
740 881
741 742
741 862
741 863
741 879
741 880
742 743
742 744
742 863
742 878
742 879
743 744
743 878
744 745
744 863
745 746
745 861
745 863
746 747
746 858
746 861
747 748
747 854
747 858
748 749
748 849
748 854
749 750
749 843
749 849
750 751
750 836
750 843
751 752
751 828
751 836
752 753
752 819
752 828
753 754
753 809
753 819
754 755
754 798
754 809
755 756
755 786
755 798
756 757
756 773
756 786
757 758
757 759
757 773
758 759
759 760
759 773
760 761
760 773
760 774
761 762
761 774
761 775
762 763
762 775
762 776
763 764
763 776
763 777
764 765
764 777
764 778
765 766
765 778
765 779
766 767
766 779
766 780
767 768
767 780
767 781
768 769
768 781
768 782
769 770
769 782
769 783
770 771
770 783
770 784
771 772
771 784
771 785
772 785
773 774
773 786
774 775
774 786
774 787
775 776
775 787
775 788
776 777
776 788
776 789
777 778
777 789
777 790
778 779
778 790
778 791
779 780
779 791
779 792
780 781
780 792
780 793
781 782
781 793
781 794
782 783
782 794
782 795
783 784
783 795
783 796
784 785
784 796
784 797
785 797
786 787
786 798
787 788
787 798
787 799
788 789
788 799
788 800
789 790
789 800
789 801
790 791
790 801
790 802
791 792
791 802
791 803
792 793
792 803
792 804
793 794
793 804
793 805
794 795
794 805
794 806
795 796
795 806
795 807
796 797
796 807
796 808
797 808
798 799
798 809
799 800
799 809
799 810
800 801
800 810
800 811
801 802
801 811
801 812
802 803
802 812
802 813
803 804
803 813
803 814
804 805
804 814
804 815
805 806
805 815
805 816
806 807
806 816
806 817
807 808
807 817
807 818
808 818
809 810
809 819
810 811
810 819
810 820
811 812
811 820
811 821
812 813
812 821
812 822
813 814
813 822
813 823
814 815
814 823
814 824
815 816
815 824
815 825
816 817
816 825
816 826
817 818
817 826
817 827
818 827
819 820
819 828
820 821
820 828
820 829
821 822
821 829
821 830
822 823
822 830
822 831
823 824
823 831
823 832
824 825
824 832
824 833
825 826
825 833
825 834
826 827
826 834
826 835
827 835
828 829
828 836
829 830
829 836
829 837
830 831
830 837
830 838
831 832
831 838
831 839
832 833
832 839
832 840
833 834
833 840
833 841
834 835
834 841
834 842
835 842
836 837
836 843
837 838
837 843
837 844
838 839
838 844
838 845
839 840
839 845
839 846
840 841
840 846
840 847
841 842
841 847
841 848
842 848
843 844
843 849
844 845
844 849
844 850
845 846
845 850
845 851
846 847
846 851
846 852
847 848
847 852
847 853
848 853
849 850
849 854
850 851
850 854
850 855
851 852
851 855
851 856
852 853
852 856
852 857
853 857
854 855
854 858
855 856
855 858
855 859
856 857
856 859
856 860
857 860
858 859
858 861
859 860
859 861
859 862
860 862
861 862
861 863
862 863
864 865
864 983
865 866
865 981
865 983
866 867
866 978
866 981
867 868
867 974
867 978
868 869
868 969
868 974
869 870
869 963
869 969
870 871
870 956
870 963
871 872
871 948
871 956
872 873
872 939
872 948
873 874
873 929
873 939
874 875
874 918
874 929
875 876
875 906
875 918
876 877
876 893
876 906
877 878
877 879
877 893
878 879
879 880
879 893
880 881
880 893
880 894
881 882
881 894
881 895
882 883
882 895
882 896
883 884
883 896
883 897
884 885
884 897
884 898
885 886
885 898
885 899
886 887
886 899
886 900
887 888
887 900
887 901
888 889
888 901
888 902
889 890
889 902
889 903
890 891
890 903
890 904
891 892
891 904
891 905
892 905
893 894
893 906
894 895
894 906
894 907
895 896
895 907
895 908
896 897
896 908
896 909
897 898
897 909
897 910
898 899
898 910
898 911
899 900
899 911
899 912
900 901
900 912
900 913
901 902
901 913
901 914
902 903
902 914
902 915
903 904
903 915
903 916
904 905
904 916
904 917
905 917
906 907
906 918
907 908
907 918
907 919
908 909
908 919
908 920
909 910
909 920
909 921
910 911
910 921
910 922
911 912
911 922
911 923
912 913
912 923
912 924
913 914
913 924
913 925
914 915
914 925
914 926
915 916
915 926
915 927
916 917
916 927
916 928
917 928
918 919
918 929
919 920
919 929
919 930
920 921
920 930
920 931
921 922
921 931
921 932
922 923
922 932
922 933
923 924
923 933
923 934
924 925
924 934
924 935
925 926
925 935
925 936
926 927
926 936
926 937
927 928
927 937
927 938
928 938
929 930
929 939
930 931
930 939
930 940
931 932
931 940
931 941
932 933
932 941
932 942
933 934
933 942
933 943
934 935
934 943
934 944
935 936
935 944
935 945
936 937
936 945
936 946
937 938
937 946
937 947
938 947
939 940
939 948
940 941
940 948
940 949
941 942
941 949
941 950
942 943
942 950
942 951
943 944
943 951
943 952
944 945
944 952
944 953
945 946
945 953
945 954
946 947
946 954
946 955
947 955
948 949
948 956
949 950
949 956
949 957
950 951
950 957
950 958
951 952
951 958
951 959
952 953
952 959
952 960
953 954
953 960
953 961
954 955
954 961
954 962
955 962
956 957
956 963
957 958
957 963
957 964
958 959
958 964
958 965
959 960
959 965
959 966
960 961
960 966
960 967
961 962
961 967
961 968
962 968
963 964
963 969
964 965
964 969
964 970
965 966
965 970
965 971
966 967
966 971
966 972
967 968
967 972
967 973
968 973
969 970
969 974
970 971
970 974
970 975
971 972
971 975
971 976
972 973
972 976
972 977
973 977
974 975
974 978
975 976
975 978
975 979
976 977
976 979
976 980
977 980
978 979
978 981
979 980
979 981
979 982
980 982
981 982
981 983
982 983
984 985
984 998
985 986
985 998
985 999
986 987
986 999
986 1000
987 988
987 1000
987 1001
988 989
988 1001
988 1002
989 990
989 1002
989 1003
990 991
990 1003
990 1004
991 992
991 1004
991 1005
992 993
992 1005
992 1006
993 994
993 1006
993 1007
994 995
994 1007
994 1008
995 996
995 1008
995 1009
996 997
996 1009
996 1010
997 1010
998 999
998 1011
999 1000
999 1011
999 1012
1000 1001
1000 1012
1000 1013
1001 1002
1001 1013
1001 1014
1002 1003
1002 1014
1002 1015
1003 1004
1003 1015
1003 1016
1004 1005
1004 1016
1004 1017
1005 1006
1005 1017
1005 1018
1006 1007
1006 1018
1006 1019
1007 1008
1007 1019
1007 1020
1008 1009
1008 1020
1008 1021
1009 1010
1009 1021
1009 1022
1010 1022
1011 1012
1011 1023
1012 1013
1012 1023
1012 1024
1013 1014
1013 1024
1013 1025
1014 1015
1014 1025
1014 1026
1015 1016
1015 1026
1015 1027
1016 1017
1016 1027
1016 1028
1017 1018
1017 1028
1017 1029
1018 1019
1018 1029
1018 1030
1019 1020
1019 1030
1019 1031
1020 1021
1020 1031
1020 1032
1021 1022
1021 1032
1021 1033
1022 1033
1023 1024
1023 1034
1024 1025
1024 1034
1024 1035
1025 1026
1025 1035
1025 1036
1026 1027
1026 1036
1026 1037
1027 1028
1027 1037
1027 1038
1028 1029
1028 1038
1028 1039
1029 1030
1029 1039
1029 1040
1030 1031
1030 1040
1030 1041
1031 1032
1031 1041
1031 1042
1032 1033
1032 1042
1032 1043
1033 1043
1034 1035
1034 1044
1035 1036
1035 1044
1035 1045
1036 1037
1036 1045
1036 1046
1037 1038
1037 1046
1037 1047
1038 1039
1038 1047
1038 1048
1039 1040
1039 1048
1039 1049
1040 1041
1040 1049
1040 1050
1041 1042
1041 1050
1041 1051
1042 1043
1042 1051
1042 1052
1043 1052
1044 1045
1044 1053
1045 1046
1045 1053
1045 1054
1046 1047
1046 1054
1046 1055
1047 1048
1047 1055
1047 1056
1048 1049
1048 1056
1048 1057
1049 1050
1049 1057
1049 1058
1050 1051
1050 1058
1050 1059
1051 1052
1051 1059
1051 1060
1052 1060
1053 1054
1053 1061
1054 1055
1054 1061
1054 1062
1055 1056
1055 1062
1055 1063
1056 1057
1056 1063
1056 1064
1057 1058
1057 1064
1057 1065
1058 1059
1058 1065
1058 1066
1059 1060
1059 1066
1059 1067
1060 1067
1061 1062
1061 1068
1062 1063
1062 1068
1062 1069
1063 1064
1063 1069
1063 1070
1064 1065
1064 1070
1064 1071
1065 1066
1065 1071
1065 1072
1066 1067
1066 1072
1066 1073
1067 1073
1068 1069
1068 1074
1069 1070
1069 1074
1069 1075
1070 1071
1070 1075
1070 1076
1071 1072
1071 1076
1071 1077
1072 1073
1072 1077
1072 1078
1073 1078
1074 1075
1074 1079
1075 1076
1075 1079
1075 1080
1076 1077
1076 1080
1076 1081
1077 1078
1077 1081
1077 1082
1078 1082
1079 1080
1079 1083
1080 1081
1080 1083
1080 1084
1081 1082
1081 1084
1081 1085
1082 1085
1083 1084
1083 1086
1084 1085
1084 1086
1084 1087
1085 1087
1086 1087
1086 1088
1087 1088
