1138 3156
0 1
0 17
0 28
0 49
1 2
1 17
1 18
1 28
1 39
2 3
2 18
2 19
2 39
2 43
3 4
3 19
3 20
3 43
3 46
4 5
4 20
4 21
4 46
4 48
5 6
5 7
5 21
5 38
5 48
6 7
6 38
6 884
7 8
7 21
7 884
7 898
8 9
8 21
8 24
8 897
8 898
9 10
9 24
9 26
9 896
9 897
10 11
10 26
10 27
10 895
10 896
11 12
11 13
11 27
11 894
11 895
12 13
12 894
12 915
13 14
13 27
14 15
14 25
14 27
15 16
15 22
15 25
16 17
16 18
16 22
17 18
18 19
18 22
19 20
19 22
19 23
20 21
20 23
20 24
21 24
22 23
22 25
23 24
23 25
23 26
24 26
25 26
25 27
26 27
28 29
28 39
28 49
28 60
29 30
29 39
29 40
29 60
29 64
30 31
30 40
30 41
30 64
30 67
31 32
31 41
31 42
31 67
31 69
32 33
32 34
32 42
32 59
32 69
33 34
33 59
33 80
33 873
34 35
34 42
35 36
35 42
35 45
36 37
36 45
36 47
37 38
37 47
37 48
38 48
39 40
39 43
40 41
40 43
40 44
41 42
41 44
41 45
42 45
43 44
43 46
44 45
44 46
44 47
45 47
46 47
46 48
47 48
49 50
49 60
50 51
50 60
50 61
51 52
51 61
51 62
52 53
52 62
52 63
53 54
53 55
53 63
54 55
54 70
54 91
55 56
55 63
55 70
55 81
56 57
56 63
56 66
56 81
56 85
57 58
57 66
57 68
57 85
57 88
58 59
58 68
58 69
58 88
58 90
59 69
59 80
59 90
60 61
60 64
61 62
61 64
61 65
62 63
62 65
62 66
63 66
64 65
64 67
65 66
65 67
65 68
66 68
67 68
67 69
68 69
70 71
70 81
70 91
70 102
71 72
71 81
71 82
71 102
71 106
72 73
72 82
72 83
72 106
72 109
73 74
73 83
73 84
73 109
73 111
74 75
74 76
74 84
74 101
74 111
75 76
75 101
75 122
75 858
76 77
76 84
76 858
76 877
77 78
77 84
77 87
77 876
77 877
78 79
78 87
78 89
78 875
78 876
79 80
79 89
79 90
79 874
79 875
80 90
80 873
80 874
81 82
81 85
82 83
82 85
82 86
83 84
83 86
83 87
84 87
85 86
85 88
86 87
86 88
86 89
87 89
88 89
88 90
89 90
91 92
91 102
92 93
92 102
92 103
93 94
93 103
93 104
94 95
94 104
94 105
95 96
95 97
95 105
96 97
96 112
96 133
96 154
97 98
97 105
97 112
97 123
98 99
98 105
98 108
98 123
98 127
99 100
99 108
99 110
99 127
99 130
100 101
100 110
100 111
100 130
100 132
101 111
101 122
101 132
102 103
102 106
103 104
103 106
103 107
104 105
104 107
104 108
105 108
106 107
106 109
107 108
107 109
107 110
108 110
109 110
109 111
110 111
112 113
112 123
112 133
112 144
113 114
113 123
113 124
113 144
113 148
114 115
114 124
114 125
114 148
114 151
115 116
115 125
115 126
115 151
115 153
116 117
116 118
116 126
116 143
116 153
117 118
117 143
117 813
117 822
117 848
118 119
118 126
118 848
118 862
119 120
119 126
119 129
119 861
119 862
120 121
120 129
120 131
120 860
120 861
121 122
121 131
121 132
121 859
121 860
122 132
122 858
122 859
123 124
123 127
124 125
124 127
124 128
125 126
125 128
125 129
126 129
127 128
127 130
128 129
128 130
128 131
129 131
130 131
130 132
131 132
133 134
133 144
133 154
133 165
134 135
134 144
134 145
134 165
134 169
135 136
135 145
135 146
135 169
135 172
136 137
136 146
136 147
136 172
136 174
137 138
137 139
137 147
137 164
137 174
138 139
138 164
138 185
138 833
139 140
139 147
139 833
139 841
140 141
140 147
140 150
140 840
140 841
141 142
141 150
141 152
141 839
141 840
142 143
142 152
142 153
142 838
142 839
143 153
143 813
143 838
144 145
144 148
145 146
145 148
145 149
146 147
146 149
146 150
147 150
148 149
148 151
149 150
149 151
149 152
150 152
151 152
151 153
152 153
154 155
154 165
155 156
155 165
155 166
156 157
156 166
156 167
157 158
157 167
157 168
158 159
158 160
158 168
159 160
159 175
159 196
160 161
160 168
160 175
160 186
161 162
161 168
161 171
161 186
161 190
162 163
162 171
162 173
162 190
162 193
163 164
163 173
163 174
163 193
163 195
164 174
164 185
164 195
165 166
165 169
166 167
166 169
166 170
167 168
167 170
167 171
168 171
169 170
169 172
170 171
170 172
170 173
171 173
172 173
172 174
173 174
175 176
175 186
175 196
175 207
176 177
176 186
176 187
176 207
176 211
177 178
177 187
177 188
177 211
177 214
178 179
178 188
178 189
178 214
178 216
179 180
179 181
179 189
179 206
179 216
180 181
180 206
180 227
180 248
180 374
181 182
181 189
182 183
182 189
182 192
183 184
183 192
183 194
184 185
184 194
184 195
185 195
186 187
186 190
187 188
187 190
187 191
188 189
188 191
188 192
189 192
190 191
190 193
191 192
191 193
191 194
192 194
193 194
193 195
194 195
196 197
196 207
197 198
197 207
197 208
198 199
198 208
198 209
199 200
199 209
199 210
200 201
200 202
200 210
201 202
201 217
202 203
202 210
202 217
202 228
203 204
203 210
203 213
203 228
203 232
204 205
204 213
204 215
204 232
204 235
205 206
205 215
205 216
205 235
205 237
206 216
206 227
206 237
207 208
207 211
208 209
208 211
208 212
209 210
209 212
209 213
210 213
211 212
211 214
212 213
212 214
212 215
213 215
214 215
214 216
215 216
217 218
217 228
218 219
218 228
218 229
219 220
219 229
219 230
220 221
220 230
220 231
221 222
221 223
221 231
222 223
222 238
222 259
222 280
223 224
223 231
223 238
223 249
224 225
224 231
224 234
224 249
224 253
225 226
225 234
225 236
225 253
225 256
226 227
226 236
226 237
226 256
226 258
227 237
227 248
227 258
228 229
228 232
229 230
229 232
229 233
230 231
230 233
230 234
231 234
232 233
232 235
233 234
233 235
233 236
234 236
235 236
235 237
236 237
238 239
238 249
238 259
238 270
239 240
239 249
239 250
239 270
239 274
240 241
240 250
240 251
240 274
240 277
241 242
241 251
241 252
241 277
241 279
242 243
242 244
242 252
242 269
242 279
243 244
243 269
243 364
243 395
243 406
244 245
244 252
244 364
244 378
245 246
245 252
245 255
245 377
245 378
246 247
246 255
246 257
246 376
246 377
247 248
247 257
247 258
247 375
247 376
248 258
248 374
248 375
249 250
249 253
250 251
250 253
250 254
251 252
251 254
251 255
252 255
253 254
253 256
254 255
254 256
254 257
255 257
256 257
256 258
257 258
259 260
259 270
259 280
259 291
260 261
260 270
260 271
260 291
260 295
261 262
261 271
261 272
261 295
261 298
262 263
262 272
262 273
262 298
262 300
263 264
263 265
263 273
263 290
263 300
264 265
264 290
264 311
264 332
264 385
265 266
265 273
265 385
265 396
266 267
266 273
266 276
266 396
266 400
267 268
267 276
267 278
267 400
267 403
268 269
268 278
268 279
268 403
268 405
269 279
269 395
269 405
270 271
270 274
271 272
271 274
271 275
272 273
272 275
272 276
273 276
274 275
274 277
275 276
275 277
275 278
276 278
277 278
277 279
278 279
280 281
280 291
281 282
281 291
281 292
282 283
282 292
282 293
283 284
283 293
283 294
284 285
284 286
284 294
285 286
285 301
286 287
286 294
286 301
286 312
287 288
287 294
287 297
287 312
287 316
288 289
288 297
288 299
288 316
288 319
289 290
289 299
289 300
289 319
289 321
290 300
290 311
290 321
291 292
291 295
292 293
292 295
292 296
293 294
293 296
293 297
294 297
295 296
295 298
296 297
296 298
296 299
297 299
298 299
298 300
299 300
301 302
301 312
302 303
302 312
302 313
303 304
303 313
303 314
304 305
304 314
304 315
305 306
305 307
305 315
306 307
306 322
306 343
307 308
307 315
307 322
307 336
308 309
308 315
308 318
308 335
308 336
309 310
309 318
309 320
309 334
309 335
310 311
310 320
310 321
310 333
310 334
311 321
311 332
311 333
312 313
312 316
313 314
313 316
313 317
314 315
314 317
314 318
315 318
316 317
316 319
317 318
317 319
317 320
318 320
319 320
319 321
320 321
322 323
322 336
322 343
322 354
323 324
323 336
323 339
323 354
323 358
324 325
324 339
324 341
324 358
324 361
325 326
325 341
325 342
325 361
325 363
326 327
326 328
326 342
326 353
326 363
327 328
327 353
327 452
328 329
328 342
329 330
329 340
329 342
330 331
330 337
330 340
331 332
331 333
331 337
332 333
333 334
333 337
334 335
334 337
334 338
335 336
335 338
335 339
336 339
337 338
337 340
338 339
338 340
338 341
339 341
340 341
340 342
341 342
343 344
343 354
344 345
344 354
344 355
345 346
345 355
345 356
346 347
346 356
346 357
347 348
347 349
347 357
348 349
348 442
348 463
349 350
349 357
349 442
349 456
350 351
350 357
350 360
350 455
350 456
351 352
351 360
351 362
351 454
351 455
352 353
352 362
352 363
352 453
352 454
353 363
353 452
353 453
354 355
354 358
355 356
355 358
355 359
356 357
356 359
356 360
357 360
358 359
358 361
359 360
359 361
359 362
360 362
361 362
361 363
362 363
364 365
364 378
364 406
364 417
365 366
365 378
365 381
365 417
365 421
366 367
366 381
366 383
366 421
366 424
367 368
367 383
367 384
367 424
367 426
368 369
368 370
368 384
368 416
368 426
369 370
369 416
370 371
370 384
371 372
371 382
371 384
372 373
372 379
372 382
373 374
373 375
373 379
374 375
375 376
375 379
376 377
376 379
376 380
377 378
377 380
377 381
378 381
379 380
379 382
380 381
380 382
380 383
381 383
382 383
382 384
383 384
385 386
385 396
386 387
386 396
386 397
387 388
387 397
387 398
388 389
388 398
388 399
389 390
389 391
389 399
390 391
390 427
390 568
391 392
391 399
391 427
391 435
392 393
392 399
392 402
392 434
392 435
393 394
393 402
393 404
393 433
393 434
394 395
394 404
394 405
394 432
394 433
395 405
395 406
395 432
396 397
396 400
397 398
397 400
397 401
398 399
398 401
398 402
399 402
400 401
400 403
401 402
401 403
401 404
402 404
403 404
403 405
404 405
406 407
406 417
406 432
407 408
407 417
407 418
407 432
407 436
408 409
408 418
408 419
408 436
408 439
409 410
409 419
409 420
409 439
409 441
410 411
410 412
410 420
410 431
410 441
411 412
411 431
411 577
411 592
411 613
412 413
412 420
413 414
413 420
413 423
414 415
414 423
414 425
415 416
415 425
415 426
416 426
417 418
417 421
418 419
418 421
418 422
419 420
419 422
419 423
420 423
421 422
421 424
422 423
422 424
422 425
423 425
424 425
424 426
425 426
427 428
427 435
427 568
427 578
428 429
428 435
428 438
428 578
428 582
429 430
429 438
429 440
429 582
429 585
430 431
430 440
430 441
430 585
430 587
431 441
431 577
431 587
432 433
432 436
433 434
433 436
433 437
434 435
434 437
434 438
435 438
436 437
436 439
437 438
437 439
437 440
438 440
439 440
439 441
440 441
442 443
442 456
442 463
442 474
443 444
443 456
443 459
443 474
443 478
444 445
444 459
444 461
444 478
444 481
445 446
445 461
445 462
445 481
445 483
446 447
446 448
446 462
446 473
446 483
447 448
447 473
447 494
448 449
448 462
449 450
449 460
449 462
450 451
450 457
450 460
451 452
451 453
451 457
452 453
453 454
453 457
454 455
454 457
454 458
455 456
455 458
455 459
456 459
457 458
457 460
458 459
458 460
458 461
459 461
460 461
460 462
461 462
463 464
463 474
464 465
464 474
464 475
465 466
465 475
465 476
466 467
466 476
466 477
467 468
467 469
467 477
468 469
468 484
468 505
469 470
469 477
469 484
469 498
470 471
470 477
470 480
470 497
470 498
471 472
471 480
471 482
471 496
471 497
472 473
472 482
472 483
472 495
472 496
473 483
473 494
473 495
474 475
474 478
475 476
475 478
475 479
476 477
476 479
476 480
477 480
478 479
478 481
479 480
479 481
479 482
480 482
481 482
481 483
482 483
484 485
484 498
484 505
484 519
485 486
485 498
485 501
485 518
485 519
486 487
486 501
486 503
486 517
486 518
487 488
487 503
487 504
487 516
487 517
488 489
488 490
488 504
488 515
488 516
489 490
489 515
489 536
489 552
490 491
490 504
491 492
491 502
491 504
492 493
492 499
492 502
493 494
493 495
493 499
494 495
495 496
495 499
496 497
496 499
496 500
497 498
497 500
497 501
498 501
499 500
499 502
500 501
500 502
500 503
501 503
502 503
502 504
503 504
505 506
505 519
506 507
506 519
506 522
507 508
507 522
507 524
508 509
508 524
508 525
509 510
509 511
509 525
510 511
510 526
511 512
511 525
511 526
511 540
512 513
512 523
512 525
512 539
512 540
513 514
513 520
513 523
513 538
513 539
514 515
514 516
514 520
514 537
514 538
515 516
515 536
515 537
516 517
516 520
517 518
517 520
517 521
518 519
518 521
518 522
519 522
520 521
520 523
521 522
521 523
521 524
522 524
523 524
523 525
524 525
526 527
526 540
527 528
527 540
527 543
528 529
528 543
528 545
529 530
529 545
529 546
530 531
530 532
530 546
531 532
531 553
531 588
531 603
531 624
532 533
532 546
532 553
532 567
533 534
533 544
533 546
533 566
533 567
534 535
534 541
534 544
534 564
534 566
535 536
535 537
535 541
535 561
535 564
536 537
536 552
536 561
537 538
537 541
538 539
538 541
538 542
539 540
539 542
539 543
540 543
541 542
541 544
542 543
542 544
542 545
543 545
544 545
544 546
545 546
547 548
547 557
547 572
547 573
548 549
548 557
548 558
549 550
549 558
549 559
550 551
550 559
550 560
551 552
551 560
551 561
552 561
553 554
553 567
553 588
553 602
554 555
554 565
554 567
554 601
554 602
555 556
555 562
555 565
555 599
555 601
556 557
556 558
556 562
556 596
556 599
557 558
557 573
557 596
558 559
558 562
559 560
559 562
559 563
560 561
560 563
560 564
561 564
562 563
562 565
563 564
563 565
563 566
564 566
565 566
565 567
566 567
568 569
568 578
569 570
569 578
569 579
570 571
570 579
570 580
571 572
571 580
571 581
572 573
572 581
573 574
573 581
573 596
574 575
574 581
574 584
574 595
574 596
575 576
575 584
575 586
575 594
575 595
576 577
576 586
576 587
576 593
576 594
577 587
577 592
577 593
578 579
578 582
579 580
579 582
579 583
580 581
580 583
580 584
581 584
582 583
582 585
583 584
583 585
583 586
584 586
585 586
585 587
586 587
588 589
588 602
588 603
588 617
589 590
589 600
589 602
589 616
589 617
590 591
590 597
590 600
590 615
590 616
591 592
591 593
591 597
591 614
591 615
592 593
592 613
592 614
593 594
593 597
594 595
594 597
594 598
595 596
595 598
595 599
596 599
597 598
597 600
598 599
598 600
598 601
599 601
600 601
600 602
601 602
603 604
603 617
603 624
603 638
604 605
604 617
604 620
604 637
604 638
605 606
605 620
605 622
605 636
605 637
606 607
606 622
606 623
606 635
606 636
607 608
607 609
607 623
607 634
607 635
608 609
608 634
608 655
608 671
609 610
609 623
610 611
610 621
610 623
611 612
611 618
611 621
612 613
612 614
612 618
613 614
614 615
614 618
615 616
615 618
615 619
616 617
616 619
616 620
617 620
618 619
618 621
619 620
619 621
619 622
620 622
621 622
621 623
622 623
624 625
624 638
625 626
625 638
625 641
626 627
626 641
626 643
627 628
627 643
627 644
628 629
628 630
628 644
629 630
629 645
630 631
630 644
630 645
630 659
631 632
631 642
631 644
631 658
631 659
632 633
632 639
632 642
632 657
632 658
633 634
633 635
633 639
633 656
633 657
634 635
634 655
634 656
635 636
635 639
636 637
636 639
636 640
637 638
637 640
637 641
638 641
639 640
639 642
640 641
640 642
640 643
641 643
642 643
642 644
643 644
645 646
645 659
646 647
646 659
646 662
647 648
647 662
647 664
648 649
648 664
648 665
649 650
649 651
649 665
650 651
650 672
650 687
651 652
651 665
651 672
651 686
652 653
652 663
652 665
652 685
652 686
653 654
653 660
653 663
653 683
653 685
654 655
654 656
654 660
654 680
654 683
655 656
655 671
655 680
656 657
656 660
657 658
657 660
657 661
658 659
658 661
658 662
659 662
660 661
660 663
661 662
661 663
661 664
662 664
663 664
663 665
664 665
666 667
666 676
666 697
666 713
667 668
667 676
667 677
668 669
668 677
668 678
669 670
669 678
669 679
670 671
670 679
670 680
671 680
672 673
672 686
672 687
672 701
673 674
673 684
673 686
673 700
673 701
674 675
674 681
674 684
674 699
674 700
675 676
675 677
675 681
675 698
675 699
676 677
676 697
676 698
677 678
677 681
678 679
678 681
678 682
679 680
679 682
679 683
680 683
681 682
681 684
682 683
682 684
682 685
683 685
684 685
684 686
685 686
687 688
687 701
688 689
688 701
688 704
689 690
689 704
689 706
690 691
690 706
690 707
691 692
691 693
691 707
692 693
692 714
692 735
692 1123
693 694
693 707
693 714
693 728
694 695
694 705
694 707
694 727
694 728
695 696
695 702
695 705
695 725
695 727
696 697
696 698
696 702
696 722
696 725
697 698
697 713
697 722
698 699
698 702
699 700
699 702
699 703
700 701
700 703
700 704
701 704
702 703
702 705
703 704
703 705
703 706
704 706
705 706
705 707
706 707
708 709
708 718
708 734
708 760
709 710
709 718
709 719
710 711
710 719
710 720
711 712
711 720
711 721
712 713
712 721
712 722
713 722
714 715
714 728
714 735
714 749
715 716
715 726
715 728
715 748
715 749
716 717
716 723
716 726
716 746
716 748
717 718
717 719
717 723
717 743
717 746
718 719
718 734
718 743
719 720
719 723
720 721
720 723
720 724
721 722
721 724
721 725
722 725
723 724
723 726
724 725
724 726
724 727
725 727
726 727
726 728
727 728
729 730
729 739
729 750
729 777
729 1092
729 1093
730 731
730 739
730 740
730 750
730 761
731 732
731 740
731 741
731 761
731 765
732 733
732 741
732 742
732 765
732 768
733 734
733 742
733 743
733 768
733 770
734 743
734 760
734 770
735 736
735 749
735 1123
735 1131
736 737
736 747
736 749
736 1130
736 1131
737 738
737 744
737 747
737 1129
737 1130
738 739
738 740
738 744
738 1128
738 1129
739 740
739 1093
739 1128
740 741
740 744
741 742
741 744
741 745
742 743
742 745
742 746
743 746
744 745
744 747
745 746
745 747
745 748
746 748
747 748
747 749
748 749
750 751
750 761
750 777
750 791
751 752
751 761
751 762
751 790
751 791
752 753
752 762
752 763
752 788
752 790
753 754
753 763
753 764
753 785
753 788
754 755
754 756
754 764
754 776
754 785
755 756
755 776
755 802
756 757
756 764
757 758
757 764
757 767
758 759
758 767
758 769
759 760
759 769
759 770
760 770
761 762
761 765
762 763
762 765
762 766
763 764
763 766
763 767
764 767
765 766
765 768
766 767
766 768
766 769
767 769
768 769
768 770
769 770
771 772
771 781
771 792
771 818
771 1112
772 773
772 781
772 782
772 792
772 803
773 774
773 782
773 783
773 803
773 807
774 775
774 783
774 784
774 807
774 810
775 776
775 784
775 785
775 810
775 812
776 785
776 802
776 812
777 778
777 791
777 1092
777 1122
778 779
778 789
778 791
778 1121
778 1122
779 780
779 786
779 789
779 1119
779 1121
780 781
780 782
780 786
780 1116
780 1119
781 782
781 1112
781 1116
782 783
782 786
783 784
783 786
783 787
784 785
784 787
784 788
785 788
786 787
786 789
787 788
787 789
787 790
788 790
789 790
789 791
790 791
792 793
792 803
792 818
792 832
793 794
793 803
793 804
793 831
793 832
794 795
794 804
794 805
794 829
794 831
795 796
795 805
795 806
795 826
795 829
796 797
796 798
796 806
796 817
796 826
797 798
797 817
797 837
798 799
798 806
799 800
799 806
799 809
800 801
800 809
800 811
801 802
801 811
801 812
802 812
803 804
803 807
804 805
804 807
804 808
805 806
805 808
805 809
806 809
807 808
807 810
808 809
808 810
808 811
809 811
810 811
810 812
811 812
813 814
813 822
813 823
813 838
814 815
814 823
814 824
814 838
814 842
815 816
815 824
815 825
815 842
815 845
816 817
816 825
816 826
816 845
816 847
817 826
817 837
817 847
818 819
818 832
819 820
819 830
819 832
820 821
820 827
820 830
821 822
821 823
821 827
822 823
823 824
823 827
824 825
824 827
824 828
825 826
825 828
825 829
826 829
827 828
827 830
828 829
828 830
828 831
829 831
830 831
830 832
831 832
833 834
833 841
834 835
834 841
834 844
835 836
835 844
835 846
836 837
836 846
836 847
837 847
838 839
838 842
839 840
839 842
839 843
840 841
840 843
840 844
841 844
842 843
842 845
843 844
843 845
843 846
844 846
845 846
845 847
846 847
848 849
848 862
849 850
849 862
849 865
850 851
850 865
850 867
851 852
851 867
851 868
852 853
852 854
852 868
853 854
853 869
854 855
854 868
854 869
854 883
855 856
855 866
855 868
855 882
855 883
856 857
856 863
856 866
856 880
856 882
857 858
857 859
857 863
857 877
857 880
858 859
858 877
859 860
859 863
860 861
860 863
860 864
861 862
861 864
861 865
862 865
863 864
863 866
864 865
864 866
864 867
865 867
866 867
866 868
867 868
869 870
869 883
870 871
870 881
870 883
871 872
871 878
871 881
872 873
872 874
872 878
873 874
874 875
874 878
875 876
875 878
875 879
876 877
876 879
876 880
877 880
878 879
878 881
879 880
879 881
879 882
880 882
881 882
881 883
882 883
884 885
884 898
885 886
885 898
885 901
886 887
886 901
886 903
887 888
887 903
887 904
888 889
888 890
888 904
889 890
889 905
889 926
889 947
890 891
890 904
890 905
890 919
891 892
891 902
891 904
891 918
891 919
892 893
892 899
892 902
892 917
892 918
893 894
893 895
893 899
893 916
893 917
894 895
894 915
894 916
895 896
895 899
896 897
896 899
896 900
897 898
897 900
897 901
898 901
899 900
899 902
900 901
900 902
900 903
901 903
902 903
902 904
903 904
905 906
905 919
905 926
905 937
906 907
906 919
906 922
906 937
906 941
907 908
907 922
907 924
907 941
907 944
908 909
908 924
908 925
908 944
908 946
909 910
909 911
909 925
909 936
909 946
910 911
910 936
910 978
911 912
911 925
912 913
912 923
912 925
913 914
913 920
913 923
914 915
914 916
914 920
915 916
916 917
916 920
917 918
917 920
917 921
918 919
918 921
918 922
919 922
920 921
920 923
921 922
921 923
921 924
922 924
923 924
923 925
924 925
926 927
926 937
926 947
926 958
927 928
927 937
927 938
927 958
927 962
928 929
928 938
928 939
928 962
928 965
929 930
929 939
929 940
929 965
929 967
930 931
930 932
930 940
930 957
930 967
931 932
931 957
931 968
931 999
931 1010
932 933
932 940
932 968
932 982
933 934
933 940
933 943
933 981
933 982
934 935
934 943
934 945
934 980
934 981
935 936
935 945
935 946
935 979
935 980
936 946
936 978
936 979
937 938
937 941
938 939
938 941
938 942
939 940
939 942
939 943
940 943
941 942
941 944
942 943
942 944
942 945
943 945
944 945
944 946
945 946
947 948
947 958
948 949
948 958
948 959
949 950
949 959
949 960
950 951
950 960
950 961
951 952
951 953
951 961
952 953
952 989
953 954
953 961
953 989
953 1000
954 955
954 961
954 964
954 1000
954 1004
955 956
955 964
955 966
955 1004
955 1007
956 957
956 966
956 967
956 1007
956 1009
957 967
957 999
957 1009
958 959
958 962
959 960
959 962
959 963
960 961
960 963
960 964
961 964
962 963
962 965
963 964
963 965
963 966
964 966
965 966
965 967
966 967
968 969
968 982
968 1010
968 1021
969 970
969 982
969 985
969 1021
969 1025
970 971
970 985
970 987
970 1025
970 1028
971 972
971 987
971 988
971 1028
971 1030
972 973
972 974
972 988
972 1020
972 1030
973 974
973 1020
974 975
974 988
975 976
975 986
975 988
976 977
976 983
976 986
977 978
977 979
977 983
978 979
979 980
979 983
980 981
980 983
980 984
981 982
981 984
981 985
982 985
983 984
983 986
984 985
984 986
984 987
985 987
986 987
986 988
987 988
989 990
989 1000
990 991
990 1000
990 1001
991 992
991 1001
991 1002
992 993
992 1002
992 1003
993 994
993 995
993 1003
994 995
994 1031
994 1046
994 1067
995 996
995 1003
995 1031
995 1039
996 997
996 1003
996 1006
996 1038
996 1039
997 998
997 1006
997 1008
997 1037
997 1038
998 999
998 1008
998 1009
998 1036
998 1037
999 1009
999 1010
999 1036
1000 1001
1000 1004
1001 1002
1001 1004
1001 1005
1002 1003
1002 1005
1002 1006
1003 1006
1004 1005
1004 1007
1005 1006
1005 1007
1005 1008
1006 1008
1007 1008
1007 1009
1008 1009
1010 1011
1010 1021
1010 1036
1011 1012
1011 1021
1011 1022
1011 1036
1011 1040
1012 1013
1012 1022
1012 1023
1012 1040
1012 1043
1013 1014
1013 1023
1013 1024
1013 1043
1013 1045
1014 1015
1014 1016
1014 1024
1014 1035
1014 1045
1015 1016
1015 1035
1015 1056
1016 1017
1016 1024
1017 1018
1017 1024
1017 1027
1018 1019
1018 1027
1018 1029
1019 1020
1019 1029
1019 1030
1020 1030
1021 1022
1021 1025
1022 1023
1022 1025
1022 1026
1023 1024
1023 1026
1023 1027
1024 1027
1025 1026
1025 1028
1026 1027
1026 1028
1026 1029
1027 1029
1028 1029
1028 1030
1029 1030
1031 1032
1031 1039
1031 1046
1031 1060
1032 1033
1032 1039
1032 1042
1032 1059
1032 1060
1033 1034
1033 1042
1033 1044
1033 1058
1033 1059
1034 1035
1034 1044
1034 1045
1034 1057
1034 1058
1035 1045
1035 1056
1035 1057
1036 1037
1036 1040
1037 1038
1037 1040
1037 1041
1038 1039
1038 1041
1038 1042
1039 1042
1040 1041
1040 1043
1041 1042
1041 1043
1041 1044
1042 1044
1043 1044
1043 1045
1044 1045
1046 1047
1046 1060
1046 1067
1046 1078
1047 1048
1047 1060
1047 1063
1047 1078
1047 1082
1048 1049
1048 1063
1048 1065
1048 1082
1048 1085
1049 1050
1049 1065
1049 1066
1049 1085
1049 1087
1050 1051
1050 1052
1050 1066
1050 1077
1050 1087
1051 1052
1051 1077
1051 1097
1051 1127
1052 1053
1052 1066
1053 1054
1053 1064
1053 1066
1054 1055
1054 1061
1054 1064
1055 1056
1055 1057
1055 1061
1056 1057
1057 1058
1057 1061
1058 1059
1058 1061
1058 1062
1059 1060
1059 1062
1059 1063
1060 1063
1061 1062
1061 1064
1062 1063
1062 1064
1062 1065
1063 1065
1064 1065
1064 1066
1065 1066
1067 1068
1067 1078
1068 1069
1068 1078
1068 1079
1069 1070
1069 1079
1069 1080
1070 1071
1070 1080
1070 1081
1071 1072
1071 1073
1071 1081
1072 1073
1072 1088
1072 1108
1073 1074
1073 1081
1073 1088
1073 1098
1074 1075
1074 1081
1074 1084
1074 1098
1074 1102
1075 1076
1075 1084
1075 1086
1075 1102
1075 1105
1076 1077
1076 1086
1076 1087
1076 1105
1076 1107
1077 1087
1077 1097
1077 1107
1078 1079
1078 1082
1079 1080
1079 1082
1079 1083
1080 1081
1080 1083
1080 1084
1081 1084
1082 1083
1082 1085
1083 1084
1083 1085
1083 1086
1084 1086
1085 1086
1085 1087
1086 1087
1088 1089
1088 1098
1088 1108
1088 1113
1089 1090
1089 1098
1089 1099
1089 1113
1089 1117
1090 1091
1090 1099
1090 1100
1090 1117
1090 1120
1091 1092
1091 1100
1091 1101
1091 1120
1091 1122
1092 1093
1092 1101
1092 1122
1093 1094
1093 1101
1093 1128
1094 1095
1094 1101
1094 1104
1094 1128
1094 1132
1095 1096
1095 1104
1095 1106
1095 1132
1095 1135
1096 1097
1096 1106
1096 1107
1096 1135
1096 1137
1097 1107
1097 1127
1097 1137
1098 1099
1098 1102
1099 1100
1099 1102
1099 1103
1100 1101
1100 1103
1100 1104
1101 1104
1102 1103
1102 1105
1103 1104
1103 1105
1103 1106
1104 1106
1105 1106
1105 1107
1106 1107
1108 1109
1108 1113
1109 1110
1109 1113
1109 1114
1110 1111
1110 1114
1110 1115
1111 1112
1111 1115
1111 1116
1112 1116
1113 1114
1113 1117
1114 1115
1114 1117
1114 1118
1115 1116
1115 1118
1115 1119
1116 1119
1117 1118
1117 1120
1118 1119
1118 1120
1118 1121
1119 1121
1120 1121
1120 1122
1121 1122
1123 1124
1123 1131
1124 1125
1124 1131
1124 1134
1125 1126
1125 1134
1125 1136
1126 1127
1126 1136
1126 1137
1127 1137
1128 1129
1128 1132
1129 1130
1129 1132
1129 1133
1130 1131
1130 1133
1130 1134
1131 1134
1132 1133
1132 1135
1133 1134
1133 1135
1133 1136
1134 1136
1135 1136
1135 1137
1136 1137
