1882 5511
0 1
0 32
0 1606
0 1607
0 1662
0 1726
1 2
1 32
1 33
1 1726
1 1782
2 3
2 33
2 34
2 1782
2 1791
3 4
3 34
3 35
3 1791
3 1799
4 5
4 35
4 36
4 1799
4 1806
5 6
5 36
5 37
5 1806
5 1812
6 7
6 37
6 38
6 1812
6 1817
7 8
7 38
7 39
7 1817
7 1821
8 9
8 39
8 40
8 1821
8 1824
9 10
9 40
9 41
9 1824
9 1826
10 11
10 12
10 41
10 1781
10 1826
11 12
11 1781
12 13
12 41
13 14
13 41
13 49
14 15
14 49
14 56
15 16
15 56
15 62
16 17
16 62
16 67
17 18
17 67
17 71
18 19
18 71
18 74
19 20
19 74
19 76
20 21
20 76
20 77
21 22
21 23
21 77
22 23
22 1827
23 24
23 77
23 1827
23 1881
24 25
24 75
24 77
24 1880
24 1881
25 26
25 72
25 75
25 1878
25 1880
26 27
26 68
26 72
26 1875
26 1878
27 28
27 63
27 68
27 1871
27 1875
28 29
28 57
28 63
28 1866
28 1871
29 30
29 50
29 57
29 1860
29 1866
30 31
30 42
30 50
30 1853
30 1860
31 32
31 33
31 42
31 1845
31 1853
32 33
32 1662
32 1845
33 34
33 42
34 35
34 42
34 43
35 36
35 43
35 44
36 37
36 44
36 45
37 38
37 45
37 46
38 39
38 46
38 47
39 40
39 47
39 48
40 41
40 48
40 49
41 49
42 43
42 50
43 44
43 50
43 51
44 45
44 51
44 52
45 46
45 52
45 53
46 47
46 53
46 54
47 48
47 54
47 55
48 49
48 55
48 56
49 56
50 51
50 57
51 52
51 57
51 58
52 53
52 58
52 59
53 54
53 59
53 60
54 55
54 60
54 61
55 56
55 61
55 62
56 62
57 58
57 63
58 59
58 63
58 64
59 60
59 64
59 65
60 61
60 65
60 66
61 62
61 66
61 67
62 67
63 64
63 68
64 65
64 68
64 69
65 66
65 69
65 70
66 67
66 70
66 71
67 71
68 69
68 72
69 70
69 72
69 73
70 71
70 73
70 74
71 74
72 73
72 75
73 74
73 75
73 76
74 76
75 76
75 77
76 77
78 79
78 110
78 1001
79 80
79 110
79 111
80 81
80 111
80 112
81 82
81 112
81 113
82 83
82 113
82 114
83 84
83 114
83 115
84 85
84 115
84 116
85 86
85 116
85 117
86 87
86 117
86 118
87 88
87 118
87 119
88 89
88 90
88 119
89 90
89 156
89 222
89 288
90 91
90 119
90 156
90 177
91 92
91 119
91 127
91 177
91 186
92 93
92 127
92 134
92 186
92 194
93 94
93 134
93 140
93 194
93 201
94 95
94 140
94 145
94 201
94 207
95 96
95 145
95 149
95 207
95 212
96 97
96 149
96 152
96 212
96 216
97 98
97 152
97 154
97 216
97 219
98 99
98 154
98 155
98 219
98 221
99 100
99 101
99 155
99 176
99 221
100 101
100 176
100 869
100 935
100 981
101 102
101 155
101 981
101 1010
102 103
102 153
102 155
102 1009
102 1010
103 104
103 150
103 153
103 1008
103 1009
104 105
104 146
104 150
104 1007
104 1008
105 106
105 141
105 146
105 1006
105 1007
106 107
106 135
106 141
106 1005
106 1006
107 108
107 128
107 135
107 1004
107 1005
108 109
108 120
108 128
108 1003
108 1004
109 110
109 111
109 120
109 1002
109 1003
110 111
110 1001
110 1002
111 112
111 120
112 113
112 120
112 121
113 114
113 121
113 122
114 115
114 122
114 123
115 116
115 123
115 124
116 117
116 124
116 125
117 118
117 125
117 126
118 119
118 126
118 127
119 127
120 121
120 128
121 122
121 128
121 129
122 123
122 129
122 130
123 124
123 130
123 131
124 125
124 131
124 132
125 126
125 132
125 133
126 127
126 133
126 134
127 134
128 129
128 135
129 130
129 135
129 136
130 131
130 136
130 137
131 132
131 137
131 138
132 133
132 138
132 139
133 134
133 139
133 140
134 140
135 136
135 141
136 137
136 141
136 142
137 138
137 142
137 143
138 139
138 143
138 144
139 140
139 144
139 145
140 145
141 142
141 146
142 143
142 146
142 147
143 144
143 147
143 148
144 145
144 148
144 149
145 149
146 147
146 150
147 148
147 150
147 151
148 149
148 151
148 152
149 152
150 151
150 153
151 152
151 153
151 154
152 154
153 154
153 155
154 155
156 157
156 177
156 222
156 243
157 158
157 177
157 178
157 243
157 252
158 159
158 178
158 179
158 252
158 260
159 160
159 179
159 180
159 260
159 267
160 161
160 180
160 181
160 267
160 273
161 162
161 181
161 182
161 273
161 278
162 163
162 182
162 183
162 278
162 282
163 164
163 183
163 184
163 282
163 285
164 165
164 184
164 185
164 285
164 287
165 166
165 167
165 185
165 242
165 287
166 167
166 242
166 561
166 748
166 814
167 168
167 185
167 814
167 878
168 169
168 185
168 193
168 877
168 878
169 170
169 193
169 200
169 876
169 877
170 171
170 200
170 206
170 875
170 876
171 172
171 206
171 211
171 874
171 875
172 173
172 211
172 215
172 873
172 874
173 174
173 215
173 218
173 872
173 873
174 175
174 218
174 220
174 871
174 872
175 176
175 220
175 221
175 870
175 871
176 221
176 869
176 870
177 178
177 186
178 179
178 186
178 187
179 180
179 187
179 188
180 181
180 188
180 189
181 182
181 189
181 190
182 183
182 190
182 191
183 184
183 191
183 192
184 185
184 192
184 193
185 193
186 187
186 194
187 188
187 194
187 195
188 189
188 195
188 196
189 190
189 196
189 197
190 191
190 197
190 198
191 192
191 198
191 199
192 193
192 199
192 200
193 200
194 195
194 201
195 196
195 201
195 202
196 197
196 202
196 203
197 198
197 203
197 204
198 199
198 204
198 205
199 200
199 205
199 206
200 206
201 202
201 207
202 203
202 207
202 208
203 204
203 208
203 209
204 205
204 209
204 210
205 206
205 210
205 211
206 211
207 208
207 212
208 209
208 212
208 213
209 210
209 213
209 214
210 211
210 214
210 215
211 215
212 213
212 216
213 214
213 216
213 217
214 215
214 217
214 218
215 218
216 217
216 219
217 218
217 219
217 220
218 220
219 220
219 221
220 221
222 223
222 243
222 288
222 309
223 224
223 243
223 244
223 309
223 318
224 225
224 244
224 245
224 318
224 326
225 226
225 245
225 246
225 326
225 333
226 227
226 246
226 247
226 333
226 339
227 228
227 247
227 248
227 339
227 344
228 229
228 248
228 249
228 344
228 348
229 230
229 249
229 250
229 348
229 351
230 231
230 250
230 251
230 351
230 353
231 232
231 233
231 251
231 308
231 353
232 233
232 308
232 374
232 440
232 506
233 234
233 251
233 506
233 562
234 235
234 251
234 259
234 562
234 571
235 236
235 259
235 266
235 571
235 579
236 237
236 266
236 272
236 579
236 586
237 238
237 272
237 277
237 586
237 592
238 239
238 277
238 281
238 592
238 597
239 240
239 281
239 284
239 597
239 601
240 241
240 284
240 286
240 601
240 604
241 242
241 286
241 287
241 604
241 606
242 287
242 561
242 606
243 244
243 252
244 245
244 252
244 253
245 246
245 253
245 254
246 247
246 254
246 255
247 248
247 255
247 256
248 249
248 256
248 257
249 250
249 257
249 258
250 251
250 258
250 259
251 259
252 253
252 260
253 254
253 260
253 261
254 255
254 261
254 262
255 256
255 262
255 263
256 257
256 263
256 264
257 258
257 264
257 265
258 259
258 265
258 266
259 266
260 261
260 267
261 262
261 267
261 268
262 263
262 268
262 269
263 264
263 269
263 270
264 265
264 270
264 271
265 266
265 271
265 272
266 272
267 268
267 273
268 269
268 273
268 274
269 270
269 274
269 275
270 271
270 275
270 276
271 272
271 276
271 277
272 277
273 274
273 278
274 275
274 278
274 279
275 276
275 279
275 280
276 277
276 280
276 281
277 281
278 279
278 282
279 280
279 282
279 283
280 281
280 283
280 284
281 284
282 283
282 285
283 284
283 285
283 286
284 286
285 286
285 287
286 287
288 289
288 309
289 290
289 309
289 310
290 291
290 310
290 311
291 292
291 311
291 312
292 293
292 312
292 313
293 294
293 313
293 314
294 295
294 314
294 315
295 296
295 315
295 316
296 297
296 316
296 317
297 298
297 299
297 317
298 299
298 354
299 300
299 317
299 354
299 375
300 301
300 317
300 325
300 375
300 384
301 302
301 325
301 332
301 384
301 392
302 303
302 332
302 338
302 392
302 399
303 304
303 338
303 343
303 399
303 405
304 305
304 343
304 347
304 405
304 410
305 306
305 347
305 350
305 410
305 414
306 307
306 350
306 352
306 414
306 417
307 308
307 352
307 353
307 417
307 419
308 353
308 374
308 419
309 310
309 318
310 311
310 318
310 319
311 312
311 319
311 320
312 313
312 320
312 321
313 314
313 321
313 322
314 315
314 322
314 323
315 316
315 323
315 324
316 317
316 324
316 325
317 325
318 319
318 326
319 320
319 326
319 327
320 321
320 327
320 328
321 322
321 328
321 329
322 323
322 329
322 330
323 324
323 330
323 331
324 325
324 331
324 332
325 332
326 327
326 333
327 328
327 333
327 334
328 329
328 334
328 335
329 330
329 335
329 336
330 331
330 336
330 337
331 332
331 337
331 338
332 338
333 334
333 339
334 335
334 339
334 340
335 336
335 340
335 341
336 337
336 341
336 342
337 338
337 342
337 343
338 343
339 340
339 344
340 341
340 344
340 345
341 342
341 345
341 346
342 343
342 346
342 347
343 347
344 345
344 348
345 346
345 348
345 349
346 347
346 349
346 350
347 350
348 349
348 351
349 350
349 351
349 352
350 352
351 352
351 353
352 353
354 355
354 375
355 356
355 375
355 376
356 357
356 376
356 377
357 358
357 377
357 378
358 359
358 378
358 379
359 360
359 379
359 380
360 361
360 380
360 381
361 362
361 381
361 382
362 363
362 382
362 383
363 364
363 365
363 383
364 365
364 420
365 366
365 383
365 420
365 449
366 367
366 383
366 391
366 448
366 449
367 368
367 391
367 398
367 447
367 448
368 369
368 398
368 404
368 446
368 447
369 370
369 404
369 409
369 445
369 446
370 371
370 409
370 413
370 444
370 445
371 372
371 413
371 416
371 443
371 444
372 373
372 416
372 418
372 442
372 443
373 374
373 418
373 419
373 441
373 442
374 419
374 440
374 441
375 376
375 384
376 377
376 384
376 385
377 378
377 385
377 386
378 379
378 386
378 387
379 380
379 387
379 388
380 381
380 388
380 389
381 382
381 389
381 390
382 383
382 390
382 391
383 391
384 385
384 392
385 386
385 392
385 393
386 387
386 393
386 394
387 388
387 394
387 395
388 389
388 395
388 396
389 390
389 396
389 397
390 391
390 397
390 398
391 398
392 393
392 399
393 394
393 399
393 400
394 395
394 400
394 401
395 396
395 401
395 402
396 397
396 402
396 403
397 398
397 403
397 404
398 404
399 400
399 405
400 401
400 405
400 406
401 402
401 406
401 407
402 403
402 407
402 408
403 404
403 408
403 409
404 409
405 406
405 410
406 407
406 410
406 411
407 408
407 411
407 412
408 409
408 412
408 413
409 413
410 411
410 414
411 412
411 414
411 415
412 413
412 415
412 416
413 416
414 415
414 417
415 416
415 417
415 418
416 418
417 418
417 419
418 419
420 421
420 449
421 422
421 449
421 457
422 423
422 457
422 464
423 424
423 464
423 470
424 425
424 470
424 475
425 426
425 475
425 479
426 427
426 479
426 482
427 428
427 482
427 484
428 429
428 484
428 485
429 430
429 431
429 485
430 431
430 486
430 607
431 432
431 485
431 486
431 515
432 433
432 483
432 485
432 514
432 515
433 434
433 480
433 483
433 513
433 514
434 435
434 476
434 480
434 512
434 513
435 436
435 471
435 476
435 511
435 512
436 437
436 465
436 471
436 510
436 511
437 438
437 458
437 465
437 509
437 510
438 439
438 450
438 458
438 508
438 509
439 440
439 441
439 450
439 507
439 508
440 441
440 506
440 507
441 442
441 450
442 443
442 450
442 451
443 444
443 451
443 452
444 445
444 452
444 453
445 446
445 453
445 454
446 447
446 454
446 455
447 448
447 455
447 456
448 449
448 456
448 457
449 457
450 451
450 458
451 452
451 458
451 459
452 453
452 459
452 460
453 454
453 460
453 461
454 455
454 461
454 462
455 456
455 462
455 463
456 457
456 463
456 464
457 464
458 459
458 465
459 460
459 465
459 466
460 461
460 466
460 467
461 462
461 467
461 468
462 463
462 468
462 469
463 464
463 469
463 470
464 470
465 466
465 471
466 467
466 471
466 472
467 468
467 472
467 473
468 469
468 473
468 474
469 470
469 474
469 475
470 475
471 472
471 476
472 473
472 476
472 477
473 474
473 477
473 478
474 475
474 478
474 479
475 479
476 477
476 480
477 478
477 480
477 481
478 479
478 481
478 482
479 482
480 481
480 483
481 482
481 483
481 484
482 484
483 484
483 485
484 485
486 487
486 515
486 607
486 636
487 488
487 515
487 523
487 635
487 636
488 489
488 523
488 530
488 634
488 635
489 490
489 530
489 536
489 633
489 634
490 491
490 536
490 541
490 632
490 633
491 492
491 541
491 545
491 631
491 632
492 493
492 545
492 548
492 630
492 631
493 494
493 548
493 550
493 629
493 630
494 495
494 550
494 551
494 628
494 629
495 496
495 497
495 551
495 627
495 628
496 497
496 552
496 627
496 693
497 498
497 551
497 552
497 570
498 499
498 549
498 551
498 569
498 570
499 500
499 546
499 549
499 568
499 569
500 501
500 542
500 546
500 567
500 568
501 502
501 537
501 542
501 566
501 567
502 503
502 531
502 537
502 565
502 566
503 504
503 524
503 531
503 564
503 565
504 505
504 516
504 524
504 563
504 564
505 506
505 507
505 516
505 562
505 563
506 507
506 562
507 508
507 516
508 509
508 516
508 517
509 510
509 517
509 518
510 511
510 518
510 519
511 512
511 519
511 520
512 513
512 520
512 521
513 514
513 521
513 522
514 515
514 522
514 523
515 523
516 517
516 524
517 518
517 524
517 525
518 519
518 525
518 526
519 520
519 526
519 527
520 521
520 527
520 528
521 522
521 528
521 529
522 523
522 529
522 530
523 530
524 525
524 531
525 526
525 531
525 532
526 527
526 532
526 533
527 528
527 533
527 534
528 529
528 534
528 535
529 530
529 535
529 536
530 536
531 532
531 537
532 533
532 537
532 538
533 534
533 538
533 539
534 535
534 539
534 540
535 536
535 540
535 541
536 541
537 538
537 542
538 539
538 542
538 543
539 540
539 543
539 544
540 541
540 544
540 545
541 545
542 543
542 546
543 544
543 546
543 547
544 545
544 547
544 548
545 548
546 547
546 549
547 548
547 549
547 550
548 550
549 550
549 551
550 551
552 553
552 570
552 693
552 757
553 554
553 570
553 578
553 756
553 757
554 555
554 578
554 585
554 755
554 756
555 556
555 585
555 591
555 754
555 755
556 557
556 591
556 596
556 753
556 754
557 558
557 596
557 600
557 752
557 753
558 559
558 600
558 603
558 751
558 752
559 560
559 603
559 605
559 750
559 751
560 561
560 605
560 606
560 749
560 750
561 606
561 748
561 749
562 563
562 571
563 564
563 571
563 572
564 565
564 572
564 573
565 566
565 573
565 574
566 567
566 574
566 575
567 568
567 575
567 576
568 569
568 576
568 577
569 570
569 577
569 578
570 578
571 572
571 579
572 573
572 579
572 580
573 574
573 580
573 581
574 575
574 581
574 582
575 576
575 582
575 583
576 577
576 583
576 584
577 578
577 584
577 585
578 585
579 580
579 586
580 581
580 586
580 587
581 582
581 587
581 588
582 583
582 588
582 589
583 584
583 589
583 590
584 585
584 590
584 591
585 591
586 587
586 592
587 588
587 592
587 593
588 589
588 593
588 594
589 590
589 594
589 595
590 591
590 595
590 596
591 596
592 593
592 597
593 594
593 597
593 598
594 595
594 598
594 599
595 596
595 599
595 600
596 600
597 598
597 601
598 599
598 601
598 602
599 600
599 602
599 603
600 603
601 602
601 604
602 603
602 604
602 605
603 605
604 605
604 606
605 606
607 608
607 636
608 609
608 636
608 644
609 610
609 644
609 651
610 611
610 651
610 657
611 612
611 657
611 662
612 613
612 662
612 666
613 614
613 666
613 669
614 615
614 669
614 671
615 616
615 671
615 672
616 617
616 618
616 672
617 618
617 673
617 1289
618 619
618 672
618 673
618 702
619 620
619 670
619 672
619 701
619 702
620 621
620 667
620 670
620 700
620 701
621 622
621 663
621 667
621 699
621 700
622 623
622 658
622 663
622 698
622 699
623 624
623 652
623 658
623 697
623 698
624 625
624 645
624 652
624 696
624 697
625 626
625 637
625 645
625 695
625 696
626 627
626 628
626 637
626 694
626 695
627 628
627 693
627 694
628 629
628 637
629 630
629 637
629 638
630 631
630 638
630 639
631 632
631 639
631 640
632 633
632 640
632 641
633 634
633 641
633 642
634 635
634 642
634 643
635 636
635 643
635 644
636 644
637 638
637 645
638 639
638 645
638 646
639 640
639 646
639 647
640 641
640 647
640 648
641 642
641 648
641 649
642 643
642 649
642 650
643 644
643 650
643 651
644 651
645 646
645 652
646 647
646 652
646 653
647 648
647 653
647 654
648 649
648 654
648 655
649 650
649 655
649 656
650 651
650 656
650 657
651 657
652 653
652 658
653 654
653 658
653 659
654 655
654 659
654 660
655 656
655 660
655 661
656 657
656 661
656 662
657 662
658 659
658 663
659 660
659 663
659 664
660 661
660 664
660 665
661 662
661 665
661 666
662 666
663 664
663 667
664 665
664 667
664 668
665 666
665 668
665 669
666 669
667 668
667 670
668 669
668 670
668 671
669 671
670 671
670 672
671 672
673 674
673 702
673 1289
673 1307
674 675
674 702
674 710
674 1306
674 1307
675 676
675 710
675 717
675 1305
675 1306
676 677
676 717
676 723
676 1304
676 1305
677 678
677 723
677 728
677 1303
677 1304
678 679
678 728
678 732
678 1302
678 1303
679 680
679 732
679 735
679 1301
679 1302
680 681
680 735
680 737
680 1300
680 1301
681 682
681 737
681 738
681 1299
681 1300
682 683
682 684
682 738
682 1223
682 1299
683 684
683 739
683 794
683 1168
683 1223
684 685
684 738
684 739
684 793
685 686
685 736
685 738
685 792
685 793
686 687
686 733
686 736
686 790
686 792
687 688
687 729
687 733
687 787
687 790
688 689
688 724
688 729
688 783
688 787
689 690
689 718
689 724
689 778
689 783
690 691
690 711
690 718
690 772
690 778
691 692
691 703
691 711
691 765
691 772
692 693
692 694
692 703
692 757
692 765
693 694
693 757
694 695
694 703
695 696
695 703
695 704
696 697
696 704
696 705
697 698
697 705
697 706
698 699
698 706
698 707
699 700
699 707
699 708
700 701
700 708
700 709
701 702
701 709
701 710
702 710
703 704
703 711
704 705
704 711
704 712
705 706
705 712
705 713
706 707
706 713
706 714
707 708
707 714
707 715
708 709
708 715
708 716
709 710
709 716
709 717
710 717
711 712
711 718
712 713
712 718
712 719
713 714
713 719
713 720
714 715
714 720
714 721
715 716
715 721
715 722
716 717
716 722
716 723
717 723
718 719
718 724
719 720
719 724
719 725
720 721
720 725
720 726
721 722
721 726
721 727
722 723
722 727
722 728
723 728
724 725
724 729
725 726
725 729
725 730
726 727
726 730
726 731
727 728
727 731
727 732
728 732
729 730
729 733
730 731
730 733
730 734
731 732
731 734
731 735
732 735
733 734
733 736
734 735
734 736
734 737
735 737
736 737
736 738
737 738
739 740
739 793
739 794
739 823
740 741
740 791
740 793
740 822
740 823
741 742
741 788
741 791
741 821
741 822
742 743
742 784
742 788
742 820
742 821
743 744
743 779
743 784
743 819
743 820
744 745
744 773
744 779
744 818
744 819
745 746
745 766
745 773
745 817
745 818
746 747
746 758
746 766
746 816
746 817
747 748
747 749
747 758
747 815
747 816
748 749
748 814
748 815
749 750
749 758
750 751
750 758
750 759
751 752
751 759
751 760
752 753
752 760
752 761
753 754
753 761
753 762
754 755
754 762
754 763
755 756
755 763
755 764
756 757
756 764
756 765
757 765
758 759
758 766
759 760
759 766
759 767
760 761
760 767
760 768
761 762
761 768
761 769
762 763
762 769
762 770
763 764
763 770
763 771
764 765
764 771
764 772
765 772
766 767
766 773
767 768
767 773
767 774
768 769
768 774
768 775
769 770
769 775
769 776
770 771
770 776
770 777
771 772
771 777
771 778
772 778
773 774
773 779
774 775
774 779
774 780
775 776
775 780
775 781
776 777
776 781
776 782
777 778
777 782
777 783
778 783
779 780
779 784
780 781
780 784
780 785
781 782
781 785
781 786
782 783
782 786
782 787
783 787
784 785
784 788
785 786
785 788
785 789
786 787
786 789
786 790
787 790
788 789
788 791
789 790
789 791
789 792
790 792
791 792
791 793
792 793
794 795
794 823
794 1168
794 1186
795 796
795 823
795 831
795 1185
795 1186
796 797
796 831
796 838
796 1184
796 1185
797 798
797 838
797 844
797 1183
797 1184
798 799
798 844
798 849
798 1182
798 1183
799 800
799 849
799 853
799 1181
799 1182
800 801
800 853
800 856
800 1180
800 1181
801 802
801 856
801 858
801 1179
801 1180
802 803
802 858
802 859
802 1178
802 1179
803 804
803 805
803 859
803 1102
803 1178
804 805
804 860
804 915
804 1102
805 806
805 859
805 860
805 914
806 807
806 857
806 859
806 913
806 914
807 808
807 854
807 857
807 911
807 913
808 809
808 850
808 854
808 908
808 911
809 810
809 845
809 850
809 904
809 908
810 811
810 839
810 845
810 899
810 904
811 812
811 832
811 839
811 893
811 899
812 813
812 824
812 832
812 886
812 893
813 814
813 815
813 824
813 878
813 886
814 815
814 878
815 816
815 824
816 817
816 824
816 825
817 818
817 825
817 826
818 819
818 826
818 827
819 820
819 827
819 828
820 821
820 828
820 829
821 822
821 829
821 830
822 823
822 830
822 831
823 831
824 825
824 832
825 826
825 832
825 833
826 827
826 833
826 834
827 828
827 834
827 835
828 829
828 835
828 836
829 830
829 836
829 837
830 831
830 837
830 838
831 838
832 833
832 839
833 834
833 839
833 840
834 835
834 840
834 841
835 836
835 841
835 842
836 837
836 842
836 843
837 838
837 843
837 844
838 844
839 840
839 845
840 841
840 845
840 846
841 842
841 846
841 847
842 843
842 847
842 848
843 844
843 848
843 849
844 849
845 846
845 850
846 847
846 850
846 851
847 848
847 851
847 852
848 849
848 852
848 853
849 853
850 851
850 854
851 852
851 854
851 855
852 853
852 855
852 856
853 856
854 855
854 857
855 856
855 857
855 858
856 858
857 858
857 859
858 859
860 861
860 914
860 915
860 944
861 862
861 912
861 914
861 943
861 944
862 863
862 909
862 912
862 942
862 943
863 864
863 905
863 909
863 941
863 942
864 865
864 900
864 905
864 940
864 941
865 866
865 894
865 900
865 939
865 940
866 867
866 887
866 894
866 938
866 939
867 868
867 879
867 887
867 937
867 938
868 869
868 870
868 879
868 936
868 937
869 870
869 935
869 936
870 871
870 879
871 872
871 879
871 880
872 873
872 880
872 881
873 874
873 881
873 882
874 875
874 882
874 883
875 876
875 883
875 884
876 877
876 884
876 885
877 878
877 885
877 886
878 886
879 880
879 887
880 881
880 887
880 888
881 882
881 888
881 889
882 883
882 889
882 890
883 884
883 890
883 891
884 885
884 891
884 892
885 886
885 892
885 893
886 893
887 888
887 894
888 889
888 894
888 895
889 890
889 895
889 896
890 891
890 896
890 897
891 892
891 897
891 898
892 893
892 898
892 899
893 899
894 895
894 900
895 896
895 900
895 901
896 897
896 901
896 902
897 898
897 902
897 903
898 899
898 903
898 904
899 904
900 901
900 905
901 902
901 905
901 906
902 903
902 906
902 907
903 904
903 907
903 908
904 908
905 906
905 909
906 907
906 909
906 910
907 908
907 910
907 911
908 911
909 910
909 912
910 911
910 912
910 913
911 913
912 913
912 914
913 914
915 916
915 944
915 1102
915 1123
916 917
916 944
916 952
916 1123
916 1132
917 918
917 952
917 959
917 1132
917 1140
918 919
918 959
918 965
918 1140
918 1147
919 920
919 965
919 970
919 1147
919 1153
920 921
920 970
920 974
920 1153
920 1158
921 922
921 974
921 977
921 1158
921 1162
922 923
922 977
922 979
922 1162
922 1165
923 924
923 979
923 980
923 1165
923 1167
924 925
924 926
924 980
924 1122
924 1167
925 926
925 1047
925 1122
925 1485
925 1616
926 927
926 980
926 1047
926 1065
927 928
927 978
927 980
927 1064
927 1065
928 929
928 975
928 978
928 1063
928 1064
929 930
929 971
929 975
929 1062
929 1063
930 931
930 966
930 971
930 1061
930 1062
931 932
931 960
931 966
931 1060
931 1061
932 933
932 953
932 960
932 1059
932 1060
933 934
933 945
933 953
933 1058
933 1059
934 935
934 936
934 945
934 1057
934 1058
935 936
935 981
935 1057
936 937
936 945
937 938
937 945
937 946
938 939
938 946
938 947
939 940
939 947
939 948
940 941
940 948
940 949
941 942
941 949
941 950
942 943
942 950
942 951
943 944
943 951
943 952
944 952
945 946
945 953
946 947
946 953
946 954
947 948
947 954
947 955
948 949
948 955
948 956
949 950
949 956
949 957
950 951
950 957
950 958
951 952
951 958
951 959
952 959
953 954
953 960
954 955
954 960
954 961
955 956
955 961
955 962
956 957
956 962
956 963
957 958
957 963
957 964
958 959
958 964
958 965
959 965
960 961
960 966
961 962
961 966
961 967
962 963
962 967
962 968
963 964
963 968
963 969
964 965
964 969
964 970
965 970
966 967
966 971
967 968
967 971
967 972
968 969
968 972
968 973
969 970
969 973
969 974
970 974
971 972
971 975
972 973
972 975
972 976
973 974
973 976
973 977
974 977
975 976
975 978
976 977
976 978
976 979
977 979
978 979
978 980
979 980
981 982
981 1010
981 1057
982 983
982 1010
982 1018
982 1057
982 1066
983 984
983 1018
983 1025
983 1066
983 1074
984 985
984 1025
984 1031
984 1074
984 1081
985 986
985 1031
985 1036
985 1081
985 1087
986 987
986 1036
986 1040
986 1087
986 1092
987 988
987 1040
987 1043
987 1092
987 1096
988 989
988 1043
988 1045
988 1096
988 1099
989 990
989 1045
989 1046
989 1099
989 1101
990 991
990 992
990 1046
990 1056
990 1101
991 992
991 1056
991 1671
991 1836
992 993
992 1046
993 994
993 1044
993 1046
994 995
994 1041
994 1044
995 996
995 1037
995 1041
996 997
996 1032
996 1037
997 998
997 1026
997 1032
998 999
998 1019
998 1026
999 1000
999 1011
999 1019
1000 1001
1000 1002
1000 1011
1001 1002
1002 1003
1002 1011
1003 1004
1003 1011
1003 1012
1004 1005
1004 1012
1004 1013
1005 1006
1005 1013
1005 1014
1006 1007
1006 1014
1006 1015
1007 1008
1007 1015
1007 1016
1008 1009
1008 1016
1008 1017
1009 1010
1009 1017
1009 1018
1010 1018
1011 1012
1011 1019
1012 1013
1012 1019
1012 1020
1013 1014
1013 1020
1013 1021
1014 1015
1014 1021
1014 1022
1015 1016
1015 1022
1015 1023
1016 1017
1016 1023
1016 1024
1017 1018
1017 1024
1017 1025
1018 1025
1019 1020
1019 1026
1020 1021
1020 1026
1020 1027
1021 1022
1021 1027
1021 1028
1022 1023
1022 1028
1022 1029
1023 1024
1023 1029
1023 1030
1024 1025
1024 1030
1024 1031
1025 1031
1026 1027
1026 1032
1027 1028
1027 1032
1027 1033
1028 1029
1028 1033
1028 1034
1029 1030
1029 1034
1029 1035
1030 1031
1030 1035
1030 1036
1031 1036
1032 1033
1032 1037
1033 1034
1033 1037
1033 1038
1034 1035
1034 1038
1034 1039
1035 1036
1035 1039
1035 1040
1036 1040
1037 1038
1037 1041
1038 1039
1038 1041
1038 1042
1039 1040
1039 1042
1039 1043
1040 1043
1041 1042
1041 1044
1042 1043
1042 1044
1042 1045
1043 1045
1044 1045
1044 1046
1045 1046
1047 1048
1047 1065
1047 1616
1047 1680
1048 1049
1048 1065
1048 1073
1048 1679
1048 1680
1049 1050
1049 1073
1049 1080
1049 1678
1049 1679
1050 1051
1050 1080
1050 1086
1050 1677
1050 1678
1051 1052
1051 1086
1051 1091
1051 1676
1051 1677
1052 1053
1052 1091
1052 1095
1052 1675
1052 1676
1053 1054
1053 1095
1053 1098
1053 1674
1053 1675
1054 1055
1054 1098
1054 1100
1054 1673
1054 1674
1055 1056
1055 1100
1055 1101
1055 1672
1055 1673
1056 1101
1056 1671
1056 1672
1057 1058
1057 1066
1058 1059
1058 1066
1058 1067
1059 1060
1059 1067
1059 1068
1060 1061
1060 1068
1060 1069
1061 1062
1061 1069
1061 1070
1062 1063
1062 1070
1062 1071
1063 1064
1063 1071
1063 1072
1064 1065
1064 1072
1064 1073
1065 1073
1066 1067
1066 1074
1067 1068
1067 1074
1067 1075
1068 1069
1068 1075
1068 1076
1069 1070
1069 1076
1069 1077
1070 1071
1070 1077
1070 1078
1071 1072
1071 1078
1071 1079
1072 1073
1072 1079
1072 1080
1073 1080
1074 1075
1074 1081
1075 1076
1075 1081
1075 1082
1076 1077
1076 1082
1076 1083
1077 1078
1077 1083
1077 1084
1078 1079
1078 1084
1078 1085
1079 1080
1079 1085
1079 1086
1080 1086
1081 1082
1081 1087
1082 1083
1082 1087
1082 1088
1083 1084
1083 1088
1083 1089
1084 1085
1084 1089
1084 1090
1085 1086
1085 1090
1085 1091
1086 1091
1087 1088
1087 1092
1088 1089
1088 1092
1088 1093
1089 1090
1089 1093
1089 1094
1090 1091
1090 1094
1090 1095
1091 1095
1092 1093
1092 1096
1093 1094
1093 1096
1093 1097
1094 1095
1094 1097
1094 1098
1095 1098
1096 1097
1096 1099
1097 1098
1097 1099
1097 1100
1098 1100
1099 1100
1099 1101
1100 1101
1102 1103
1102 1123
1102 1178
1103 1104
1103 1123
1103 1124
1103 1178
1103 1187
1104 1105
1104 1124
1104 1125
1104 1187
1104 1195
1105 1106
1105 1125
1105 1126
1105 1195
1105 1202
1106 1107
1106 1126
1106 1127
1106 1202
1106 1208
1107 1108
1107 1127
1107 1128
1107 1208
1107 1213
1108 1109
1108 1128
1108 1129
1108 1213
1108 1217
1109 1110
1109 1129
1109 1130
1109 1217
1109 1220
1110 1111
1110 1130
1110 1131
1110 1220
1110 1222
1111 1112
1111 1113
1111 1131
1111 1177
1111 1222
1112 1113
1112 1177
1112 1243
1112 1364
1112 1430
1113 1114
1113 1131
1113 1430
1113 1494
1114 1115
1114 1131
1114 1139
1114 1493
1114 1494
1115 1116
1115 1139
1115 1146
1115 1492
1115 1493
1116 1117
1116 1146
1116 1152
1116 1491
1116 1492
1117 1118
1117 1152
1117 1157
1117 1490
1117 1491
1118 1119
1118 1157
1118 1161
1118 1489
1118 1490
1119 1120
1119 1161
1119 1164
1119 1488
1119 1489
1120 1121
1120 1164
1120 1166
1120 1487
1120 1488
1121 1122
1121 1166
1121 1167
1121 1486
1121 1487
1122 1167
1122 1485
1122 1486
1123 1124
1123 1132
1124 1125
1124 1132
1124 1133
1125 1126
1125 1133
1125 1134
1126 1127
1126 1134
1126 1135
1127 1128
1127 1135
1127 1136
1128 1129
1128 1136
1128 1137
1129 1130
1129 1137
1129 1138
1130 1131
1130 1138
1130 1139
1131 1139
1132 1133
1132 1140
1133 1134
1133 1140
1133 1141
1134 1135
1134 1141
1134 1142
1135 1136
1135 1142
1135 1143
1136 1137
1136 1143
1136 1144
1137 1138
1137 1144
1137 1145
1138 1139
1138 1145
1138 1146
1139 1146
1140 1141
1140 1147
1141 1142
1141 1147
1141 1148
1142 1143
1142 1148
1142 1149
1143 1144
1143 1149
1143 1150
1144 1145
1144 1150
1144 1151
1145 1146
1145 1151
1145 1152
1146 1152
1147 1148
1147 1153
1148 1149
1148 1153
1148 1154
1149 1150
1149 1154
1149 1155
1150 1151
1150 1155
1150 1156
1151 1152
1151 1156
1151 1157
1152 1157
1153 1154
1153 1158
1154 1155
1154 1158
1154 1159
1155 1156
1155 1159
1155 1160
1156 1157
1156 1160
1156 1161
1157 1161
1158 1159
1158 1162
1159 1160
1159 1162
1159 1163
1160 1161
1160 1163
1160 1164
1161 1164
1162 1163
1162 1165
1163 1164
1163 1165
1163 1166
1164 1166
1165 1166
1165 1167
1166 1167
1168 1169
1168 1186
1168 1223
1168 1244
1169 1170
1169 1186
1169 1194
1169 1244
1169 1253
1170 1171
1170 1194
1170 1201
1170 1253
1170 1261
1171 1172
1171 1201
1171 1207
1171 1261
1171 1268
1172 1173
1172 1207
1172 1212
1172 1268
1172 1274
1173 1174
1173 1212
1173 1216
1173 1274
1173 1279
1174 1175
1174 1216
1174 1219
1174 1279
1174 1283
1175 1176
1175 1219
1175 1221
1175 1283
1175 1286
1176 1177
1176 1221
1176 1222
1176 1286
1176 1288
1177 1222
1177 1243
1177 1288
1178 1179
1178 1187
1179 1180
1179 1187
1179 1188
1180 1181
1180 1188
1180 1189
1181 1182
1181 1189
1181 1190
1182 1183
1182 1190
1182 1191
1183 1184
1183 1191
1183 1192
1184 1185
1184 1192
1184 1193
1185 1186
1185 1193
1185 1194
1186 1194
1187 1188
1187 1195
1188 1189
1188 1195
1188 1196
1189 1190
1189 1196
1189 1197
1190 1191
1190 1197
1190 1198
1191 1192
1191 1198
1191 1199
1192 1193
1192 1199
1192 1200
1193 1194
1193 1200
1193 1201
1194 1201
1195 1196
1195 1202
1196 1197
1196 1202
1196 1203
1197 1198
1197 1203
1197 1204
1198 1199
1198 1204
1198 1205
1199 1200
1199 1205
1199 1206
1200 1201
1200 1206
1200 1207
1201 1207
1202 1203
1202 1208
1203 1204
1203 1208
1203 1209
1204 1205
1204 1209
1204 1210
1205 1206
1205 1210
1205 1211
1206 1207
1206 1211
1206 1212
1207 1212
1208 1209
1208 1213
1209 1210
1209 1213
1209 1214
1210 1211
1210 1214
1210 1215
1211 1212
1211 1215
1211 1216
1212 1216
1213 1214
1213 1217
1214 1215
1214 1217
1214 1218
1215 1216
1215 1218
1215 1219
1216 1219
1217 1218
1217 1220
1218 1219
1218 1220
1218 1221
1219 1221
1220 1221
1220 1222
1221 1222
1223 1224
1223 1244
1223 1299
1224 1225
1224 1244
1224 1245
1224 1299
1224 1308
1225 1226
1225 1245
1225 1246
1225 1308
1225 1316
1226 1227
1226 1246
1226 1247
1226 1316
1226 1323
1227 1228
1227 1247
1227 1248
1227 1323
1227 1329
1228 1229
1228 1248
1228 1249
1228 1329
1228 1334
1229 1230
1229 1249
1229 1250
1229 1334
1229 1338
1230 1231
1230 1250
1230 1251
1230 1338
1230 1341
1231 1232
1231 1251
1231 1252
1231 1341
1231 1343
1232 1233
1232 1234
1232 1252
1232 1298
1232 1343
1233 1234
1233 1298
1233 1344
1234 1235
1234 1252
1234 1344
1234 1373
1235 1236
1235 1252
1235 1260
1235 1372
1235 1373
1236 1237
1236 1260
1236 1267
1236 1371
1236 1372
1237 1238
1237 1267
1237 1273
1237 1370
1237 1371
1238 1239
1238 1273
1238 1278
1238 1369
1238 1370
1239 1240
1239 1278
1239 1282
1239 1368
1239 1369
1240 1241
1240 1282
1240 1285
1240 1367
1240 1368
1241 1242
1241 1285
1241 1287
1241 1366
1241 1367
1242 1243
1242 1287
1242 1288
1242 1365
1242 1366
1243 1288
1243 1364
1243 1365
1244 1245
1244 1253
1245 1246
1245 1253
1245 1254
1246 1247
1246 1254
1246 1255
1247 1248
1247 1255
1247 1256
1248 1249
1248 1256
1248 1257
1249 1250
1249 1257
1249 1258
1250 1251
1250 1258
1250 1259
1251 1252
1251 1259
1251 1260
1252 1260
1253 1254
1253 1261
1254 1255
1254 1261
1254 1262
1255 1256
1255 1262
1255 1263
1256 1257
1256 1263
1256 1264
1257 1258
1257 1264
1257 1265
1258 1259
1258 1265
1258 1266
1259 1260
1259 1266
1259 1267
1260 1267
1261 1262
1261 1268
1262 1263
1262 1268
1262 1269
1263 1264
1263 1269
1263 1270
1264 1265
1264 1270
1264 1271
1265 1266
1265 1271
1265 1272
1266 1267
1266 1272
1266 1273
1267 1273
1268 1269
1268 1274
1269 1270
1269 1274
1269 1275
1270 1271
1270 1275
1270 1276
1271 1272
1271 1276
1271 1277
1272 1273
1272 1277
1272 1278
1273 1278
1274 1275
1274 1279
1275 1276
1275 1279
1275 1280
1276 1277
1276 1280
1276 1281
1277 1278
1277 1281
1277 1282
1278 1282
1279 1280
1279 1283
1280 1281
1280 1283
1280 1284
1281 1282
1281 1284
1281 1285
1282 1285
1283 1284
1283 1286
1284 1285
1284 1286
1284 1287
1285 1287
1286 1287
1286 1288
1287 1288
1289 1290
1289 1307
1290 1291
1290 1307
1290 1315
1291 1292
1291 1315
1291 1322
1292 1293
1292 1322
1292 1328
1293 1294
1293 1328
1293 1333
1294 1295
1294 1333
1294 1337
1295 1296
1295 1337
1295 1340
1296 1297
1296 1340
1296 1342
1297 1298
1297 1342
1297 1343
1298 1343
1299 1300
1299 1308
1300 1301
1300 1308
1300 1309
1301 1302
1301 1309
1301 1310
1302 1303
1302 1310
1302 1311
1303 1304
1303 1311
1303 1312
1304 1305
1304 1312
1304 1313
1305 1306
1305 1313
1305 1314
1306 1307
1306 1314
1306 1315
1307 1315
1308 1309
1308 1316
1309 1310
1309 1316
1309 1317
1310 1311
1310 1317
1310 1318
1311 1312
1311 1318
1311 1319
1312 1313
1312 1319
1312 1320
1313 1314
1313 1320
1313 1321
1314 1315
1314 1321
1314 1322
1315 1322
1316 1317
1316 1323
1317 1318
1317 1323
1317 1324
1318 1319
1318 1324
1318 1325
1319 1320
1319 1325
1319 1326
1320 1321
1320 1326
1320 1327
1321 1322
1321 1327
1321 1328
1322 1328
1323 1324
1323 1329
1324 1325
1324 1329
1324 1330
1325 1326
1325 1330
1325 1331
1326 1327
1326 1331
1326 1332
1327 1328
1327 1332
1327 1333
1328 1333
1329 1330
1329 1334
1330 1331
1330 1334
1330 1335
1331 1332
1331 1335
1331 1336
1332 1333
1332 1336
1332 1337
1333 1337
1334 1335
1334 1338
1335 1336
1335 1338
1335 1339
1336 1337
1336 1339
1336 1340
1337 1340
1338 1339
1338 1341
1339 1340
1339 1341
1339 1342
1340 1342
1341 1342
1341 1343
1342 1343
1344 1345
1344 1373
1345 1346
1345 1373
1345 1381
1346 1347
1346 1381
1346 1388
1347 1348
1347 1388
1347 1394
1348 1349
1348 1394
1348 1399
1349 1350
1349 1399
1349 1403
1350 1351
1350 1403
1350 1406
1351 1352
1351 1406
1351 1408
1352 1353
1352 1408
1352 1409
1353 1354
1353 1355
1353 1409
1354 1355
1354 1410
1354 1531
1355 1356
1355 1409
1355 1410
1355 1439
1356 1357
1356 1407
1356 1409
1356 1438
1356 1439
1357 1358
1357 1404
1357 1407
1357 1437
1357 1438
1358 1359
1358 1400
1358 1404
1358 1436
1358 1437
1359 1360
1359 1395
1359 1400
1359 1435
1359 1436
1360 1361
1360 1389
1360 1395
1360 1434
1360 1435
1361 1362
1361 1382
1361 1389
1361 1433
1361 1434
1362 1363
1362 1374
1362 1382
1362 1432
1362 1433
1363 1364
1363 1365
1363 1374
1363 1431
1363 1432
1364 1365
1364 1430
1364 1431
1365 1366
1365 1374
1366 1367
1366 1374
1366 1375
1367 1368
1367 1375
1367 1376
1368 1369
1368 1376
1368 1377
1369 1370
1369 1377
1369 1378
1370 1371
1370 1378
1370 1379
1371 1372
1371 1379
1371 1380
1372 1373
1372 1380
1372 1381
1373 1381
1374 1375
1374 1382
1375 1376
1375 1382
1375 1383
1376 1377
1376 1383
1376 1384
1377 1378
1377 1384
1377 1385
1378 1379
1378 1385
1378 1386
1379 1380
1379 1386
1379 1387
1380 1381
1380 1387
1380 1388
1381 1388
1382 1383
1382 1389
1383 1384
1383 1389
1383 1390
1384 1385
1384 1390
1384 1391
1385 1386
1385 1391
1385 1392
1386 1387
1386 1392
1386 1393
1387 1388
1387 1393
1387 1394
1388 1394
1389 1390
1389 1395
1390 1391
1390 1395
1390 1396
1391 1392
1391 1396
1391 1397
1392 1393
1392 1397
1392 1398
1393 1394
1393 1398
1393 1399
1394 1399
1395 1396
1395 1400
1396 1397
1396 1400
1396 1401
1397 1398
1397 1401
1397 1402
1398 1399
1398 1402
1398 1403
1399 1403
1400 1401
1400 1404
1401 1402
1401 1404
1401 1405
1402 1403
1402 1405
1402 1406
1403 1406
1404 1405
1404 1407
1405 1406
1405 1407
1405 1408
1406 1408
1407 1408
1407 1409
1408 1409
1410 1411
1410 1439
1410 1531
1410 1560
1411 1412
1411 1439
1411 1447
1411 1559
1411 1560
1412 1413
1412 1447
1412 1454
1412 1558
1412 1559
1413 1414
1413 1454
1413 1460
1413 1557
1413 1558
1414 1415
1414 1460
1414 1465
1414 1556
1414 1557
1415 1416
1415 1465
1415 1469
1415 1555
1415 1556
1416 1417
1416 1469
1416 1472
1416 1554
1416 1555
1417 1418
1417 1472
1417 1474
1417 1553
1417 1554
1418 1419
1418 1474
1418 1475
1418 1552
1418 1553
1419 1420
1419 1421
1419 1475
1419 1551
1419 1552
1420 1421
1420 1476
1420 1551
1420 1597
1421 1422
1421 1475
1421 1476
1421 1530
1422 1423
1422 1473
1422 1475
1422 1529
1422 1530
1423 1424
1423 1470
1423 1473
1423 1527
1423 1529
1424 1425
1424 1466
1424 1470
1424 1524
1424 1527
1425 1426
1425 1461
1425 1466
1425 1520
1425 1524
1426 1427
1426 1455
1426 1461
1426 1515
1426 1520
1427 1428
1427 1448
1427 1455
1427 1509
1427 1515
1428 1429
1428 1440
1428 1448
1428 1502
1428 1509
1429 1430
1429 1431
1429 1440
1429 1494
1429 1502
1430 1431
1430 1494
1431 1432
1431 1440
1432 1433
1432 1440
1432 1441
1433 1434
1433 1441
1433 1442
1434 1435
1434 1442
1434 1443
1435 1436
1435 1443
1435 1444
1436 1437
1436 1444
1436 1445
1437 1438
1437 1445
1437 1446
1438 1439
1438 1446
1438 1447
1439 1447
1440 1441
1440 1448
1441 1442
1441 1448
1441 1449
1442 1443
1442 1449
1442 1450
1443 1444
1443 1450
1443 1451
1444 1445
1444 1451
1444 1452
1445 1446
1445 1452
1445 1453
1446 1447
1446 1453
1446 1454
1447 1454
1448 1449
1448 1455
1449 1450
1449 1455
1449 1456
1450 1451
1450 1456
1450 1457
1451 1452
1451 1457
1451 1458
1452 1453
1452 1458
1452 1459
1453 1454
1453 1459
1453 1460
1454 1460
1455 1456
1455 1461
1456 1457
1456 1461
1456 1462
1457 1458
1457 1462
1457 1463
1458 1459
1458 1463
1458 1464
1459 1460
1459 1464
1459 1465
1460 1465
1461 1462
1461 1466
1462 1463
1462 1466
1462 1467
1463 1464
1463 1467
1463 1468
1464 1465
1464 1468
1464 1469
1465 1469
1466 1467
1466 1470
1467 1468
1467 1470
1467 1471
1468 1469
1468 1471
1468 1472
1469 1472
1470 1471
1470 1473
1471 1472
1471 1473
1471 1474
1472 1474
1473 1474
1473 1475
1474 1475
1476 1477
1476 1530
1476 1597
1476 1625
1477 1478
1477 1528
1477 1530
1477 1624
1477 1625
1478 1479
1478 1525
1478 1528
1478 1623
1478 1624
1479 1480
1479 1521
1479 1525
1479 1622
1479 1623
1480 1481
1480 1516
1480 1521
1480 1621
1480 1622
1481 1482
1481 1510
1481 1516
1481 1620
1481 1621
1482 1483
1482 1503
1482 1510
1482 1619
1482 1620
1483 1484
1483 1495
1483 1503
1483 1618
1483 1619
1484 1485
1484 1486
1484 1495
1484 1617
1484 1618
1485 1486
1485 1616
1485 1617
1486 1487
1486 1495
1487 1488
1487 1495
1487 1496
1488 1489
1488 1496
1488 1497
1489 1490
1489 1497
1489 1498
1490 1491
1490 1498
1490 1499
1491 1492
1491 1499
1491 1500
1492 1493
1492 1500
1492 1501
1493 1494
1493 1501
1493 1502
1494 1502
1495 1496
1495 1503
1496 1497
1496 1503
1496 1504
1497 1498
1497 1504
1497 1505
1498 1499
1498 1505
1498 1506
1499 1500
1499 1506
1499 1507
1500 1501
1500 1507
1500 1508
1501 1502
1501 1508
1501 1509
1502 1509
1503 1504
1503 1510
1504 1505
1504 1510
1504 1511
1505 1506
1505 1511
1505 1512
1506 1507
1506 1512
1506 1513
1507 1508
1507 1513
1507 1514
1508 1509
1508 1514
1508 1515
1509 1515
1510 1511
1510 1516
1511 1512
1511 1516
1511 1517
1512 1513
1512 1517
1512 1518
1513 1514
1513 1518
1513 1519
1514 1515
1514 1519
1514 1520
1515 1520
1516 1517
1516 1521
1517 1518
1517 1521
1517 1522
1518 1519
1518 1522
1518 1523
1519 1520
1519 1523
1519 1524
1520 1524
1521 1522
1521 1525
1522 1523
1522 1525
1522 1526
1523 1524
1523 1526
1523 1527
1524 1527
1525 1526
1525 1528
1526 1527
1526 1528
1526 1529
1527 1529
1528 1529
1528 1530
1529 1530
1531 1532
1531 1560
1532 1533
1532 1560
1532 1568
1533 1534
1533 1568
1533 1575
1534 1535
1534 1575
1534 1581
1535 1536
1535 1581
1535 1586
1536 1537
1536 1586
1536 1590
1537 1538
1537 1590
1537 1593
1538 1539
1538 1593
1538 1595
1539 1540
1539 1595
1539 1596
1540 1541
1540 1542
1540 1596
1541 1542
1541 1717
1541 1772
1542 1543
1542 1596
1542 1717
1542 1735
1543 1544
1543 1594
1543 1596
1543 1734
1543 1735
1544 1545
1544 1591
1544 1594
1544 1733
1544 1734
1545 1546
1545 1587
1545 1591
1545 1732
1545 1733
1546 1547
1546 1582
1546 1587
1546 1731
1546 1732
1547 1548
1547 1576
1547 1582
1547 1730
1547 1731
1548 1549
1548 1569
1548 1576
1548 1729
1548 1730
1549 1550
1549 1561
1549 1569
1549 1728
1549 1729
1550 1551
1550 1552
1550 1561
1550 1727
1550 1728
1551 1552
1551 1597
1551 1727
1552 1553
1552 1561
1553 1554
1553 1561
1553 1562
1554 1555
1554 1562
1554 1563
1555 1556
1555 1563
1555 1564
1556 1557
1556 1564
1556 1565
1557 1558
1557 1565
1557 1566
1558 1559
1558 1566
1558 1567
1559 1560
1559 1567
1559 1568
1560 1568
1561 1562
1561 1569
1562 1563
1562 1569
1562 1570
1563 1564
1563 1570
1563 1571
1564 1565
1564 1571
1564 1572
1565 1566
1565 1572
1565 1573
1566 1567
1566 1573
1566 1574
1567 1568
1567 1574
1567 1575
1568 1575
1569 1570
1569 1576
1570 1571
1570 1576
1570 1577
1571 1572
1571 1577
1571 1578
1572 1573
1572 1578
1572 1579
1573 1574
1573 1579
1573 1580
1574 1575
1574 1580
1574 1581
1575 1581
1576 1577
1576 1582
1577 1578
1577 1582
1577 1583
1578 1579
1578 1583
1578 1584
1579 1580
1579 1584
1579 1585
1580 1581
1580 1585
1580 1586
1581 1586
1582 1583
1582 1587
1583 1584
1583 1587
1583 1588
1584 1585
1584 1588
1584 1589
1585 1586
1585 1589
1585 1590
1586 1590
1587 1588
1587 1591
1588 1589
1588 1591
1588 1592
1589 1590
1589 1592
1589 1593
1590 1593
1591 1592
1591 1594
1592 1593
1592 1594
1592 1595
1593 1595
1594 1595
1594 1596
1595 1596
1597 1598
1597 1625
1597 1727
1598 1599
1598 1625
1598 1633
1598 1727
1598 1736
1599 1600
1599 1633
1599 1640
1599 1736
1599 1744
1600 1601
1600 1640
1600 1646
1600 1744
1600 1751
1601 1602
1601 1646
1601 1651
1601 1751
1601 1757
1602 1603
1602 1651
1602 1655
1602 1757
1602 1762
1603 1604
1603 1655
1603 1658
1603 1762
1603 1766
1604 1605
1604 1658
1604 1660
1604 1766
1604 1769
1605 1606
1605 1660
1605 1661
1605 1769
1605 1771
1606 1607
1606 1661
1606 1726
1606 1771
1607 1608
1607 1661
1607 1662
1607 1716
1608 1609
1608 1659
1608 1661
1608 1715
1608 1716
1609 1610
1609 1656
1609 1659
1609 1713
1609 1715
1610 1611
1610 1652
1610 1656
1610 1710
1610 1713
1611 1612
1611 1647
1611 1652
1611 1706
1611 1710
1612 1613
1612 1641
1612 1647
1612 1701
1612 1706
1613 1614
1613 1634
1613 1641
1613 1695
1613 1701
1614 1615
1614 1626
1614 1634
1614 1688
1614 1695
1615 1616
1615 1617
1615 1626
1615 1680
1615 1688
1616 1617
1616 1680
1617 1618
1617 1626
1618 1619
1618 1626
1618 1627
1619 1620
1619 1627
1619 1628
1620 1621
1620 1628
1620 1629
1621 1622
1621 1629
1621 1630
1622 1623
1622 1630
1622 1631
1623 1624
1623 1631
1623 1632
1624 1625
1624 1632
1624 1633
1625 1633
1626 1627
1626 1634
1627 1628
1627 1634
1627 1635
1628 1629
1628 1635
1628 1636
1629 1630
1629 1636
1629 1637
1630 1631
1630 1637
1630 1638
1631 1632
1631 1638
1631 1639
1632 1633
1632 1639
1632 1640
1633 1640
1634 1635
1634 1641
1635 1636
1635 1641
1635 1642
1636 1637
1636 1642
1636 1643
1637 1638
1637 1643
1637 1644
1638 1639
1638 1644
1638 1645
1639 1640
1639 1645
1639 1646
1640 1646
1641 1642
1641 1647
1642 1643
1642 1647
1642 1648
1643 1644
1643 1648
1643 1649
1644 1645
1644 1649
1644 1650
1645 1646
1645 1650
1645 1651
1646 1651
1647 1648
1647 1652
1648 1649
1648 1652
1648 1653
1649 1650
1649 1653
1649 1654
1650 1651
1650 1654
1650 1655
1651 1655
1652 1653
1652 1656
1653 1654
1653 1656
1653 1657
1654 1655
1654 1657
1654 1658
1655 1658
1656 1657
1656 1659
1657 1658
1657 1659
1657 1660
1658 1660
1659 1660
1659 1661
1660 1661
1662 1663
1662 1716
1662 1845
1663 1664
1663 1714
1663 1716
1663 1844
1663 1845
1664 1665
1664 1711
1664 1714
1664 1843
1664 1844
1665 1666
1665 1707
1665 1711
1665 1842
1665 1843
1666 1667
1666 1702
1666 1707
1666 1841
1666 1842
1667 1668
1667 1696
1667 1702
1667 1840
1667 1841
1668 1669
1668 1689
1668 1696
1668 1839
1668 1840
1669 1670
1669 1681
1669 1689
1669 1838
1669 1839
1670 1671
1670 1672
1670 1681
1670 1837
1670 1838
1671 1672
1671 1836
1671 1837
1672 1673
1672 1681
1673 1674
1673 1681
1673 1682
1674 1675
1674 1682
1674 1683
1675 1676
1675 1683
1675 1684
1676 1677
1676 1684
1676 1685
1677 1678
1677 1685
1677 1686
1678 1679
1678 1686
1678 1687
1679 1680
1679 1687
1679 1688
1680 1688
1681 1682
1681 1689
1682 1683
1682 1689
1682 1690
1683 1684
1683 1690
1683 1691
1684 1685
1684 1691
1684 1692
1685 1686
1685 1692
1685 1693
1686 1687
1686 1693
1686 1694
1687 1688
1687 1694
1687 1695
1688 1695
1689 1690
1689 1696
1690 1691
1690 1696
1690 1697
1691 1692
1691 1697
1691 1698
1692 1693
1692 1698
1692 1699
1693 1694
1693 1699
1693 1700
1694 1695
1694 1700
1694 1701
1695 1701
1696 1697
1696 1702
1697 1698
1697 1702
1697 1703
1698 1699
1698 1703
1698 1704
1699 1700
1699 1704
1699 1705
1700 1701
1700 1705
1700 1706
1701 1706
1702 1703
1702 1707
1703 1704
1703 1707
1703 1708
1704 1705
1704 1708
1704 1709
1705 1706
1705 1709
1705 1710
1706 1710
1707 1708
1707 1711
1708 1709
1708 1711
1708 1712
1709 1710
1709 1712
1709 1713
1710 1713
1711 1712
1711 1714
1712 1713
1712 1714
1712 1715
1713 1715
1714 1715
1714 1716
1715 1716
1717 1718
1717 1735
1717 1772
1717 1790
1718 1719
1718 1735
1718 1743
1718 1789
1718 1790
1719 1720
1719 1743
1719 1750
1719 1788
1719 1789
1720 1721
1720 1750
1720 1756
1720 1787
1720 1788
1721 1722
1721 1756
1721 1761
1721 1786
1721 1787
1722 1723
1722 1761
1722 1765
1722 1785
1722 1786
1723 1724
1723 1765
1723 1768
1723 1784
1723 1785
1724 1725
1724 1768
1724 1770
1724 1783
1724 1784
1725 1726
1725 1770
1725 1771
1725 1782
1725 1783
1726 1771
1726 1782
1727 1728
1727 1736
1728 1729
1728 1736
1728 1737
1729 1730
1729 1737
1729 1738
1730 1731
1730 1738
1730 1739
1731 1732
1731 1739
1731 1740
1732 1733
1732 1740
1732 1741
1733 1734
1733 1741
1733 1742
1734 1735
1734 1742
1734 1743
1735 1743
1736 1737
1736 1744
1737 1738
1737 1744
1737 1745
1738 1739
1738 1745
1738 1746
1739 1740
1739 1746
1739 1747
1740 1741
1740 1747
1740 1748
1741 1742
1741 1748
1741 1749
1742 1743
1742 1749
1742 1750
1743 1750
1744 1745
1744 1751
1745 1746
1745 1751
1745 1752
1746 1747
1746 1752
1746 1753
1747 1748
1747 1753
1747 1754
1748 1749
1748 1754
1748 1755
1749 1750
1749 1755
1749 1756
1750 1756
1751 1752
1751 1757
1752 1753
1752 1757
1752 1758
1753 1754
1753 1758
1753 1759
1754 1755
1754 1759
1754 1760
1755 1756
1755 1760
1755 1761
1756 1761
1757 1758
1757 1762
1758 1759
1758 1762
1758 1763
1759 1760
1759 1763
1759 1764
1760 1761
1760 1764
1760 1765
1761 1765
1762 1763
1762 1766
1763 1764
1763 1766
1763 1767
1764 1765
1764 1767
1764 1768
1765 1768
1766 1767
1766 1769
1767 1768
1767 1769
1767 1770
1768 1770
1769 1770
1769 1771
1770 1771
1772 1773
1772 1790
1773 1774
1773 1790
1773 1798
1774 1775
1774 1798
1774 1805
1775 1776
1775 1805
1775 1811
1776 1777
1776 1811
1776 1816
1777 1778
1777 1816
1777 1820
1778 1779
1778 1820
1778 1823
1779 1780
1779 1823
1779 1825
1780 1781
1780 1825
1780 1826
1781 1826
1782 1783
1782 1791
1783 1784
1783 1791
1783 1792
1784 1785
1784 1792
1784 1793
1785 1786
1785 1793
1785 1794
1786 1787
1786 1794
1786 1795
1787 1788
1787 1795
1787 1796
1788 1789
1788 1796
1788 1797
1789 1790
1789 1797
1789 1798
1790 1798
1791 1792
1791 1799
1792 1793
1792 1799
1792 1800
1793 1794
1793 1800
1793 1801
1794 1795
1794 1801
1794 1802
1795 1796
1795 1802
1795 1803
1796 1797
1796 1803
1796 1804
1797 1798
1797 1804
1797 1805
1798 1805
1799 1800
1799 1806
1800 1801
1800 1806
1800 1807
1801 1802
1801 1807
1801 1808
1802 1803
1802 1808
1802 1809
1803 1804
1803 1809
1803 1810
1804 1805
1804 1810
1804 1811
1805 1811
1806 1807
1806 1812
1807 1808
1807 1812
1807 1813
1808 1809
1808 1813
1808 1814
1809 1810
1809 1814
1809 1815
1810 1811
1810 1815
1810 1816
1811 1816
1812 1813
1812 1817
1813 1814
1813 1817
1813 1818
1814 1815
1814 1818
1814 1819
1815 1816
1815 1819
1815 1820
1816 1820
1817 1818
1817 1821
1818 1819
1818 1821
1818 1822
1819 1820
1819 1822
1819 1823
1820 1823
1821 1822
1821 1824
1822 1823
1822 1824
1822 1825
1823 1825
1824 1825
1824 1826
1825 1826
1827 1828
1827 1881
1828 1829
1828 1879
1828 1881
1829 1830
1829 1876
1829 1879
1830 1831
1830 1872
1830 1876
1831 1832
1831 1867
1831 1872
1832 1833
1832 1861
1832 1867
1833 1834
1833 1854
1833 1861
1834 1835
1834 1846
1834 1854
1835 1836
1835 1837
1835 1846
1836 1837
1837 1838
1837 1846
1838 1839
1838 1846
1838 1847
1839 1840
1839 1847
1839 1848
1840 1841
1840 1848
1840 1849
1841 1842
1841 1849
1841 1850
1842 1843
1842 1850
1842 1851
1843 1844
1843 1851
1843 1852
1844 1845
1844 1852
1844 1853
1845 1853
1846 1847
1846 1854
1847 1848
1847 1854
1847 1855
1848 1849
1848 1855
1848 1856
1849 1850
1849 1856
1849 1857
1850 1851
1850 1857
1850 1858
1851 1852
1851 1858
1851 1859
1852 1853
1852 1859
1852 1860
1853 1860
1854 1855
1854 1861
1855 1856
1855 1861
1855 1862
1856 1857
1856 1862
1856 1863
1857 1858
1857 1863
1857 1864
1858 1859
1858 1864
1858 1865
1859 1860
1859 1865
1859 1866
1860 1866
1861 1862
1861 1867
1862 1863
1862 1867
1862 1868
1863 1864
1863 1868
1863 1869
1864 1865
1864 1869
1864 1870
1865 1866
1865 1870
1865 1871
1866 1871
1867 1868
1867 1872
1868 1869
1868 1872
1868 1873
1869 1870
1869 1873
1869 1874
1870 1871
1870 1874
1870 1875
1871 1875
1872 1873
1872 1876
1873 1874
1873 1876
1873 1877
1874 1875
1874 1877
1874 1878
1875 1878
1876 1877
1876 1879
1877 1878
1877 1879
1877 1880
1878 1880
1879 1880
1879 1881
1880 1881
