2614 7683
0 1
0 38
0 2223
0 2224
0 2302
0 2391
1 2
1 38
1 39
1 2391
1 2470
2 3
2 39
2 40
2 2470
2 2481
3 4
3 40
3 41
3 2481
3 2491
4 5
4 41
4 42
4 2491
4 2500
5 6
5 42
5 43
5 2500
5 2508
6 7
6 43
6 44
6 2508
6 2515
7 8
7 44
7 45
7 2515
7 2521
8 9
8 45
8 46
8 2521
8 2526
9 10
9 46
9 47
9 2526
9 2530
10 11
10 47
10 48
10 2530
10 2533
11 12
11 48
11 49
11 2533
11 2535
12 13
12 14
12 49
12 2469
12 2535
13 14
13 2469
14 15
14 49
15 16
15 49
15 59
16 17
16 59
16 68
17 18
17 68
17 76
18 19
18 76
18 83
19 20
19 83
19 89
20 21
20 89
20 94
21 22
21 94
21 98
22 23
22 98
22 101
23 24
23 101
23 103
24 25
24 103
24 104
25 26
25 27
25 104
26 27
26 2536
27 28
27 104
27 2536
27 2613
28 29
28 102
28 104
28 2612
28 2613
29 30
29 99
29 102
29 2610
29 2612
30 31
30 95
30 99
30 2607
30 2610
31 32
31 90
31 95
31 2603
31 2607
32 33
32 84
32 90
32 2598
32 2603
33 34
33 77
33 84
33 2592
33 2598
34 35
34 69
34 77
34 2585
34 2592
35 36
35 60
35 69
35 2577
35 2585
36 37
36 50
36 60
36 2568
36 2577
37 38
37 39
37 50
37 2558
37 2568
38 39
38 2302
38 2558
39 40
39 50
40 41
40 50
40 51
41 42
41 51
41 52
42 43
42 52
42 53
43 44
43 53
43 54
44 45
44 54
44 55
45 46
45 55
45 56
46 47
46 56
46 57
47 48
47 57
47 58
48 49
48 58
48 59
49 59
50 51
50 60
51 52
51 60
51 61
52 53
52 61
52 62
53 54
53 62
53 63
54 55
54 63
54 64
55 56
55 64
55 65
56 57
56 65
56 66
57 58
57 66
57 67
58 59
58 67
58 68
59 68
60 61
60 69
61 62
61 69
61 70
62 63
62 70
62 71
63 64
63 71
63 72
64 65
64 72
64 73
65 66
65 73
65 74
66 67
66 74
66 75
67 68
67 75
67 76
68 76
69 70
69 77
70 71
70 77
70 78
71 72
71 78
71 79
72 73
72 79
72 80
73 74
73 80
73 81
74 75
74 81
74 82
75 76
75 82
75 83
76 83
77 78
77 84
78 79
78 84
78 85
79 80
79 85
79 86
80 81
80 86
80 87
81 82
81 87
81 88
82 83
82 88
82 89
83 89
84 85
84 90
85 86
85 90
85 91
86 87
86 91
86 92
87 88
87 92
87 93
88 89
88 93
88 94
89 94
90 91
90 95
91 92
91 95
91 96
92 93
92 96
92 97
93 94
93 97
93 98
94 98
95 96
95 99
96 97
96 99
96 100
97 98
97 100
97 101
98 101
99 100
99 102
100 101
100 102
100 103
101 103
102 103
102 104
103 104
105 106
105 143
105 1378
106 107
106 143
106 144
107 108
107 144
107 145
108 109
108 145
108 146
109 110
109 146
109 147
110 111
110 147
110 148
111 112
111 148
111 149
112 113
112 149
112 150
113 114
113 150
113 151
114 115
114 151
114 152
115 116
115 152
115 153
116 117
116 153
116 154
117 118
117 119
117 154
118 119
118 210
118 301
118 392
119 120
119 154
119 210
119 235
120 121
120 154
120 164
120 235
120 246
121 122
121 164
121 173
121 246
121 256
122 123
122 173
122 181
122 256
122 265
123 124
123 181
123 188
123 265
123 273
124 125
124 188
124 194
124 273
124 280
125 126
125 194
125 199
125 280
125 286
126 127
126 199
126 203
126 286
126 291
127 128
127 203
127 206
127 291
127 295
128 129
128 206
128 208
128 295
128 298
129 130
129 208
129 209
129 298
129 300
130 131
130 132
130 209
130 234
130 300
131 132
131 234
131 1196
131 1287
131 1354
132 133
132 209
132 1354
132 1389
133 134
133 207
133 209
133 1388
133 1389
134 135
134 204
134 207
134 1387
134 1388
135 136
135 200
135 204
135 1386
135 1387
136 137
136 195
136 200
136 1385
136 1386
137 138
137 189
137 195
137 1384
137 1385
138 139
138 182
138 189
138 1383
138 1384
139 140
139 174
139 182
139 1382
139 1383
140 141
140 165
140 174
140 1381
140 1382
141 142
141 155
141 165
141 1380
141 1381
142 143
142 144
142 155
142 1379
142 1380
143 144
143 1378
143 1379
144 145
144 155
145 146
145 155
145 156
146 147
146 156
146 157
147 148
147 157
147 158
148 149
148 158
148 159
149 150
149 159
149 160
150 151
150 160
150 161
151 152
151 161
151 162
152 153
152 162
152 163
153 154
153 163
153 164
154 164
155 156
155 165
156 157
156 165
156 166
157 158
157 166
157 167
158 159
158 167
158 168
159 160
159 168
159 169
160 161
160 169
160 170
161 162
161 170
161 171
162 163
162 171
162 172
163 164
163 172
163 173
164 173
165 166
165 174
166 167
166 174
166 175
167 168
167 175
167 176
168 169
168 176
168 177
169 170
169 177
169 178
170 171
170 178
170 179
171 172
171 179
171 180
172 173
172 180
172 181
173 181
174 175
174 182
175 176
175 182
175 183
176 177
176 183
176 184
177 178
177 184
177 185
178 179
178 185
178 186
179 180
179 186
179 187
180 181
180 187
180 188
181 188
182 183
182 189
183 184
183 189
183 190
184 185
184 190
184 191
185 186
185 191
185 192
186 187
186 192
186 193
187 188
187 193
187 194
188 194
189 190
189 195
190 191
190 195
190 196
191 192
191 196
191 197
192 193
192 197
192 198
193 194
193 198
193 199
194 199
195 196
195 200
196 197
196 200
196 201
197 198
197 201
197 202
198 199
198 202
198 203
199 203
200 201
200 204
201 202
201 204
201 205
202 203
202 205
202 206
203 206
204 205
204 207
205 206
205 207
205 208
206 208
207 208
207 209
208 209
210 211
210 235
210 301
210 326
211 212
211 235
211 236
211 326
211 337
212 213
212 236
212 237
212 337
212 347
213 214
213 237
213 238
213 347
213 356
214 215
214 238
214 239
214 356
214 364
215 216
215 239
215 240
215 364
215 371
216 217
216 240
216 241
216 371
216 377
217 218
217 241
217 242
217 377
217 382
218 219
218 242
218 243
218 382
218 386
219 220
219 243
219 244
219 386
219 389
220 221
220 244
220 245
220 389
220 391
221 222
221 223
221 245
221 325
221 391
222 223
222 325
222 767
222 1027
222 1118
223 224
223 245
223 1118
223 1207
224 225
224 245
224 255
224 1206
224 1207
225 226
225 255
225 264
225 1205
225 1206
226 227
226 264
226 272
226 1204
226 1205
227 228
227 272
227 279
227 1203
227 1204
228 229
228 279
228 285
228 1202
228 1203
229 230
229 285
229 290
229 1201
229 1202
230 231
230 290
230 294
230 1200
230 1201
231 232
231 294
231 297
231 1199
231 1200
232 233
232 297
232 299
232 1198
232 1199
233 234
233 299
233 300
233 1197
233 1198
234 300
234 1196
234 1197
235 236
235 246
236 237
236 246
236 247
237 238
237 247
237 248
238 239
238 248
238 249
239 240
239 249
239 250
240 241
240 250
240 251
241 242
241 251
241 252
242 243
242 252
242 253
243 244
243 253
243 254
244 245
244 254
244 255
245 255
246 247
246 256
247 248
247 256
247 257
248 249
248 257
248 258
249 250
249 258
249 259
250 251
250 259
250 260
251 252
251 260
251 261
252 253
252 261
252 262
253 254
253 262
253 263
254 255
254 263
254 264
255 264
256 257
256 265
257 258
257 265
257 266
258 259
258 266
258 267
259 260
259 267
259 268
260 261
260 268
260 269
261 262
261 269
261 270
262 263
262 270
262 271
263 264
263 271
263 272
264 272
265 266
265 273
266 267
266 273
266 274
267 268
267 274
267 275
268 269
268 275
268 276
269 270
269 276
269 277
270 271
270 277
270 278
271 272
271 278
271 279
272 279
273 274
273 280
274 275
274 280
274 281
275 276
275 281
275 282
276 277
276 282
276 283
277 278
277 283
277 284
278 279
278 284
278 285
279 285
280 281
280 286
281 282
281 286
281 287
282 283
282 287
282 288
283 284
283 288
283 289
284 285
284 289
284 290
285 290
286 287
286 291
287 288
287 291
287 292
288 289
288 292
288 293
289 290
289 293
289 294
290 294
291 292
291 295
292 293
292 295
292 296
293 294
293 296
293 297
294 297
295 296
295 298
296 297
296 298
296 299
297 299
298 299
298 300
299 300
301 302
301 326
301 392
301 417
302 303
302 326
302 327
302 417
302 428
303 304
303 327
303 328
303 428
303 438
304 305
304 328
304 329
304 438
304 447
305 306
305 329
305 330
305 447
305 455
306 307
306 330
306 331
306 455
306 462
307 308
307 331
307 332
307 462
307 468
308 309
308 332
308 333
308 468
308 473
309 310
309 333
309 334
309 473
309 477
310 311
310 334
310 335
310 477
310 480
311 312
311 335
311 336
311 480
311 482
312 313
312 314
312 336
312 416
312 482
313 314
313 416
313 507
313 598
313 689
314 315
314 336
314 689
314 768
315 316
315 336
315 346
315 768
315 779
316 317
316 346
316 355
316 779
316 789
317 318
317 355
317 363
317 789
317 798
318 319
318 363
318 370
318 798
318 806
319 320
319 370
319 376
319 806
319 813
320 321
320 376
320 381
320 813
320 819
321 322
321 381
321 385
321 819
321 824
322 323
322 385
322 388
322 824
322 828
323 324
323 388
323 390
323 828
323 831
324 325
324 390
324 391
324 831
324 833
325 391
325 767
325 833
326 327
326 337
327 328
327 337
327 338
328 329
328 338
328 339
329 330
329 339
329 340
330 331
330 340
330 341
331 332
331 341
331 342
332 333
332 342
332 343
333 334
333 343
333 344
334 335
334 344
334 345
335 336
335 345
335 346
336 346
337 338
337 347
338 339
338 347
338 348
339 340
339 348
339 349
340 341
340 349
340 350
341 342
341 350
341 351
342 343
342 351
342 352
343 344
343 352
343 353
344 345
344 353
344 354
345 346
345 354
345 355
346 355
347 348
347 356
348 349
348 356
348 357
349 350
349 357
349 358
350 351
350 358
350 359
351 352
351 359
351 360
352 353
352 360
352 361
353 354
353 361
353 362
354 355
354 362
354 363
355 363
356 357
356 364
357 358
357 364
357 365
358 359
358 365
358 366
359 360
359 366
359 367
360 361
360 367
360 368
361 362
361 368
361 369
362 363
362 369
362 370
363 370
364 365
364 371
365 366
365 371
365 372
366 367
366 372
366 373
367 368
367 373
367 374
368 369
368 374
368 375
369 370
369 375
369 376
370 376
371 372
371 377
372 373
372 377
372 378
373 374
373 378
373 379
374 375
374 379
374 380
375 376
375 380
375 381
376 381
377 378
377 382
378 379
378 382
378 383
379 380
379 383
379 384
380 381
380 384
380 385
381 385
382 383
382 386
383 384
383 386
383 387
384 385
384 387
384 388
385 388
386 387
386 389
387 388
387 389
387 390
388 390
389 390
389 391
390 391
392 393
392 417
393 394
393 417
393 418
394 395
394 418
394 419
395 396
395 419
395 420
396 397
396 420
396 421
397 398
397 421
397 422
398 399
398 422
398 423
399 400
399 423
399 424
400 401
400 424
400 425
401 402
401 425
401 426
402 403
402 426
402 427
403 404
403 405
403 427
404 405
404 483
405 406
405 427
405 483
405 508
406 407
406 427
406 437
406 508
406 519
407 408
407 437
407 446
407 519
407 529
408 409
408 446
408 454
408 529
408 538
409 410
409 454
409 461
409 538
409 546
410 411
410 461
410 467
410 546
410 553
411 412
411 467
411 472
411 553
411 559
412 413
412 472
412 476
412 559
412 564
413 414
413 476
413 479
413 564
413 568
414 415
414 479
414 481
414 568
414 571
415 416
415 481
415 482
415 571
415 573
416 482
416 507
416 573
417 418
417 428
418 419
418 428
418 429
419 420
419 429
419 430
420 421
420 430
420 431
421 422
421 431
421 432
422 423
422 432
422 433
423 424
423 433
423 434
424 425
424 434
424 435
425 426
425 435
425 436
426 427
426 436
426 437
427 437
428 429
428 438
429 430
429 438
429 439
430 431
430 439
430 440
431 432
431 440
431 441
432 433
432 441
432 442
433 434
433 442
433 443
434 435
434 443
434 444
435 436
435 444
435 445
436 437
436 445
436 446
437 446
438 439
438 447
439 440
439 447
439 448
440 441
440 448
440 449
441 442
441 449
441 450
442 443
442 450
442 451
443 444
443 451
443 452
444 445
444 452
444 453
445 446
445 453
445 454
446 454
447 448
447 455
448 449
448 455
448 456
449 450
449 456
449 457
450 451
450 457
450 458
451 452
451 458
451 459
452 453
452 459
452 460
453 454
453 460
453 461
454 461
455 456
455 462
456 457
456 462
456 463
457 458
457 463
457 464
458 459
458 464
458 465
459 460
459 465
459 466
460 461
460 466
460 467
461 467
462 463
462 468
463 464
463 468
463 469
464 465
464 469
464 470
465 466
465 470
465 471
466 467
466 471
466 472
467 472
468 469
468 473
469 470
469 473
469 474
470 471
470 474
470 475
471 472
471 475
471 476
472 476
473 474
473 477
474 475
474 477
474 478
475 476
475 478
475 479
476 479
477 478
477 480
478 479
478 480
478 481
479 481
480 481
480 482
481 482
483 484
483 508
484 485
484 508
484 509
485 486
485 509
485 510
486 487
486 510
486 511
487 488
487 511
487 512
488 489
488 512
488 513
489 490
489 513
489 514
490 491
490 514
490 515
491 492
491 515
491 516
492 493
492 516
492 517
493 494
493 517
493 518
494 495
494 496
494 518
495 496
495 574
496 497
496 518
496 574
496 609
497 498
497 518
497 528
497 608
497 609
498 499
498 528
498 537
498 607
498 608
499 500
499 537
499 545
499 606
499 607
500 501
500 545
500 552
500 605
500 606
501 502
501 552
501 558
501 604
501 605
502 503
502 558
502 563
502 603
502 604
503 504
503 563
503 567
503 602
503 603
504 505
504 567
504 570
504 601
504 602
505 506
505 570
505 572
505 600
505 601
506 507
506 572
506 573
506 599
506 600
507 573
507 598
507 599
508 509
508 519
509 510
509 519
509 520
510 511
510 520
510 521
511 512
511 521
511 522
512 513
512 522
512 523
513 514
513 523
513 524
514 515
514 524
514 525
515 516
515 525
515 526
516 517
516 526
516 527
517 518
517 527
517 528
518 528
519 520
519 529
520 521
520 529
520 530
521 522
521 530
521 531
522 523
522 531
522 532
523 524
523 532
523 533
524 525
524 533
524 534
525 526
525 534
525 535
526 527
526 535
526 536
527 528
527 536
527 537
528 537
529 530
529 538
530 531
530 538
530 539
531 532
531 539
531 540
532 533
532 540
532 541
533 534
533 541
533 542
534 535
534 542
534 543
535 536
535 543
535 544
536 537
536 544
536 545
537 545
538 539
538 546
539 540
539 546
539 547
540 541
540 547
540 548
541 542
541 548
541 549
542 543
542 549
542 550
543 544
543 550
543 551
544 545
544 551
544 552
545 552
546 547
546 553
547 548
547 553
547 554
548 549
548 554
548 555
549 550
549 555
549 556
550 551
550 556
550 557
551 552
551 557
551 558
552 558
553 554
553 559
554 555
554 559
554 560
555 556
555 560
555 561
556 557
556 561
556 562
557 558
557 562
557 563
558 563
559 560
559 564
560 561
560 564
560 565
561 562
561 565
561 566
562 563
562 566
562 567
563 567
564 565
564 568
565 566
565 568
565 569
566 567
566 569
566 570
567 570
568 569
568 571
569 570
569 571
569 572
570 572
571 572
571 573
572 573
574 575
574 609
575 576
575 609
575 619
576 577
576 619
576 628
577 578
577 628
577 636
578 579
578 636
578 643
579 580
579 643
579 649
580 581
580 649
580 654
581 582
581 654
581 658
582 583
582 658
582 661
583 584
583 661
583 663
584 585
584 663
584 664
585 586
585 587
585 664
586 587
586 665
586 834
587 588
587 664
587 665
587 700
588 589
588 662
588 664
588 699
588 700
589 590
589 659
589 662
589 698
589 699
590 591
590 655
590 659
590 697
590 698
591 592
591 650
591 655
591 696
591 697
592 593
592 644
592 650
592 695
592 696
593 594
593 637
593 644
593 694
593 695
594 595
594 629
594 637
594 693
594 694
595 596
595 620
595 629
595 692
595 693
596 597
596 610
596 620
596 691
596 692
597 598
597 599
597 610
597 690
597 691
598 599
598 689
598 690
599 600
599 610
600 601
600 610
600 611
601 602
601 611
601 612
602 603
602 612
602 613
603 604
603 613
603 614
604 605
604 614
604 615
605 606
605 615
605 616
606 607
606 616
606 617
607 608
607 617
607 618
608 609
608 618
608 619
609 619
610 611
610 620
611 612
611 620
611 621
612 613
612 621
612 622
613 614
613 622
613 623
614 615
614 623
614 624
615 616
615 624
615 625
616 617
616 625
616 626
617 618
617 626
617 627
618 619
618 627
618 628
619 628
620 621
620 629
621 622
621 629
621 630
622 623
622 630
622 631
623 624
623 631
623 632
624 625
624 632
624 633
625 626
625 633
625 634
626 627
626 634
626 635
627 628
627 635
627 636
628 636
629 630
629 637
630 631
630 637
630 638
631 632
631 638
631 639
632 633
632 639
632 640
633 634
633 640
633 641
634 635
634 641
634 642
635 636
635 642
635 643
636 643
637 638
637 644
638 639
638 644
638 645
639 640
639 645
639 646
640 641
640 646
640 647
641 642
641 647
641 648
642 643
642 648
642 649
643 649
644 645
644 650
645 646
645 650
645 651
646 647
646 651
646 652
647 648
647 652
647 653
648 649
648 653
648 654
649 654
650 651
650 655
651 652
651 655
651 656
652 653
652 656
652 657
653 654
653 657
653 658
654 658
655 656
655 659
656 657
656 659
656 660
657 658
657 660
657 661
658 661
659 660
659 662
660 661
660 662
660 663
661 663
662 663
662 664
663 664
665 666
665 700
665 834
665 869
666 667
666 700
666 710
666 868
666 869
667 668
667 710
667 719
667 867
667 868
668 669
668 719
668 727
668 866
668 867
669 670
669 727
669 734
669 865
669 866
670 671
670 734
670 740
670 864
670 865
671 672
671 740
671 745
671 863
671 864
672 673
672 745
672 749
672 862
672 863
673 674
673 749
673 752
673 861
673 862
674 675
674 752
674 754
674 860
674 861
675 676
675 754
675 755
675 859
675 860
676 677
676 678
676 755
676 858
676 859
677 678
677 756
677 858
677 949
678 679
678 755
678 756
678 778
679 680
679 753
679 755
679 777
679 778
680 681
680 750
680 753
680 776
680 777
681 682
681 746
681 750
681 775
681 776
682 683
682 741
682 746
682 774
682 775
683 684
683 735
683 741
683 773
683 774
684 685
684 728
684 735
684 772
684 773
685 686
685 720
685 728
685 771
685 772
686 687
686 711
686 720
686 770
686 771
687 688
687 701
687 711
687 769
687 770
688 689
688 690
688 701
688 768
688 769
689 690
689 768
690 691
690 701
691 692
691 701
691 702
692 693
692 702
692 703
693 694
693 703
693 704
694 695
694 704
694 705
695 696
695 705
695 706
696 697
696 706
696 707
697 698
697 707
697 708
698 699
698 708
698 709
699 700
699 709
699 710
700 710
701 702
701 711
702 703
702 711
702 712
703 704
703 712
703 713
704 705
704 713
704 714
705 706
705 714
705 715
706 707
706 715
706 716
707 708
707 716
707 717
708 709
708 717
708 718
709 710
709 718
709 719
710 719
711 712
711 720
712 713
712 720
712 721
713 714
713 721
713 722
714 715
714 722
714 723
715 716
715 723
715 724
716 717
716 724
716 725
717 718
717 725
717 726
718 719
718 726
718 727
719 727
720 721
720 728
721 722
721 728
721 729
722 723
722 729
722 730
723 724
723 730
723 731
724 725
724 731
724 732
725 726
725 732
725 733
726 727
726 733
726 734
727 734
728 729
728 735
729 730
729 735
729 736
730 731
730 736
730 737
731 732
731 737
731 738
732 733
732 738
732 739
733 734
733 739
733 740
734 740
735 736
735 741
736 737
736 741
736 742
737 738
737 742
737 743
738 739
738 743
738 744
739 740
739 744
739 745
740 745
741 742
741 746
742 743
742 746
742 747
743 744
743 747
743 748
744 745
744 748
744 749
745 749
746 747
746 750
747 748
747 750
747 751
748 749
748 751
748 752
749 752
750 751
750 753
751 752
751 753
751 754
752 754
753 754
753 755
754 755
756 757
756 778
756 949
756 1038
757 758
757 778
757 788
757 1037
757 1038
758 759
758 788
758 797
758 1036
758 1037
759 760
759 797
759 805
759 1035
759 1036
760 761
760 805
760 812
760 1034
760 1035
761 762
761 812
761 818
761 1033
761 1034
762 763
762 818
762 823
762 1032
762 1033
763 764
763 823
763 827
763 1031
763 1032
764 765
764 827
764 830
764 1030
764 1031
765 766
765 830
765 832
765 1029
765 1030
766 767
766 832
766 833
766 1028
766 1029
767 833
767 1027
767 1028
768 769
768 779
769 770
769 779
769 780
770 771
770 780
770 781
771 772
771 781
771 782
772 773
772 782
772 783
773 774
773 783
773 784
774 775
774 784
774 785
775 776
775 785
775 786
776 777
776 786
776 787
777 778
777 787
777 788
778 788
779 780
779 789
780 781
780 789
780 790
781 782
781 790
781 791
782 783
782 791
782 792
783 784
783 792
783 793
784 785
784 793
784 794
785 786
785 794
785 795
786 787
786 795
786 796
787 788
787 796
787 797
788 797
789 790
789 798
790 791
790 798
790 799
791 792
791 799
791 800
792 793
792 800
792 801
793 794
793 801
793 802
794 795
794 802
794 803
795 796
795 803
795 804
796 797
796 804
796 805
797 805
798 799
798 806
799 800
799 806
799 807
800 801
800 807
800 808
801 802
801 808
801 809
802 803
802 809
802 810
803 804
803 810
803 811
804 805
804 811
804 812
805 812
806 807
806 813
807 808
807 813
807 814
808 809
808 814
808 815
809 810
809 815
809 816
810 811
810 816
810 817
811 812
811 817
811 818
812 818
813 814
813 819
814 815
814 819
814 820
815 816
815 820
815 821
816 817
816 821
816 822
817 818
817 822
817 823
818 823
819 820
819 824
820 821
820 824
820 825
821 822
821 825
821 826
822 823
822 826
822 827
823 827
824 825
824 828
825 826
825 828
825 829
826 827
826 829
826 830
827 830
828 829
828 831
829 830
829 831
829 832
830 832
831 832
831 833
832 833
834 835
834 869
835 836
835 869
835 879
836 837
836 879
836 888
837 838
837 888
837 896
838 839
838 896
838 903
839 840
839 903
839 909
840 841
840 909
840 914
841 842
841 914
841 918
842 843
842 918
842 921
843 844
843 921
843 923
844 845
844 923
844 924
845 846
845 847
845 924
846 847
846 925
846 1783
847 848
847 924
847 925
847 960
848 849
848 922
848 924
848 959
848 960
849 850
849 919
849 922
849 958
849 959
850 851
850 915
850 919
850 957
850 958
851 852
851 910
851 915
851 956
851 957
852 853
852 904
852 910
852 955
852 956
853 854
853 897
853 904
853 954
853 955
854 855
854 889
854 897
854 953
854 954
855 856
855 880
855 889
855 952
855 953
856 857
856 870
856 880
856 951
856 952
857 858
857 859
857 870
857 950
857 951
858 859
858 949
858 950
859 860
859 870
860 861
860 870
860 871
861 862
861 871
861 872
862 863
862 872
862 873
863 864
863 873
863 874
864 865
864 874
864 875
865 866
865 875
865 876
866 867
866 876
866 877
867 868
867 877
867 878
868 869
868 878
868 879
869 879
870 871
870 880
871 872
871 880
871 881
872 873
872 881
872 882
873 874
873 882
873 883
874 875
874 883
874 884
875 876
875 884
875 885
876 877
876 885
876 886
877 878
877 886
877 887
878 879
878 887
878 888
879 888
880 881
880 889
881 882
881 889
881 890
882 883
882 890
882 891
883 884
883 891
883 892
884 885
884 892
884 893
885 886
885 893
885 894
886 887
886 894
886 895
887 888
887 895
887 896
888 896
889 890
889 897
890 891
890 897
890 898
891 892
891 898
891 899
892 893
892 899
892 900
893 894
893 900
893 901
894 895
894 901
894 902
895 896
895 902
895 903
896 903
897 898
897 904
898 899
898 904
898 905
899 900
899 905
899 906
900 901
900 906
900 907
901 902
901 907
901 908
902 903
902 908
902 909
903 909
904 905
904 910
905 906
905 910
905 911
906 907
906 911
906 912
907 908
907 912
907 913
908 909
908 913
908 914
909 914
910 911
910 915
911 912
911 915
911 916
912 913
912 916
912 917
913 914
913 917
913 918
914 918
915 916
915 919
916 917
916 919
916 920
917 918
917 920
917 921
918 921
919 920
919 922
920 921
920 922
920 923
921 923
922 923
922 924
923 924
925 926
925 960
925 1783
925 1805
926 927
926 960
926 970
926 1804
926 1805
927 928
927 970
927 979
927 1803
927 1804
928 929
928 979
928 987
928 1802
928 1803
929 930
929 987
929 994
929 1801
929 1802
930 931
930 994
930 1000
930 1800
930 1801
931 932
931 1000
931 1005
931 1799
931 1800
932 933
932 1005
932 1009
932 1798
932 1799
933 934
933 1009
933 1012
933 1797
933 1798
934 935
934 1012
934 1014
934 1796
934 1797
935 936
935 1014
935 1015
935 1795
935 1796
936 937
936 938
936 1015
936 1692
936 1795
937 938
937 1016
937 1094
937 1614
937 1692
938 939
938 1015
938 1016
938 1093
939 940
939 1013
939 1015
939 1092
939 1093
940 941
940 1010
940 1013
940 1090
940 1092
941 942
941 1006
941 1010
941 1087
941 1090
942 943
942 1001
942 1006
942 1083
942 1087
943 944
943 995
943 1001
943 1078
943 1083
944 945
944 988
944 995
944 1072
944 1078
945 946
945 980
945 988
945 1065
945 1072
946 947
946 971
946 980
946 1057
946 1065
947 948
947 961
947 971
947 1048
947 1057
948 949
948 950
948 961
948 1038
948 1048
949 950
949 1038
950 951
950 961
951 952
951 961
951 962
952 953
952 962
952 963
953 954
953 963
953 964
954 955
954 964
954 965
955 956
955 965
955 966
956 957
956 966
956 967
957 958
957 967
957 968
958 959
958 968
958 969
959 960
959 969
959 970
960 970
961 962
961 971
962 963
962 971
962 972
963 964
963 972
963 973
964 965
964 973
964 974
965 966
965 974
965 975
966 967
966 975
966 976
967 968
967 976
967 977
968 969
968 977
968 978
969 970
969 978
969 979
970 979
971 972
971 980
972 973
972 980
972 981
973 974
973 981
973 982
974 975
974 982
974 983
975 976
975 983
975 984
976 977
976 984
976 985
977 978
977 985
977 986
978 979
978 986
978 987
979 987
980 981
980 988
981 982
981 988
981 989
982 983
982 989
982 990
983 984
983 990
983 991
984 985
984 991
984 992
985 986
985 992
985 993
986 987
986 993
986 994
987 994
988 989
988 995
989 990
989 995
989 996
990 991
990 996
990 997
991 992
991 997
991 998
992 993
992 998
992 999
993 994
993 999
993 1000
994 1000
995 996
995 1001
996 997
996 1001
996 1002
997 998
997 1002
997 1003
998 999
998 1003
998 1004
999 1000
999 1004
999 1005
1000 1005
1001 1002
1001 1006
1002 1003
1002 1006
1002 1007
1003 1004
1003 1007
1003 1008
1004 1005
1004 1008
1004 1009
1005 1009
1006 1007
1006 1010
1007 1008
1007 1010
1007 1011
1008 1009
1008 1011
1008 1012
1009 1012
1010 1011
1010 1013
1011 1012
1011 1013
1011 1014
1012 1014
1013 1014
1013 1015
1014 1015
1016 1017
1016 1093
1016 1094
1016 1129
1017 1018
1017 1091
1017 1093
1017 1128
1017 1129
1018 1019
1018 1088
1018 1091
1018 1127
1018 1128
1019 1020
1019 1084
1019 1088
1019 1126
1019 1127
1020 1021
1020 1079
1020 1084
1020 1125
1020 1126
1021 1022
1021 1073
1021 1079
1021 1124
1021 1125
1022 1023
1022 1066
1022 1073
1022 1123
1022 1124
1023 1024
1023 1058
1023 1066
1023 1122
1023 1123
1024 1025
1024 1049
1024 1058
1024 1121
1024 1122
1025 1026
1025 1039
1025 1049
1025 1120
1025 1121
1026 1027
1026 1028
1026 1039
1026 1119
1026 1120
1027 1028
1027 1118
1027 1119
1028 1029
1028 1039
1029 1030
1029 1039
1029 1040
1030 1031
1030 1040
1030 1041
1031 1032
1031 1041
1031 1042
1032 1033
1032 1042
1032 1043
1033 1034
1033 1043
1033 1044
1034 1035
1034 1044
1034 1045
1035 1036
1035 1045
1035 1046
1036 1037
1036 1046
1036 1047
1037 1038
1037 1047
1037 1048
1038 1048
1039 1040
1039 1049
1040 1041
1040 1049
1040 1050
1041 1042
1041 1050
1041 1051
1042 1043
1042 1051
1042 1052
1043 1044
1043 1052
1043 1053
1044 1045
1044 1053
1044 1054
1045 1046
1045 1054
1045 1055
1046 1047
1046 1055
1046 1056
1047 1048
1047 1056
1047 1057
1048 1057
1049 1050
1049 1058
1050 1051
1050 1058
1050 1059
1051 1052
1051 1059
1051 1060
1052 1053
1052 1060
1052 1061
1053 1054
1053 1061
1053 1062
1054 1055
1054 1062
1054 1063
1055 1056
1055 1063
1055 1064
1056 1057
1056 1064
1056 1065
1057 1065
1058 1059
1058 1066
1059 1060
1059 1066
1059 1067
1060 1061
1060 1067
1060 1068
1061 1062
1061 1068
1061 1069
1062 1063
1062 1069
1062 1070
1063 1064
1063 1070
1063 1071
1064 1065
1064 1071
1064 1072
1065 1072
1066 1067
1066 1073
1067 1068
1067 1073
1067 1074
1068 1069
1068 1074
1068 1075
1069 1070
1069 1075
1069 1076
1070 1071
1070 1076
1070 1077
1071 1072
1071 1077
1071 1078
1072 1078
1073 1074
1073 1079
1074 1075
1074 1079
1074 1080
1075 1076
1075 1080
1075 1081
1076 1077
1076 1081
1076 1082
1077 1078
1077 1082
1077 1083
1078 1083
1079 1080
1079 1084
1080 1081
1080 1084
1080 1085
1081 1082
1081 1085
1081 1086
1082 1083
1082 1086
1082 1087
1083 1087
1084 1085
1084 1088
1085 1086
1085 1088
1085 1089
1086 1087
1086 1089
1086 1090
1087 1090
1088 1089
1088 1091
1089 1090
1089 1091
1089 1092
1090 1092
1091 1092
1091 1093
1092 1093
1094 1095
1094 1129
1094 1614
1094 1636
1095 1096
1095 1129
1095 1139
1095 1635
1095 1636
1096 1097
1096 1139
1096 1148
1096 1634
1096 1635
1097 1098
1097 1148
1097 1156
1097 1633
1097 1634
1098 1099
1098 1156
1098 1163
1098 1632
1098 1633
1099 1100
1099 1163
1099 1169
1099 1631
1099 1632
1100 1101
1100 1169
1100 1174
1100 1630
1100 1631
1101 1102
1101 1174
1101 1178
1101 1629
1101 1630
1102 1103
1102 1178
1102 1181
1102 1628
1102 1629
1103 1104
1103 1181
1103 1183
1103 1627
1103 1628
1104 1105
1104 1183
1104 1184
1104 1626
1104 1627
1105 1106
1105 1107
1105 1184
1105 1523
1105 1626
1106 1107
1106 1185
1106 1263
1106 1523
1107 1108
1107 1184
1107 1185
1107 1262
1108 1109
1108 1182
1108 1184
1108 1261
1108 1262
1109 1110
1109 1179
1109 1182
1109 1259
1109 1261
1110 1111
1110 1175
1110 1179
1110 1256
1110 1259
1111 1112
1111 1170
1111 1175
1111 1252
1111 1256
1112 1113
1112 1164
1112 1170
1112 1247
1112 1252
1113 1114
1113 1157
1113 1164
1113 1241
1113 1247
1114 1115
1114 1149
1114 1157
1114 1234
1114 1241
1115 1116
1115 1140
1115 1149
1115 1226
1115 1234
1116 1117
1116 1130
1116 1140
1116 1217
1116 1226
1117 1118
1117 1119
1117 1130
1117 1207
1117 1217
1118 1119
1118 1207
1119 1120
1119 1130
1120 1121
1120 1130
1120 1131
1121 1122
1121 1131
1121 1132
1122 1123
1122 1132
1122 1133
1123 1124
1123 1133
1123 1134
1124 1125
1124 1134
1124 1135
1125 1126
1125 1135
1125 1136
1126 1127
1126 1136
1126 1137
1127 1128
1127 1137
1127 1138
1128 1129
1128 1138
1128 1139
1129 1139
1130 1131
1130 1140
1131 1132
1131 1140
1131 1141
1132 1133
1132 1141
1132 1142
1133 1134
1133 1142
1133 1143
1134 1135
1134 1143
1134 1144
1135 1136
1135 1144
1135 1145
1136 1137
1136 1145
1136 1146
1137 1138
1137 1146
1137 1147
1138 1139
1138 1147
1138 1148
1139 1148
1140 1141
1140 1149
1141 1142
1141 1149
1141 1150
1142 1143
1142 1150
1142 1151
1143 1144
1143 1151
1143 1152
1144 1145
1144 1152
1144 1153
1145 1146
1145 1153
1145 1154
1146 1147
1146 1154
1146 1155
1147 1148
1147 1155
1147 1156
1148 1156
1149 1150
1149 1157
1150 1151
1150 1157
1150 1158
1151 1152
1151 1158
1151 1159
1152 1153
1152 1159
1152 1160
1153 1154
1153 1160
1153 1161
1154 1155
1154 1161
1154 1162
1155 1156
1155 1162
1155 1163
1156 1163
1157 1158
1157 1164
1158 1159
1158 1164
1158 1165
1159 1160
1159 1165
1159 1166
1160 1161
1160 1166
1160 1167
1161 1162
1161 1167
1161 1168
1162 1163
1162 1168
1162 1169
1163 1169
1164 1165
1164 1170
1165 1166
1165 1170
1165 1171
1166 1167
1166 1171
1166 1172
1167 1168
1167 1172
1167 1173
1168 1169
1168 1173
1168 1174
1169 1174
1170 1171
1170 1175
1171 1172
1171 1175
1171 1176
1172 1173
1172 1176
1172 1177
1173 1174
1173 1177
1173 1178
1174 1178
1175 1176
1175 1179
1176 1177
1176 1179
1176 1180
1177 1178
1177 1180
1177 1181
1178 1181
1179 1180
1179 1182
1180 1181
1180 1182
1180 1183
1181 1183
1182 1183
1182 1184
1183 1184
1185 1186
1185 1262
1185 1263
1185 1298
1186 1187
1186 1260
1186 1262
1186 1297
1186 1298
1187 1188
1187 1257
1187 1260
1187 1296
1187 1297
1188 1189
1188 1253
1188 1257
1188 1295
1188 1296
1189 1190
1189 1248
1189 1253
1189 1294
1189 1295
1190 1191
1190 1242
1190 1248
1190 1293
1190 1294
1191 1192
1191 1235
1191 1242
1191 1292
1191 1293
1192 1193
1192 1227
1192 1235
1192 1291
1192 1292
1193 1194
1193 1218
1193 1227
1193 1290
1193 1291
1194 1195
1194 1208
1194 1218
1194 1289
1194 1290
1195 1196
1195 1197
1195 1208
1195 1288
1195 1289
1196 1197
1196 1287
1196 1288
1197 1198
1197 1208
1198 1199
1198 1208
1198 1209
1199 1200
1199 1209
1199 1210
1200 1201
1200 1210
1200 1211
1201 1202
1201 1211
1201 1212
1202 1203
1202 1212
1202 1213
1203 1204
1203 1213
1203 1214
1204 1205
1204 1214
1204 1215
1205 1206
1205 1215
1205 1216
1206 1207
1206 1216
1206 1217
1207 1217
1208 1209
1208 1218
1209 1210
1209 1218
1209 1219
1210 1211
1210 1219
1210 1220
1211 1212
1211 1220
1211 1221
1212 1213
1212 1221
1212 1222
1213 1214
1213 1222
1213 1223
1214 1215
1214 1223
1214 1224
1215 1216
1215 1224
1215 1225
1216 1217
1216 1225
1216 1226
1217 1226
1218 1219
1218 1227
1219 1220
1219 1227
1219 1228
1220 1221
1220 1228
1220 1229
1221 1222
1221 1229
1221 1230
1222 1223
1222 1230
1222 1231
1223 1224
1223 1231
1223 1232
1224 1225
1224 1232
1224 1233
1225 1226
1225 1233
1225 1234
1226 1234
1227 1228
1227 1235
1228 1229
1228 1235
1228 1236
1229 1230
1229 1236
1229 1237
1230 1231
1230 1237
1230 1238
1231 1232
1231 1238
1231 1239
1232 1233
1232 1239
1232 1240
1233 1234
1233 1240
1233 1241
1234 1241
1235 1236
1235 1242
1236 1237
1236 1242
1236 1243
1237 1238
1237 1243
1237 1244
1238 1239
1238 1244
1238 1245
1239 1240
1239 1245
1239 1246
1240 1241
1240 1246
1240 1247
1241 1247
1242 1243
1242 1248
1243 1244
1243 1248
1243 1249
1244 1245
1244 1249
1244 1250
1245 1246
1245 1250
1245 1251
1246 1247
1246 1251
1246 1252
1247 1252
1248 1249
1248 1253
1249 1250
1249 1253
1249 1254
1250 1251
1250 1254
1250 1255
1251 1252
1251 1255
1251 1256
1252 1256
1253 1254
1253 1257
1254 1255
1254 1257
1254 1258
1255 1256
1255 1258
1255 1259
1256 1259
1257 1258
1257 1260
1258 1259
1258 1260
1258 1261
1259 1261
1260 1261
1260 1262
1261 1262
1263 1264
1263 1298
1263 1523
1263 1548
1264 1265
1264 1298
1264 1308
1264 1548
1264 1559
1265 1266
1265 1308
1265 1317
1265 1559
1265 1569
1266 1267
1266 1317
1266 1325
1266 1569
1266 1578
1267 1268
1267 1325
1267 1332
1267 1578
1267 1586
1268 1269
1268 1332
1268 1338
1268 1586
1268 1593
1269 1270
1269 1338
1269 1343
1269 1593
1269 1599
1270 1271
1270 1343
1270 1347
1270 1599
1270 1604
1271 1272
1271 1347
1271 1350
1271 1604
1271 1608
1272 1273
1272 1350
1272 1352
1272 1608
1272 1611
1273 1274
1273 1352
1273 1353
1273 1611
1273 1613
1274 1275
1274 1276
1274 1353
1274 1547
1274 1613
1275 1276
1275 1445
1275 1547
1275 2054
1275 2235
1276 1277
1276 1353
1276 1445
1276 1467
1277 1278
1277 1351
1277 1353
1277 1466
1277 1467
1278 1279
1278 1348
1278 1351
1278 1465
1278 1466
1279 1280
1279 1344
1279 1348
1279 1464
1279 1465
1280 1281
1280 1339
1280 1344
1280 1463
1280 1464
1281 1282
1281 1333
1281 1339
1281 1462
1281 1463
1282 1283
1282 1326
1282 1333
1282 1461
1282 1462
1283 1284
1283 1318
1283 1326
1283 1460
1283 1461
1284 1285
1284 1309
1284 1318
1284 1459
1284 1460
1285 1286
1285 1299
1285 1309
1285 1458
1285 1459
1286 1287
1286 1288
1286 1299
1286 1457
1286 1458
1287 1288
1287 1354
1287 1457
1288 1289
1288 1299
1289 1290
1289 1299
1289 1300
1290 1291
1290 1300
1290 1301
1291 1292
1291 1301
1291 1302
1292 1293
1292 1302
1292 1303
1293 1294
1293 1303
1293 1304
1294 1295
1294 1304
1294 1305
1295 1296
1295 1305
1295 1306
1296 1297
1296 1306
1296 1307
1297 1298
1297 1307
1297 1308
1298 1308
1299 1300
1299 1309
1300 1301
1300 1309
1300 1310
1301 1302
1301 1310
1301 1311
1302 1303
1302 1311
1302 1312
1303 1304
1303 1312
1303 1313
1304 1305
1304 1313
1304 1314
1305 1306
1305 1314
1305 1315
1306 1307
1306 1315
1306 1316
1307 1308
1307 1316
1307 1317
1308 1317
1309 1310
1309 1318
1310 1311
1310 1318
1310 1319
1311 1312
1311 1319
1311 1320
1312 1313
1312 1320
1312 1321
1313 1314
1313 1321
1313 1322
1314 1315
1314 1322
1314 1323
1315 1316
1315 1323
1315 1324
1316 1317
1316 1324
1316 1325
1317 1325
1318 1319
1318 1326
1319 1320
1319 1326
1319 1327
1320 1321
1320 1327
1320 1328
1321 1322
1321 1328
1321 1329
1322 1323
1322 1329
1322 1330
1323 1324
1323 1330
1323 1331
1324 1325
1324 1331
1324 1332
1325 1332
1326 1327
1326 1333
1327 1328
1327 1333
1327 1334
1328 1329
1328 1334
1328 1335
1329 1330
1329 1335
1329 1336
1330 1331
1330 1336
1330 1337
1331 1332
1331 1337
1331 1338
1332 1338
1333 1334
1333 1339
1334 1335
1334 1339
1334 1340
1335 1336
1335 1340
1335 1341
1336 1337
1336 1341
1336 1342
1337 1338
1337 1342
1337 1343
1338 1343
1339 1340
1339 1344
1340 1341
1340 1344
1340 1345
1341 1342
1341 1345
1341 1346
1342 1343
1342 1346
1342 1347
1343 1347
1344 1345
1344 1348
1345 1346
1345 1348
1345 1349
1346 1347
1346 1349
1346 1350
1347 1350
1348 1349
1348 1351
1349 1350
1349 1351
1349 1352
1350 1352
1351 1352
1351 1353
1352 1353
1354 1355
1354 1389
1354 1457
1355 1356
1355 1389
1355 1399
1355 1457
1355 1468
1356 1357
1356 1399
1356 1408
1356 1468
1356 1478
1357 1358
1357 1408
1357 1416
1357 1478
1357 1487
1358 1359
1358 1416
1358 1423
1358 1487
1358 1495
1359 1360
1359 1423
1359 1429
1359 1495
1359 1502
1360 1361
1360 1429
1360 1434
1360 1502
1360 1508
1361 1362
1361 1434
1361 1438
1361 1508
1361 1513
1362 1363
1362 1438
1362 1441
1362 1513
1362 1517
1363 1364
1363 1441
1363 1443
1363 1517
1363 1520
1364 1365
1364 1443
1364 1444
1364 1520
1364 1522
1365 1366
1365 1367
1365 1444
1365 1456
1365 1522
1366 1367
1366 1456
1366 2313
1366 2547
1367 1368
1367 1444
1368 1369
1368 1442
1368 1444
1369 1370
1369 1439
1369 1442
1370 1371
1370 1435
1370 1439
1371 1372
1371 1430
1371 1435
1372 1373
1372 1424
1372 1430
1373 1374
1373 1417
1373 1424
1374 1375
1374 1409
1374 1417
1375 1376
1375 1400
1375 1409
1376 1377
1376 1390
1376 1400
1377 1378
1377 1379
1377 1390
1378 1379
1379 1380
1379 1390
1380 1381
1380 1390
1380 1391
1381 1382
1381 1391
1381 1392
1382 1383
1382 1392
1382 1393
1383 1384
1383 1393
1383 1394
1384 1385
1384 1394
1384 1395
1385 1386
1385 1395
1385 1396
1386 1387
1386 1396
1386 1397
1387 1388
1387 1397
1387 1398
1388 1389
1388 1398
1388 1399
1389 1399
1390 1391
1390 1400
1391 1392
1391 1400
1391 1401
1392 1393
1392 1401
1392 1402
1393 1394
1393 1402
1393 1403
1394 1395
1394 1403
1394 1404
1395 1396
1395 1404
1395 1405
1396 1397
1396 1405
1396 1406
1397 1398
1397 1406
1397 1407
1398 1399
1398 1407
1398 1408
1399 1408
1400 1401
1400 1409
1401 1402
1401 1409
1401 1410
1402 1403
1402 1410
1402 1411
1403 1404
1403 1411
1403 1412
1404 1405
1404 1412
1404 1413
1405 1406
1405 1413
1405 1414
1406 1407
1406 1414
1406 1415
1407 1408
1407 1415
1407 1416
1408 1416
1409 1410
1409 1417
1410 1411
1410 1417
1410 1418
1411 1412
1411 1418
1411 1419
1412 1413
1412 1419
1412 1420
1413 1414
1413 1420
1413 1421
1414 1415
1414 1421
1414 1422
1415 1416
1415 1422
1415 1423
1416 1423
1417 1418
1417 1424
1418 1419
1418 1424
1418 1425
1419 1420
1419 1425
1419 1426
1420 1421
1420 1426
1420 1427
1421 1422
1421 1427
1421 1428
1422 1423
1422 1428
1422 1429
1423 1429
1424 1425
1424 1430
1425 1426
1425 1430
1425 1431
1426 1427
1426 1431
1426 1432
1427 1428
1427 1432
1427 1433
1428 1429
1428 1433
1428 1434
1429 1434
1430 1431
1430 1435
1431 1432
1431 1435
1431 1436
1432 1433
1432 1436
1432 1437
1433 1434
1433 1437
1433 1438
1434 1438
1435 1436
1435 1439
1436 1437
1436 1439
1436 1440
1437 1438
1437 1440
1437 1441
1438 1441
1439 1440
1439 1442
1440 1441
1440 1442
1440 1443
1441 1443
1442 1443
1442 1444
1443 1444
1445 1446
1445 1467
1445 2235
1445 2324
1446 1447
1446 1467
1446 1477
1446 2323
1446 2324
1447 1448
1447 1477
1447 1486
1447 2322
1447 2323
1448 1449
1448 1486
1448 1494
1448 2321
1448 2322
1449 1450
1449 1494
1449 1501
1449 2320
1449 2321
1450 1451
1450 1501
1450 1507
1450 2319
1450 2320
1451 1452
1451 1507
1451 1512
1451 2318
1451 2319
1452 1453
1452 1512
1452 1516
1452 2317
1452 2318
1453 1454
1453 1516
1453 1519
1453 2316
1453 2317
1454 1455
1454 1519
1454 1521
1454 2315
1454 2316
1455 1456
1455 1521
1455 1522
1455 2314
1455 2315
1456 1522
1456 2313
1456 2314
1457 1458
1457 1468
1458 1459
1458 1468
1458 1469
1459 1460
1459 1469
1459 1470
1460 1461
1460 1470
1460 1471
1461 1462
1461 1471
1461 1472
1462 1463
1462 1472
1462 1473
1463 1464
1463 1473
1463 1474
1464 1465
1464 1474
1464 1475
1465 1466
1465 1475
1465 1476
1466 1467
1466 1476
1466 1477
1467 1477
1468 1469
1468 1478
1469 1470
1469 1478
1469 1479
1470 1471
1470 1479
1470 1480
1471 1472
1471 1480
1471 1481
1472 1473
1472 1481
1472 1482
1473 1474
1473 1482
1473 1483
1474 1475
1474 1483
1474 1484
1475 1476
1475 1484
1475 1485
1476 1477
1476 1485
1476 1486
1477 1486
1478 1479
1478 1487
1479 1480
1479 1487
1479 1488
1480 1481
1480 1488
1480 1489
1481 1482
1481 1489
1481 1490
1482 1483
1482 1490
1482 1491
1483 1484
1483 1491
1483 1492
1484 1485
1484 1492
1484 1493
1485 1486
1485 1493
1485 1494
1486 1494
1487 1488
1487 1495
1488 1489
1488 1495
1488 1496
1489 1490
1489 1496
1489 1497
1490 1491
1490 1497
1490 1498
1491 1492
1491 1498
1491 1499
1492 1493
1492 1499
1492 1500
1493 1494
1493 1500
1493 1501
1494 1501
1495 1496
1495 1502
1496 1497
1496 1502
1496 1503
1497 1498
1497 1503
1497 1504
1498 1499
1498 1504
1498 1505
1499 1500
1499 1505
1499 1506
1500 1501
1500 1506
1500 1507
1501 1507
1502 1503
1502 1508
1503 1504
1503 1508
1503 1509
1504 1505
1504 1509
1504 1510
1505 1506
1505 1510
1505 1511
1506 1507
1506 1511
1506 1512
1507 1512
1508 1509
1508 1513
1509 1510
1509 1513
1509 1514
1510 1511
1510 1514
1510 1515
1511 1512
1511 1515
1511 1516
1512 1516
1513 1514
1513 1517
1514 1515
1514 1517
1514 1518
1515 1516
1515 1518
1515 1519
1516 1519
1517 1518
1517 1520
1518 1519
1518 1520
1518 1521
1519 1521
1520 1521
1520 1522
1521 1522
1523 1524
1523 1548
1523 1626
1524 1525
1524 1548
1524 1549
1524 1626
1524 1637
1525 1526
1525 1549
1525 1550
1525 1637
1525 1647
1526 1527
1526 1550
1526 1551
1526 1647
1526 1656
1527 1528
1527 1551
1527 1552
1527 1656
1527 1664
1528 1529
1528 1552
1528 1553
1528 1664
1528 1671
1529 1530
1529 1553
1529 1554
1529 1671
1529 1677
1530 1531
1530 1554
1530 1555
1530 1677
1530 1682
1531 1532
1531 1555
1531 1556
1531 1682
1531 1686
1532 1533
1532 1556
1532 1557
1532 1686
1532 1689
1533 1534
1533 1557
1533 1558
1533 1689
1533 1691
1534 1535
1534 1536
1534 1558
1534 1625
1534 1691
1535 1536
1535 1625
1535 1716
1535 1885
1535 1976
1536 1537
1536 1558
1536 1976
1536 2065
1537 1538
1537 1558
1537 1568
1537 2064
1537 2065
1538 1539
1538 1568
1538 1577
1538 2063
1538 2064
1539 1540
1539 1577
1539 1585
1539 2062
1539 2063
1540 1541
1540 1585
1540 1592
1540 2061
1540 2062
1541 1542
1541 1592
1541 1598
1541 2060
1541 2061
1542 1543
1542 1598
1542 1603
1542 2059
1542 2060
1543 1544
1543 1603
1543 1607
1543 2058
1543 2059
1544 1545
1544 1607
1544 1610
1544 2057
1544 2058
1545 1546
1545 1610
1545 1612
1545 2056
1545 2057
1546 1547
1546 1612
1546 1613
1546 2055
1546 2056
1547 1613
1547 2054
1547 2055
1548 1549
1548 1559
1549 1550
1549 1559
1549 1560
1550 1551
1550 1560
1550 1561
1551 1552
1551 1561
1551 1562
1552 1553
1552 1562
1552 1563
1553 1554
1553 1563
1553 1564
1554 1555
1554 1564
1554 1565
1555 1556
1555 1565
1555 1566
1556 1557
1556 1566
1556 1567
1557 1558
1557 1567
1557 1568
1558 1568
1559 1560
1559 1569
1560 1561
1560 1569
1560 1570
1561 1562
1561 1570
1561 1571
1562 1563
1562 1571
1562 1572
1563 1564
1563 1572
1563 1573
1564 1565
1564 1573
1564 1574
1565 1566
1565 1574
1565 1575
1566 1567
1566 1575
1566 1576
1567 1568
1567 1576
1567 1577
1568 1577
1569 1570
1569 1578
1570 1571
1570 1578
1570 1579
1571 1572
1571 1579
1571 1580
1572 1573
1572 1580
1572 1581
1573 1574
1573 1581
1573 1582
1574 1575
1574 1582
1574 1583
1575 1576
1575 1583
1575 1584
1576 1577
1576 1584
1576 1585
1577 1585
1578 1579
1578 1586
1579 1580
1579 1586
1579 1587
1580 1581
1580 1587
1580 1588
1581 1582
1581 1588
1581 1589
1582 1583
1582 1589
1582 1590
1583 1584
1583 1590
1583 1591
1584 1585
1584 1591
1584 1592
1585 1592
1586 1587
1586 1593
1587 1588
1587 1593
1587 1594
1588 1589
1588 1594
1588 1595
1589 1590
1589 1595
1589 1596
1590 1591
1590 1596
1590 1597
1591 1592
1591 1597
1591 1598
1592 1598
1593 1594
1593 1599
1594 1595
1594 1599
1594 1600
1595 1596
1595 1600
1595 1601
1596 1597
1596 1601
1596 1602
1597 1598
1597 1602
1597 1603
1598 1603
1599 1600
1599 1604
1600 1601
1600 1604
1600 1605
1601 1602
1601 1605
1601 1606
1602 1603
1602 1606
1602 1607
1603 1607
1604 1605
1604 1608
1605 1606
1605 1608
1605 1609
1606 1607
1606 1609
1606 1610
1607 1610
1608 1609
1608 1611
1609 1610
1609 1611
1609 1612
1610 1612
1611 1612
1611 1613
1612 1613
1614 1615
1614 1636
1614 1692
1614 1717
1615 1616
1615 1636
1615 1646
1615 1717
1615 1728
1616 1617
1616 1646
1616 1655
1616 1728
1616 1738
1617 1618
1617 1655
1617 1663
1617 1738
1617 1747
1618 1619
1618 1663
1618 1670
1618 1747
1618 1755
1619 1620
1619 1670
1619 1676
1619 1755
1619 1762
1620 1621
1620 1676
1620 1681
1620 1762
1620 1768
1621 1622
1621 1681
1621 1685
1621 1768
1621 1773
1622 1623
1622 1685
1622 1688
1622 1773
1622 1777
1623 1624
1623 1688
1623 1690
1623 1777
1623 1780
1624 1625
1624 1690
1624 1691
1624 1780
1624 1782
1625 1691
1625 1716
1625 1782
1626 1627
1626 1637
1627 1628
1627 1637
1627 1638
1628 1629
1628 1638
1628 1639
1629 1630
1629 1639
1629 1640
1630 1631
1630 1640
1630 1641
1631 1632
1631 1641
1631 1642
1632 1633
1632 1642
1632 1643
1633 1634
1633 1643
1633 1644
1634 1635
1634 1644
1634 1645
1635 1636
1635 1645
1635 1646
1636 1646
1637 1638
1637 1647
1638 1639
1638 1647
1638 1648
1639 1640
1639 1648
1639 1649
1640 1641
1640 1649
1640 1650
1641 1642
1641 1650
1641 1651
1642 1643
1642 1651
1642 1652
1643 1644
1643 1652
1643 1653
1644 1645
1644 1653
1644 1654
1645 1646
1645 1654
1645 1655
1646 1655
1647 1648
1647 1656
1648 1649
1648 1656
1648 1657
1649 1650
1649 1657
1649 1658
1650 1651
1650 1658
1650 1659
1651 1652
1651 1659
1651 1660
1652 1653
1652 1660
1652 1661
1653 1654
1653 1661
1653 1662
1654 1655
1654 1662
1654 1663
1655 1663
1656 1657
1656 1664
1657 1658
1657 1664
1657 1665
1658 1659
1658 1665
1658 1666
1659 1660
1659 1666
1659 1667
1660 1661
1660 1667
1660 1668
1661 1662
1661 1668
1661 1669
1662 1663
1662 1669
1662 1670
1663 1670
1664 1665
1664 1671
1665 1666
1665 1671
1665 1672
1666 1667
1666 1672
1666 1673
1667 1668
1667 1673
1667 1674
1668 1669
1668 1674
1668 1675
1669 1670
1669 1675
1669 1676
1670 1676
1671 1672
1671 1677
1672 1673
1672 1677
1672 1678
1673 1674
1673 1678
1673 1679
1674 1675
1674 1679
1674 1680
1675 1676
1675 1680
1675 1681
1676 1681
1677 1678
1677 1682
1678 1679
1678 1682
1678 1683
1679 1680
1679 1683
1679 1684
1680 1681
1680 1684
1680 1685
1681 1685
1682 1683
1682 1686
1683 1684
1683 1686
1683 1687
1684 1685
1684 1687
1684 1688
1685 1688
1686 1687
1686 1689
1687 1688
1687 1689
1687 1690
1688 1690
1689 1690
1689 1691
1690 1691
1692 1693
1692 1717
1692 1795
1693 1694
1693 1717
1693 1718
1693 1795
1693 1806
1694 1695
1694 1718
1694 1719
1694 1806
1694 1816
1695 1696
1695 1719
1695 1720
1695 1816
1695 1825
1696 1697
1696 1720
1696 1721
1696 1825
1696 1833
1697 1698
1697 1721
1697 1722
1697 1833
1697 1840
1698 1699
1698 1722
1698 1723
1698 1840
1698 1846
1699 1700
1699 1723
1699 1724
1699 1846
1699 1851
1700 1701
1700 1724
1700 1725
1700 1851
1700 1855
1701 1702
1701 1725
1701 1726
1701 1855
1701 1858
1702 1703
1702 1726
1702 1727
1702 1858
1702 1860
1703 1704
1703 1705
1703 1727
1703 1794
1703 1860
1704 1705
1704 1794
1704 1861
1705 1706
1705 1727
1705 1861
1705 1896
1706 1707
1706 1727
1706 1737
1706 1895
1706 1896
1707 1708
1707 1737
1707 1746
1707 1894
1707 1895
1708 1709
1708 1746
1708 1754
1708 1893
1708 1894
1709 1710
1709 1754
1709 1761
1709 1892
1709 1893
1710 1711
1710 1761
1710 1767
1710 1891
1710 1892
1711 1712
1711 1767
1711 1772
1711 1890
1711 1891
1712 1713
1712 1772
1712 1776
1712 1889
1712 1890
1713 1714
1713 1776
1713 1779
1713 1888
1713 1889
1714 1715
1714 1779
1714 1781
1714 1887
1714 1888
1715 1716
1715 1781
1715 1782
1715 1886
1715 1887
1716 1782
1716 1885
1716 1886
1717 1718
1717 1728
1718 1719
1718 1728
1718 1729
1719 1720
1719 1729
1719 1730
1720 1721
1720 1730
1720 1731
1721 1722
1721 1731
1721 1732
1722 1723
1722 1732
1722 1733
1723 1724
1723 1733
1723 1734
1724 1725
1724 1734
1724 1735
1725 1726
1725 1735
1725 1736
1726 1727
1726 1736
1726 1737
1727 1737
1728 1729
1728 1738
1729 1730
1729 1738
1729 1739
1730 1731
1730 1739
1730 1740
1731 1732
1731 1740
1731 1741
1732 1733
1732 1741
1732 1742
1733 1734
1733 1742
1733 1743
1734 1735
1734 1743
1734 1744
1735 1736
1735 1744
1735 1745
1736 1737
1736 1745
1736 1746
1737 1746
1738 1739
1738 1747
1739 1740
1739 1747
1739 1748
1740 1741
1740 1748
1740 1749
1741 1742
1741 1749
1741 1750
1742 1743
1742 1750
1742 1751
1743 1744
1743 1751
1743 1752
1744 1745
1744 1752
1744 1753
1745 1746
1745 1753
1745 1754
1746 1754
1747 1748
1747 1755
1748 1749
1748 1755
1748 1756
1749 1750
1749 1756
1749 1757
1750 1751
1750 1757
1750 1758
1751 1752
1751 1758
1751 1759
1752 1753
1752 1759
1752 1760
1753 1754
1753 1760
1753 1761
1754 1761
1755 1756
1755 1762
1756 1757
1756 1762
1756 1763
1757 1758
1757 1763
1757 1764
1758 1759
1758 1764
1758 1765
1759 1760
1759 1765
1759 1766
1760 1761
1760 1766
1760 1767
1761 1767
1762 1763
1762 1768
1763 1764
1763 1768
1763 1769
1764 1765
1764 1769
1764 1770
1765 1766
1765 1770
1765 1771
1766 1767
1766 1771
1766 1772
1767 1772
1768 1769
1768 1773
1769 1770
1769 1773
1769 1774
1770 1771
1770 1774
1770 1775
1771 1772
1771 1775
1771 1776
1772 1776
1773 1774
1773 1777
1774 1775
1774 1777
1774 1778
1775 1776
1775 1778
1775 1779
1776 1779
1777 1778
1777 1780
1778 1779
1778 1780
1778 1781
1779 1781
1780 1781
1780 1782
1781 1782
1783 1784
1783 1805
1784 1785
1784 1805
1784 1815
1785 1786
1785 1815
1785 1824
1786 1787
1786 1824
1786 1832
1787 1788
1787 1832
1787 1839
1788 1789
1788 1839
1788 1845
1789 1790
1789 1845
1789 1850
1790 1791
1790 1850
1790 1854
1791 1792
1791 1854
1791 1857
1792 1793
1792 1857
1792 1859
1793 1794
1793 1859
1793 1860
1794 1860
1795 1796
1795 1806
1796 1797
1796 1806
1796 1807
1797 1798
1797 1807
1797 1808
1798 1799
1798 1808
1798 1809
1799 1800
1799 1809
1799 1810
1800 1801
1800 1810
1800 1811
1801 1802
1801 1811
1801 1812
1802 1803
1802 1812
1802 1813
1803 1804
1803 1813
1803 1814
1804 1805
1804 1814
1804 1815
1805 1815
1806 1807
1806 1816
1807 1808
1807 1816
1807 1817
1808 1809
1808 1817
1808 1818
1809 1810
1809 1818
1809 1819
1810 1811
1810 1819
1810 1820
1811 1812
1811 1820
1811 1821
1812 1813
1812 1821
1812 1822
1813 1814
1813 1822
1813 1823
1814 1815
1814 1823
1814 1824
1815 1824
1816 1817
1816 1825
1817 1818
1817 1825
1817 1826
1818 1819
1818 1826
1818 1827
1819 1820
1819 1827
1819 1828
1820 1821
1820 1828
1820 1829
1821 1822
1821 1829
1821 1830
1822 1823
1822 1830
1822 1831
1823 1824
1823 1831
1823 1832
1824 1832
1825 1826
1825 1833
1826 1827
1826 1833
1826 1834
1827 1828
1827 1834
1827 1835
1828 1829
1828 1835
1828 1836
1829 1830
1829 1836
1829 1837
1830 1831
1830 1837
1830 1838
1831 1832
1831 1838
1831 1839
1832 1839
1833 1834
1833 1840
1834 1835
1834 1840
1834 1841
1835 1836
1835 1841
1835 1842
1836 1837
1836 1842
1836 1843
1837 1838
1837 1843
1837 1844
1838 1839
1838 1844
1838 1845
1839 1845
1840 1841
1840 1846
1841 1842
1841 1846
1841 1847
1842 1843
1842 1847
1842 1848
1843 1844
1843 1848
1843 1849
1844 1845
1844 1849
1844 1850
1845 1850
1846 1847
1846 1851
1847 1848
1847 1851
1847 1852
1848 1849
1848 1852
1848 1853
1849 1850
1849 1853
1849 1854
1850 1854
1851 1852
1851 1855
1852 1853
1852 1855
1852 1856
1853 1854
1853 1856
1853 1857
1854 1857
1855 1856
1855 1858
1856 1857
1856 1858
1856 1859
1857 1859
1858 1859
1858 1860
1859 1860
1861 1862
1861 1896
1862 1863
1862 1896
1862 1906
1863 1864
1863 1906
1863 1915
1864 1865
1864 1915
1864 1923
1865 1866
1865 1923
1865 1930
1866 1867
1866 1930
1866 1936
1867 1868
1867 1936
1867 1941
1868 1869
1868 1941
1868 1945
1869 1870
1869 1945
1869 1948
1870 1871
1870 1948
1870 1950
1871 1872
1871 1950
1871 1951
1872 1873
1872 1874
1872 1951
1873 1874
1873 1952
1873 2121
1874 1875
1874 1951
1874 1952
1874 1987
1875 1876
1875 1949
1875 1951
1875 1986
1875 1987
1876 1877
1876 1946
1876 1949
1876 1985
1876 1986
1877 1878
1877 1942
1877 1946
1877 1984
1877 1985
1878 1879
1878 1937
1878 1942
1878 1983
1878 1984
1879 1880
1879 1931
1879 1937
1879 1982
1879 1983
1880 1881
1880 1924
1880 1931
1880 1981
1880 1982
1881 1882
1881 1916
1881 1924
1881 1980
1881 1981
1882 1883
1882 1907
1882 1916
1882 1979
1882 1980
1883 1884
1883 1897
1883 1907
1883 1978
1883 1979
1884 1885
1884 1886
1884 1897
1884 1977
1884 1978
1885 1886
1885 1976
1885 1977
1886 1887
1886 1897
1887 1888
1887 1897
1887 1898
1888 1889
1888 1898
1888 1899
1889 1890
1889 1899
1889 1900
1890 1891
1890 1900
1890 1901
1891 1892
1891 1901
1891 1902
1892 1893
1892 1902
1892 1903
1893 1894
1893 1903
1893 1904
1894 1895
1894 1904
1894 1905
1895 1896
1895 1905
1895 1906
1896 1906
1897 1898
1897 1907
1898 1899
1898 1907
1898 1908
1899 1900
1899 1908
1899 1909
1900 1901
1900 1909
1900 1910
1901 1902
1901 1910
1901 1911
1902 1903
1902 1911
1902 1912
1903 1904
1903 1912
1903 1913
1904 1905
1904 1913
1904 1914
1905 1906
1905 1914
1905 1915
1906 1915
1907 1908
1907 1916
1908 1909
1908 1916
1908 1917
1909 1910
1909 1917
1909 1918
1910 1911
1910 1918
1910 1919
1911 1912
1911 1919
1911 1920
1912 1913
1912 1920
1912 1921
1913 1914
1913 1921
1913 1922
1914 1915
1914 1922
1914 1923
1915 1923
1916 1917
1916 1924
1917 1918
1917 1924
1917 1925
1918 1919
1918 1925
1918 1926
1919 1920
1919 1926
1919 1927
1920 1921
1920 1927
1920 1928
1921 1922
1921 1928
1921 1929
1922 1923
1922 1929
1922 1930
1923 1930
1924 1925
1924 1931
1925 1926
1925 1931
1925 1932
1926 1927
1926 1932
1926 1933
1927 1928
1927 1933
1927 1934
1928 1929
1928 1934
1928 1935
1929 1930
1929 1935
1929 1936
1930 1936
1931 1932
1931 1937
1932 1933
1932 1937
1932 1938
1933 1934
1933 1938
1933 1939
1934 1935
1934 1939
1934 1940
1935 1936
1935 1940
1935 1941
1936 1941
1937 1938
1937 1942
1938 1939
1938 1942
1938 1943
1939 1940
1939 1943
1939 1944
1940 1941
1940 1944
1940 1945
1941 1945
1942 1943
1942 1946
1943 1944
1943 1946
1943 1947
1944 1945
1944 1947
1944 1948
1945 1948
1946 1947
1946 1949
1947 1948
1947 1949
1947 1950
1948 1950
1949 1950
1949 1951
1950 1951
1952 1953
1952 1987
1952 2121
1952 2156
1953 1954
1953 1987
1953 1997
1953 2155
1953 2156
1954 1955
1954 1997
1954 2006
1954 2154
1954 2155
1955 1956
1955 2006
1955 2014
1955 2153
1955 2154
1956 1957
1956 2014
1956 2021
1956 2152
1956 2153
1957 1958
1957 2021
1957 2027
1957 2151
1957 2152
1958 1959
1958 2027
1958 2032
1958 2150
1958 2151
1959 1960
1959 2032
1959 2036
1959 2149
1959 2150
1960 1961
1960 2036
1960 2039
1960 2148
1960 2149
1961 1962
1961 2039
1961 2041
1961 2147
1961 2148
1962 1963
1962 2041
1962 2042
1962 2146
1962 2147
1963 1964
1963 1965
1963 2042
1963 2145
1963 2146
1964 1965
1964 2043
1964 2145
1964 2212
1965 1966
1965 2042
1965 2043
1965 2120
1966 1967
1966 2040
1966 2042
1966 2119
1966 2120
1967 1968
1967 2037
1967 2040
1967 2117
1967 2119
1968 1969
1968 2033
1968 2037
1968 2114
1968 2117
1969 1970
1969 2028
1969 2033
1969 2110
1969 2114
1970 1971
1970 2022
1970 2028
1970 2105
1970 2110
1971 1972
1971 2015
1971 2022
1971 2099
1971 2105
1972 1973
1972 2007
1972 2015
1972 2092
1972 2099
1973 1974
1973 1998
1973 2007
1973 2084
1973 2092
1974 1975
1974 1988
1974 1998
1974 2075
1974 2084
1975 1976
1975 1977
1975 1988
1975 2065
1975 2075
1976 1977
1976 2065
1977 1978
1977 1988
1978 1979
1978 1988
1978 1989
1979 1980
1979 1989
1979 1990
1980 1981
1980 1990
1980 1991
1981 1982
1981 1991
1981 1992
1982 1983
1982 1992
1982 1993
1983 1984
1983 1993
1983 1994
1984 1985
1984 1994
1984 1995
1985 1986
1985 1995
1985 1996
1986 1987
1986 1996
1986 1997
1987 1997
1988 1989
1988 1998
1989 1990
1989 1998
1989 1999
1990 1991
1990 1999
1990 2000
1991 1992
1991 2000
1991 2001
1992 1993
1992 2001
1992 2002
1993 1994
1993 2002
1993 2003
1994 1995
1994 2003
1994 2004
1995 1996
1995 2004
1995 2005
1996 1997
1996 2005
1996 2006
1997 2006
1998 1999
1998 2007
1999 2000
1999 2007
1999 2008
2000 2001
2000 2008
2000 2009
2001 2002
2001 2009
2001 2010
2002 2003
2002 2010
2002 2011
2003 2004
2003 2011
2003 2012
2004 2005
2004 2012
2004 2013
2005 2006
2005 2013
2005 2014
2006 2014
2007 2008
2007 2015
2008 2009
2008 2015
2008 2016
2009 2010
2009 2016
2009 2017
2010 2011
2010 2017
2010 2018
2011 2012
2011 2018
2011 2019
2012 2013
2012 2019
2012 2020
2013 2014
2013 2020
2013 2021
2014 2021
2015 2016
2015 2022
2016 2017
2016 2022
2016 2023
2017 2018
2017 2023
2017 2024
2018 2019
2018 2024
2018 2025
2019 2020
2019 2025
2019 2026
2020 2021
2020 2026
2020 2027
2021 2027
2022 2023
2022 2028
2023 2024
2023 2028
2023 2029
2024 2025
2024 2029
2024 2030
2025 2026
2025 2030
2025 2031
2026 2027
2026 2031
2026 2032
2027 2032
2028 2029
2028 2033
2029 2030
2029 2033
2029 2034
2030 2031
2030 2034
2030 2035
2031 2032
2031 2035
2031 2036
2032 2036
2033 2034
2033 2037
2034 2035
2034 2037
2034 2038
2035 2036
2035 2038
2035 2039
2036 2039
2037 2038
2037 2040
2038 2039
2038 2040
2038 2041
2039 2041
2040 2041
2040 2042
2041 2042
2043 2044
2043 2120
2043 2212
2043 2246
2044 2045
2044 2118
2044 2120
2044 2245
2044 2246
2045 2046
2045 2115
2045 2118
2045 2244
2045 2245
2046 2047
2046 2111
2046 2115
2046 2243
2046 2244
2047 2048
2047 2106
2047 2111
2047 2242
2047 2243
2048 2049
2048 2100
2048 2106
2048 2241
2048 2242
2049 2050
2049 2093
2049 2100
2049 2240
2049 2241
2050 2051
2050 2085
2050 2093
2050 2239
2050 2240
2051 2052
2051 2076
2051 2085
2051 2238
2051 2239
2052 2053
2052 2066
2052 2076
2052 2237
2052 2238
2053 2054
2053 2055
2053 2066
2053 2236
2053 2237
2054 2055
2054 2235
2054 2236
2055 2056
2055 2066
2056 2057
2056 2066
2056 2067
2057 2058
2057 2067
2057 2068
2058 2059
2058 2068
2058 2069
2059 2060
2059 2069
2059 2070
2060 2061
2060 2070
2060 2071
2061 2062
2061 2071
2061 2072
2062 2063
2062 2072
2062 2073
2063 2064
2063 2073
2063 2074
2064 2065
2064 2074
2064 2075
2065 2075
2066 2067
2066 2076
2067 2068
2067 2076
2067 2077
2068 2069
2068 2077
2068 2078
2069 2070
2069 2078
2069 2079
2070 2071
2070 2079
2070 2080
2071 2072
2071 2080
2071 2081
2072 2073
2072 2081
2072 2082
2073 2074
2073 2082
2073 2083
2074 2075
2074 2083
2074 2084
2075 2084
2076 2077
2076 2085
2077 2078
2077 2085
2077 2086
2078 2079
2078 2086
2078 2087
2079 2080
2079 2087
2079 2088
2080 2081
2080 2088
2080 2089
2081 2082
2081 2089
2081 2090
2082 2083
2082 2090
2082 2091
2083 2084
2083 2091
2083 2092
2084 2092
2085 2086
2085 2093
2086 2087
2086 2093
2086 2094
2087 2088
2087 2094
2087 2095
2088 2089
2088 2095
2088 2096
2089 2090
2089 2096
2089 2097
2090 2091
2090 2097
2090 2098
2091 2092
2091 2098
2091 2099
2092 2099
2093 2094
2093 2100
2094 2095
2094 2100
2094 2101
2095 2096
2095 2101
2095 2102
2096 2097
2096 2102
2096 2103
2097 2098
2097 2103
2097 2104
2098 2099
2098 2104
2098 2105
2099 2105
2100 2101
2100 2106
2101 2102
2101 2106
2101 2107
2102 2103
2102 2107
2102 2108
2103 2104
2103 2108
2103 2109
2104 2105
2104 2109
2104 2110
2105 2110
2106 2107
2106 2111
2107 2108
2107 2111
2107 2112
2108 2109
2108 2112
2108 2113
2109 2110
2109 2113
2109 2114
2110 2114
2111 2112
2111 2115
2112 2113
2112 2115
2112 2116
2113 2114
2113 2116
2113 2117
2114 2117
2115 2116
2115 2118
2116 2117
2116 2118
2116 2119
2117 2119
2118 2119
2118 2120
2119 2120
2121 2122
2121 2156
2122 2123
2122 2156
2122 2166
2123 2124
2123 2166
2123 2175
2124 2125
2124 2175
2124 2183
2125 2126
2125 2183
2125 2190
2126 2127
2126 2190
2126 2196
2127 2128
2127 2196
2127 2201
2128 2129
2128 2201
2128 2205
2129 2130
2129 2205
2129 2208
2130 2131
2130 2208
2130 2210
2131 2132
2131 2210
2131 2211
2132 2133
2132 2134
2132 2211
2133 2134
2133 2380
2133 2458
2134 2135
2134 2211
2134 2380
2134 2402
2135 2136
2135 2209
2135 2211
2135 2401
2135 2402
2136 2137
2136 2206
2136 2209
2136 2400
2136 2401
2137 2138
2137 2202
2137 2206
2137 2399
2137 2400
2138 2139
2138 2197
2138 2202
2138 2398
2138 2399
2139 2140
2139 2191
2139 2197
2139 2397
2139 2398
2140 2141
2140 2184
2140 2191
2140 2396
2140 2397
2141 2142
2141 2176
2141 2184
2141 2395
2141 2396
2142 2143
2142 2167
2142 2176
2142 2394
2142 2395
2143 2144
2143 2157
2143 2167
2143 2393
2143 2394
2144 2145
2144 2146
2144 2157
2144 2392
2144 2393
2145 2146
2145 2212
2145 2392
2146 2147
2146 2157
2147 2148
2147 2157
2147 2158
2148 2149
2148 2158
2148 2159
2149 2150
2149 2159
2149 2160
2150 2151
2150 2160
2150 2161
2151 2152
2151 2161
2151 2162
2152 2153
2152 2162
2152 2163
2153 2154
2153 2163
2153 2164
2154 2155
2154 2164
2154 2165
2155 2156
2155 2165
2155 2166
2156 2166
2157 2158
2157 2167
2158 2159
2158 2167
2158 2168
2159 2160
2159 2168
2159 2169
2160 2161
2160 2169
2160 2170
2161 2162
2161 2170
2161 2171
2162 2163
2162 2171
2162 2172
2163 2164
2163 2172
2163 2173
2164 2165
2164 2173
2164 2174
2165 2166
2165 2174
2165 2175
2166 2175
2167 2168
2167 2176
2168 2169
2168 2176
2168 2177
2169 2170
2169 2177
2169 2178
2170 2171
2170 2178
2170 2179
2171 2172
2171 2179
2171 2180
2172 2173
2172 2180
2172 2181
2173 2174
2173 2181
2173 2182
2174 2175
2174 2182
2174 2183
2175 2183
2176 2177
2176 2184
2177 2178
2177 2184
2177 2185
2178 2179
2178 2185
2178 2186
2179 2180
2179 2186
2179 2187
2180 2181
2180 2187
2180 2188
2181 2182
2181 2188
2181 2189
2182 2183
2182 2189
2182 2190
2183 2190
2184 2185
2184 2191
2185 2186
2185 2191
2185 2192
2186 2187
2186 2192
2186 2193
2187 2188
2187 2193
2187 2194
2188 2189
2188 2194
2188 2195
2189 2190
2189 2195
2189 2196
2190 2196
2191 2192
2191 2197
2192 2193
2192 2197
2192 2198
2193 2194
2193 2198
2193 2199
2194 2195
2194 2199
2194 2200
2195 2196
2195 2200
2195 2201
2196 2201
2197 2198
2197 2202
2198 2199
2198 2202
2198 2203
2199 2200
2199 2203
2199 2204
2200 2201
2200 2204
2200 2205
2201 2205
2202 2203
2202 2206
2203 2204
2203 2206
2203 2207
2204 2205
2204 2207
2204 2208
2205 2208
2206 2207
2206 2209
2207 2208
2207 2209
2207 2210
2208 2210
2209 2210
2209 2211
2210 2211
2212 2213
2212 2246
2212 2392
2213 2214
2213 2246
2213 2256
2213 2392
2213 2403
2214 2215
2214 2256
2214 2265
2214 2403
2214 2413
2215 2216
2215 2265
2215 2273
2215 2413
2215 2422
2216 2217
2216 2273
2216 2280
2216 2422
2216 2430
2217 2218
2217 2280
2217 2286
2217 2430
2217 2437
2218 2219
2218 2286
2218 2291
2218 2437
2218 2443
2219 2220
2219 2291
2219 2295
2219 2443
2219 2448
2220 2221
2220 2295
2220 2298
2220 2448
2220 2452
2221 2222
2221 2298
2221 2300
2221 2452
2221 2455
2222 2223
2222 2300
2222 2301
2222 2455
2222 2457
2223 2224
2223 2301
2223 2391
2223 2457
2224 2225
2224 2301
2224 2302
2224 2379
2225 2226
2225 2299
2225 2301
2225 2378
2225 2379
2226 2227
2226 2296
2226 2299
2226 2376
2226 2378
2227 2228
2227 2292
2227 2296
2227 2373
2227 2376
2228 2229
2228 2287
2228 2292
2228 2369
2228 2373
2229 2230
2229 2281
2229 2287
2229 2364
2229 2369
2230 2231
2230 2274
2230 2281
2230 2358
2230 2364
2231 2232
2231 2266
2231 2274
2231 2351
2231 2358
2232 2233
2232 2257
2232 2266
2232 2343
2232 2351
2233 2234
2233 2247
2233 2257
2233 2334
2233 2343
2234 2235
2234 2236
2234 2247
2234 2324
2234 2334
2235 2236
2235 2324
2236 2237
2236 2247
2237 2238
2237 2247
2237 2248
2238 2239
2238 2248
2238 2249
2239 2240
2239 2249
2239 2250
2240 2241
2240 2250
2240 2251
2241 2242
2241 2251
2241 2252
2242 2243
2242 2252
2242 2253
2243 2244
2243 2253
2243 2254
2244 2245
2244 2254
2244 2255
2245 2246
2245 2255
2245 2256
2246 2256
2247 2248
2247 2257
2248 2249
2248 2257
2248 2258
2249 2250
2249 2258
2249 2259
2250 2251
2250 2259
2250 2260
2251 2252
2251 2260
2251 2261
2252 2253
2252 2261
2252 2262
2253 2254
2253 2262
2253 2263
2254 2255
2254 2263
2254 2264
2255 2256
2255 2264
2255 2265
2256 2265
2257 2258
2257 2266
2258 2259
2258 2266
2258 2267
2259 2260
2259 2267
2259 2268
2260 2261
2260 2268
2260 2269
2261 2262
2261 2269
2261 2270
2262 2263
2262 2270
2262 2271
2263 2264
2263 2271
2263 2272
2264 2265
2264 2272
2264 2273
2265 2273
2266 2267
2266 2274
2267 2268
2267 2274
2267 2275
2268 2269
2268 2275
2268 2276
2269 2270
2269 2276
2269 2277
2270 2271
2270 2277
2270 2278
2271 2272
2271 2278
2271 2279
2272 2273
2272 2279
2272 2280
2273 2280
2274 2275
2274 2281
2275 2276
2275 2281
2275 2282
2276 2277
2276 2282
2276 2283
2277 2278
2277 2283
2277 2284
2278 2279
2278 2284
2278 2285
2279 2280
2279 2285
2279 2286
2280 2286
2281 2282
2281 2287
2282 2283
2282 2287
2282 2288
2283 2284
2283 2288
2283 2289
2284 2285
2284 2289
2284 2290
2285 2286
2285 2290
2285 2291
2286 2291
2287 2288
2287 2292
2288 2289
2288 2292
2288 2293
2289 2290
2289 2293
2289 2294
2290 2291
2290 2294
2290 2295
2291 2295
2292 2293
2292 2296
2293 2294
2293 2296
2293 2297
2294 2295
2294 2297
2294 2298
2295 2298
2296 2297
2296 2299
2297 2298
2297 2299
2297 2300
2298 2300
2299 2300
2299 2301
2300 2301
2302 2303
2302 2379
2302 2558
2303 2304
2303 2377
2303 2379
2303 2557
2303 2558
2304 2305
2304 2374
2304 2377
2304 2556
2304 2557
2305 2306
2305 2370
2305 2374
2305 2555
2305 2556
2306 2307
2306 2365
2306 2370
2306 2554
2306 2555
2307 2308
2307 2359
2307 2365
2307 2553
2307 2554
2308 2309
2308 2352
2308 2359
2308 2552
2308 2553
2309 2310
2309 2344
2309 2352
2309 2551
2309 2552
2310 2311
2310 2335
2310 2344
2310 2550
2310 2551
2311 2312
2311 2325
2311 2335
2311 2549
2311 2550
2312 2313
2312 2314
2312 2325
2312 2548
2312 2549
2313 2314
2313 2547
2313 2548
2314 2315
2314 2325
2315 2316
2315 2325
2315 2326
2316 2317
2316 2326
2316 2327
2317 2318
2317 2327
2317 2328
2318 2319
2318 2328
2318 2329
2319 2320
2319 2329
2319 2330
2320 2321
2320 2330
2320 2331
2321 2322
2321 2331
2321 2332
2322 2323
2322 2332
2322 2333
2323 2324
2323 2333
2323 2334
2324 2334
2325 2326
2325 2335
2326 2327
2326 2335
2326 2336
2327 2328
2327 2336
2327 2337
2328 2329
2328 2337
2328 2338
2329 2330
2329 2338
2329 2339
2330 2331
2330 2339
2330 2340
2331 2332
2331 2340
2331 2341
2332 2333
2332 2341
2332 2342
2333 2334
2333 2342
2333 2343
2334 2343
2335 2336
2335 2344
2336 2337
2336 2344
2336 2345
2337 2338
2337 2345
2337 2346
2338 2339
2338 2346
2338 2347
2339 2340
2339 2347
2339 2348
2340 2341
2340 2348
2340 2349
2341 2342
2341 2349
2341 2350
2342 2343
2342 2350
2342 2351
2343 2351
2344 2345
2344 2352
2345 2346
2345 2352
2345 2353
2346 2347
2346 2353
2346 2354
2347 2348
2347 2354
2347 2355
2348 2349
2348 2355
2348 2356
2349 2350
2349 2356
2349 2357
2350 2351
2350 2357
2350 2358
2351 2358
2352 2353
2352 2359
2353 2354
2353 2359
2353 2360
2354 2355
2354 2360
2354 2361
2355 2356
2355 2361
2355 2362
2356 2357
2356 2362
2356 2363
2357 2358
2357 2363
2357 2364
2358 2364
2359 2360
2359 2365
2360 2361
2360 2365
2360 2366
2361 2362
2361 2366
2361 2367
2362 2363
2362 2367
2362 2368
2363 2364
2363 2368
2363 2369
2364 2369
2365 2366
2365 2370
2366 2367
2366 2370
2366 2371
2367 2368
2367 2371
2367 2372
2368 2369
2368 2372
2368 2373
2369 2373
2370 2371
2370 2374
2371 2372
2371 2374
2371 2375
2372 2373
2372 2375
2372 2376
2373 2376
2374 2375
2374 2377
2375 2376
2375 2377
2375 2378
2376 2378
2377 2378
2377 2379
2378 2379
2380 2381
2380 2402
2380 2458
2380 2480
2381 2382
2381 2402
2381 2412
2381 2479
2381 2480
2382 2383
2382 2412
2382 2421
2382 2478
2382 2479
2383 2384
2383 2421
2383 2429
2383 2477
2383 2478
2384 2385
2384 2429
2384 2436
2384 2476
2384 2477
2385 2386
2385 2436
2385 2442
2385 2475
2385 2476
2386 2387
2386 2442
2386 2447
2386 2474
2386 2475
2387 2388
2387 2447
2387 2451
2387 2473
2387 2474
2388 2389
2388 2451
2388 2454
2388 2472
2388 2473
2389 2390
2389 2454
2389 2456
2389 2471
2389 2472
2390 2391
2390 2456
2390 2457
2390 2470
2390 2471
2391 2457
2391 2470
2392 2393
2392 2403
2393 2394
2393 2403
2393 2404
2394 2395
2394 2404
2394 2405
2395 2396
2395 2405
2395 2406
2396 2397
2396 2406
2396 2407
2397 2398
2397 2407
2397 2408
2398 2399
2398 2408
2398 2409
2399 2400
2399 2409
2399 2410
2400 2401
2400 2410
2400 2411
2401 2402
2401 2411
2401 2412
2402 2412
2403 2404
2403 2413
2404 2405
2404 2413
2404 2414
2405 2406
2405 2414
2405 2415
2406 2407
2406 2415
2406 2416
2407 2408
2407 2416
2407 2417
2408 2409
2408 2417
2408 2418
2409 2410
2409 2418
2409 2419
2410 2411
2410 2419
2410 2420
2411 2412
2411 2420
2411 2421
2412 2421
2413 2414
2413 2422
2414 2415
2414 2422
2414 2423
2415 2416
2415 2423
2415 2424
2416 2417
2416 2424
2416 2425
2417 2418
2417 2425
2417 2426
2418 2419
2418 2426
2418 2427
2419 2420
2419 2427
2419 2428
2420 2421
2420 2428
2420 2429
2421 2429
2422 2423
2422 2430
2423 2424
2423 2430
2423 2431
2424 2425
2424 2431
2424 2432
2425 2426
2425 2432
2425 2433
2426 2427
2426 2433
2426 2434
2427 2428
2427 2434
2427 2435
2428 2429
2428 2435
2428 2436
2429 2436
2430 2431
2430 2437
2431 2432
2431 2437
2431 2438
2432 2433
2432 2438
2432 2439
2433 2434
2433 2439
2433 2440
2434 2435
2434 2440
2434 2441
2435 2436
2435 2441
2435 2442
2436 2442
2437 2438
2437 2443
2438 2439
2438 2443
2438 2444
2439 2440
2439 2444
2439 2445
2440 2441
2440 2445
2440 2446
2441 2442
2441 2446
2441 2447
2442 2447
2443 2444
2443 2448
2444 2445
2444 2448
2444 2449
2445 2446
2445 2449
2445 2450
2446 2447
2446 2450
2446 2451
2447 2451
2448 2449
2448 2452
2449 2450
2449 2452
2449 2453
2450 2451
2450 2453
2450 2454
2451 2454
2452 2453
2452 2455
2453 2454
2453 2455
2453 2456
2454 2456
2455 2456
2455 2457
2456 2457
2458 2459
2458 2480
2459 2460
2459 2480
2459 2490
2460 2461
2460 2490
2460 2499
2461 2462
2461 2499
2461 2507
2462 2463
2462 2507
2462 2514
2463 2464
2463 2514
2463 2520
2464 2465
2464 2520
2464 2525
2465 2466
2465 2525
2465 2529
2466 2467
2466 2529
2466 2532
2467 2468
2467 2532
2467 2534
2468 2469
2468 2534
2468 2535
2469 2535
2470 2471
2470 2481
2471 2472
2471 2481
2471 2482
2472 2473
2472 2482
2472 2483
2473 2474
2473 2483
2473 2484
2474 2475
2474 2484
2474 2485
2475 2476
2475 2485
2475 2486
2476 2477
2476 2486
2476 2487
2477 2478
2477 2487
2477 2488
2478 2479
2478 2488
2478 2489
2479 2480
2479 2489
2479 2490
2480 2490
2481 2482
2481 2491
2482 2483
2482 2491
2482 2492
2483 2484
2483 2492
2483 2493
2484 2485
2484 2493
2484 2494
2485 2486
2485 2494
2485 2495
2486 2487
2486 2495
2486 2496
2487 2488
2487 2496
2487 2497
2488 2489
2488 2497
2488 2498
2489 2490
2489 2498
2489 2499
2490 2499
2491 2492
2491 2500
2492 2493
2492 2500
2492 2501
2493 2494
2493 2501
2493 2502
2494 2495
2494 2502
2494 2503
2495 2496
2495 2503
2495 2504
2496 2497
2496 2504
2496 2505
2497 2498
2497 2505
2497 2506
2498 2499
2498 2506
2498 2507
2499 2507
2500 2501
2500 2508
2501 2502
2501 2508
2501 2509
2502 2503
2502 2509
2502 2510
2503 2504
2503 2510
2503 2511
2504 2505
2504 2511
2504 2512
2505 2506
2505 2512
2505 2513
2506 2507
2506 2513
2506 2514
2507 2514
2508 2509
2508 2515
2509 2510
2509 2515
2509 2516
2510 2511
2510 2516
2510 2517
2511 2512
2511 2517
2511 2518
2512 2513
2512 2518
2512 2519
2513 2514
2513 2519
2513 2520
2514 2520
2515 2516
2515 2521
2516 2517
2516 2521
2516 2522
2517 2518
2517 2522
2517 2523
2518 2519
2518 2523
2518 2524
2519 2520
2519 2524
2519 2525
2520 2525
2521 2522
2521 2526
2522 2523
2522 2526
2522 2527
2523 2524
2523 2527
2523 2528
2524 2525
2524 2528
2524 2529
2525 2529
2526 2527
2526 2530
2527 2528
2527 2530
2527 2531
2528 2529
2528 2531
2528 2532
2529 2532
2530 2531
2530 2533
2531 2532
2531 2533
2531 2534
2532 2534
2533 2534
2533 2535
2534 2535
2536 2537
2536 2613
2537 2538
2537 2611
2537 2613
2538 2539
2538 2608
2538 2611
2539 2540
2539 2604
2539 2608
2540 2541
2540 2599
2540 2604
2541 2542
2541 2593
2541 2599
2542 2543
2542 2586
2542 2593
2543 2544
2543 2578
2543 2586
2544 2545
2544 2569
2544 2578
2545 2546
2545 2559
2545 2569
2546 2547
2546 2548
2546 2559
2547 2548
2548 2549
2548 2559
2549 2550
2549 2559
2549 2560
2550 2551
2550 2560
2550 2561
2551 2552
2551 2561
2551 2562
2552 2553
2552 2562
2552 2563
2553 2554
2553 2563
2553 2564
2554 2555
2554 2564
2554 2565
2555 2556
2555 2565
2555 2566
2556 2557
2556 2566
2556 2567
2557 2558
2557 2567
2557 2568
2558 2568
2559 2560
2559 2569
2560 2561
2560 2569
2560 2570
2561 2562
2561 2570
2561 2571
2562 2563
2562 2571
2562 2572
2563 2564
2563 2572
2563 2573
2564 2565
2564 2573
2564 2574
2565 2566
2565 2574
2565 2575
2566 2567
2566 2575
2566 2576
2567 2568
2567 2576
2567 2577
2568 2577
2569 2570
2569 2578
2570 2571
2570 2578
2570 2579
2571 2572
2571 2579
2571 2580
2572 2573
2572 2580
2572 2581
2573 2574
2573 2581
2573 2582
2574 2575
2574 2582
2574 2583
2575 2576
2575 2583
2575 2584
2576 2577
2576 2584
2576 2585
2577 2585
2578 2579
2578 2586
2579 2580
2579 2586
2579 2587
2580 2581
2580 2587
2580 2588
2581 2582
2581 2588
2581 2589
2582 2583
2582 2589
2582 2590
2583 2584
2583 2590
2583 2591
2584 2585
2584 2591
2584 2592
2585 2592
2586 2587
2586 2593
2587 2588
2587 2593
2587 2594
2588 2589
2588 2594
2588 2595
2589 2590
2589 2595
2589 2596
2590 2591
2590 2596
2590 2597
2591 2592
2591 2597
2591 2598
2592 2598
2593 2594
2593 2599
2594 2595
2594 2599
2594 2600
2595 2596
2595 2600
2595 2601
2596 2597
2596 2601
2596 2602
2597 2598
2597 2602
2597 2603
2598 2603
2599 2600
2599 2604
2600 2601
2600 2604
2600 2605
2601 2602
2601 2605
2601 2606
2602 2603
2602 2606
2602 2607
2603 2607
2604 2605
2604 2608
2605 2606
2605 2608
2605 2609
2606 2607
2606 2609
2606 2610
2607 2610
2608 2609
2608 2611
2609 2610
2609 2611
2609 2612
2610 2612
2611 2612
2611 2613
2612 2613
