3025 8904
0 1
0 41
0 2569
0 2570
0 2661
0 2764
1 2
1 41
1 42
1 2764
1 2856
2 3
2 42
2 43
2 2856
2 2868
3 4
3 43
3 44
3 2868
3 2879
4 5
4 44
4 45
4 2879
4 2889
5 6
5 45
5 46
5 2889
5 2898
6 7
6 46
6 47
6 2898
6 2906
7 8
7 47
7 48
7 2906
7 2913
8 9
8 48
8 49
8 2913
8 2919
9 10
9 49
9 50
9 2919
9 2924
10 11
10 50
10 51
10 2924
10 2928
11 12
11 51
11 52
11 2928
11 2931
12 13
12 52
12 53
12 2931
12 2933
13 14
13 15
13 53
13 2855
13 2933
14 15
14 2855
15 16
15 53
16 17
16 53
16 64
17 18
17 64
17 74
18 19
18 74
18 83
19 20
19 83
19 91
20 21
20 91
20 98
21 22
21 98
21 104
22 23
22 104
22 109
23 24
23 109
23 113
24 25
24 113
24 116
25 26
25 116
25 118
26 27
26 118
26 119
27 28
27 29
27 119
28 29
28 2934
29 30
29 119
29 2934
29 3024
30 31
30 117
30 119
30 3023
30 3024
31 32
31 114
31 117
31 3021
31 3023
32 33
32 110
32 114
32 3018
32 3021
33 34
33 105
33 110
33 3014
33 3018
34 35
34 99
34 105
34 3009
34 3014
35 36
35 92
35 99
35 3003
35 3009
36 37
36 84
36 92
36 2996
36 3003
37 38
37 75
37 84
37 2988
37 2996
38 39
38 65
38 75
38 2979
38 2988
39 40
39 54
39 65
39 2969
39 2979
40 41
40 42
40 54
40 2958
40 2969
41 42
41 2661
41 2958
42 43
42 54
43 44
43 54
43 55
44 45
44 55
44 56
45 46
45 56
45 57
46 47
46 57
46 58
47 48
47 58
47 59
48 49
48 59
48 60
49 50
49 60
49 61
50 51
50 61
50 62
51 52
51 62
51 63
52 53
52 63
52 64
53 64
54 55
54 65
55 56
55 65
55 66
56 57
56 66
56 67
57 58
57 67
57 68
58 59
58 68
58 69
59 60
59 69
59 70
60 61
60 70
60 71
61 62
61 71
61 72
62 63
62 72
62 73
63 64
63 73
63 74
64 74
65 66
65 75
66 67
66 75
66 76
67 68
67 76
67 77
68 69
68 77
68 78
69 70
69 78
69 79
70 71
70 79
70 80
71 72
71 80
71 81
72 73
72 81
72 82
73 74
73 82
73 83
74 83
75 76
75 84
76 77
76 84
76 85
77 78
77 85
77 86
78 79
78 86
78 87
79 80
79 87
79 88
80 81
80 88
80 89
81 82
81 89
81 90
82 83
82 90
82 91
83 91
84 85
84 92
85 86
85 92
85 93
86 87
86 93
86 94
87 88
87 94
87 95
88 89
88 95
88 96
89 90
89 96
89 97
90 91
90 97
90 98
91 98
92 93
92 99
93 94
93 99
93 100
94 95
94 100
94 101
95 96
95 101
95 102
96 97
96 102
96 103
97 98
97 103
97 104
98 104
99 100
99 105
100 101
100 105
100 106
101 102
101 106
101 107
102 103
102 107
102 108
103 104
103 108
103 109
104 109
105 106
105 110
106 107
106 110
106 111
107 108
107 111
107 112
108 109
108 112
108 113
109 113
110 111
110 114
111 112
111 114
111 115
112 113
112 115
112 116
113 116
114 115
114 117
115 116
115 117
115 118
116 118
117 118
117 119
118 119
120 121
120 161
120 1589
121 122
121 161
121 162
122 123
122 162
122 163
123 124
123 163
123 164
124 125
124 164
124 165
125 126
125 165
125 166
126 127
126 166
126 167
127 128
127 167
127 168
128 129
128 168
128 169
129 130
129 169
129 170
130 131
130 170
130 171
131 132
131 171
131 172
132 133
132 172
132 173
133 134
133 135
133 173
134 135
134 240
134 345
134 450
135 136
135 173
135 240
135 267
136 137
136 173
136 184
136 267
136 279
137 138
137 184
137 194
137 279
137 290
138 139
138 194
138 203
138 290
138 300
139 140
139 203
139 211
139 300
139 309
140 141
140 211
140 218
140 309
140 317
141 142
141 218
141 224
141 317
141 324
142 143
142 224
142 229
142 324
142 330
143 144
143 229
143 233
143 330
143 335
144 145
144 233
144 236
144 335
144 339
145 146
145 236
145 238
145 339
145 342
146 147
146 238
146 239
146 342
146 344
147 148
147 149
147 239
147 266
147 344
148 149
148 266
148 1379
148 1484
148 1563
149 150
149 239
149 1563
149 1601
150 151
150 237
150 239
150 1600
150 1601
151 152
151 234
151 237
151 1599
151 1600
152 153
152 230
152 234
152 1598
152 1599
153 154
153 225
153 230
153 1597
153 1598
154 155
154 219
154 225
154 1596
154 1597
155 156
155 212
155 219
155 1595
155 1596
156 157
156 204
156 212
156 1594
156 1595
157 158
157 195
157 204
157 1593
157 1594
158 159
158 185
158 195
158 1592
158 1593
159 160
159 174
159 185
159 1591
159 1592
160 161
160 162
160 174
160 1590
160 1591
161 162
161 1589
161 1590
162 163
162 174
163 164
163 174
163 175
164 165
164 175
164 176
165 166
165 176
165 177
166 167
166 177
166 178
167 168
167 178
167 179
168 169
168 179
168 180
169 170
169 180
169 181
170 171
170 181
170 182
171 172
171 182
171 183
172 173
172 183
172 184
173 184
174 175
174 185
175 176
175 185
175 186
176 177
176 186
176 187
177 178
177 187
177 188
178 179
178 188
178 189
179 180
179 189
179 190
180 181
180 190
180 191
181 182
181 191
181 192
182 183
182 192
182 193
183 184
183 193
183 194
184 194
185 186
185 195
186 187
186 195
186 196
187 188
187 196
187 197
188 189
188 197
188 198
189 190
189 198
189 199
190 191
190 199
190 200
191 192
191 200
191 201
192 193
192 201
192 202
193 194
193 202
193 203
194 203
195 196
195 204
196 197
196 204
196 205
197 198
197 205
197 206
198 199
198 206
198 207
199 200
199 207
199 208
200 201
200 208
200 209
201 202
201 209
201 210
202 203
202 210
202 211
203 211
204 205
204 212
205 206
205 212
205 213
206 207
206 213
206 214
207 208
207 214
207 215
208 209
208 215
208 216
209 210
209 216
209 217
210 211
210 217
210 218
211 218
212 213
212 219
213 214
213 219
213 220
214 215
214 220
214 221
215 216
215 221
215 222
216 217
216 222
216 223
217 218
217 223
217 224
218 224
219 220
219 225
220 221
220 225
220 226
221 222
221 226
221 227
222 223
222 227
222 228
223 224
223 228
223 229
224 229
225 226
225 230
226 227
226 230
226 231
227 228
227 231
227 232
228 229
228 232
228 233
229 233
230 231
230 234
231 232
231 234
231 235
232 233
232 235
232 236
233 236
234 235
234 237
235 236
235 237
235 238
236 238
237 238
237 239
238 239
240 241
240 267
240 345
240 372
241 242
241 267
241 268
241 372
241 384
242 243
242 268
242 269
242 384
242 395
243 244
243 269
243 270
243 395
243 405
244 245
244 270
244 271
244 405
244 414
245 246
245 271
245 272
245 414
245 422
246 247
246 272
246 273
246 422
246 429
247 248
247 273
247 274
247 429
247 435
248 249
248 274
248 275
248 435
248 440
249 250
249 275
249 276
249 440
249 444
250 251
250 276
250 277
250 444
250 447
251 252
251 277
251 278
251 447
251 449
252 253
252 254
252 278
252 371
252 449
253 254
253 371
253 882
253 1183
253 1288
254 255
254 278
254 1288
254 1391
255 256
255 278
255 289
255 1390
255 1391
256 257
256 289
256 299
256 1389
256 1390
257 258
257 299
257 308
257 1388
257 1389
258 259
258 308
258 316
258 1387
258 1388
259 260
259 316
259 323
259 1386
259 1387
260 261
260 323
260 329
260 1385
260 1386
261 262
261 329
261 334
261 1384
261 1385
262 263
262 334
262 338
262 1383
262 1384
263 264
263 338
263 341
263 1382
263 1383
264 265
264 341
264 343
264 1381
264 1382
265 266
265 343
265 344
265 1380
265 1381
266 344
266 1379
266 1380
267 268
267 279
268 269
268 279
268 280
269 270
269 280
269 281
270 271
270 281
270 282
271 272
271 282
271 283
272 273
272 283
272 284
273 274
273 284
273 285
274 275
274 285
274 286
275 276
275 286
275 287
276 277
276 287
276 288
277 278
277 288
277 289
278 289
279 280
279 290
280 281
280 290
280 291
281 282
281 291
281 292
282 283
282 292
282 293
283 284
283 293
283 294
284 285
284 294
284 295
285 286
285 295
285 296
286 287
286 296
286 297
287 288
287 297
287 298
288 289
288 298
288 299
289 299
290 291
290 300
291 292
291 300
291 301
292 293
292 301
292 302
293 294
293 302
293 303
294 295
294 303
294 304
295 296
295 304
295 305
296 297
296 305
296 306
297 298
297 306
297 307
298 299
298 307
298 308
299 308
300 301
300 309
301 302
301 309
301 310
302 303
302 310
302 311
303 304
303 311
303 312
304 305
304 312
304 313
305 306
305 313
305 314
306 307
306 314
306 315
307 308
307 315
307 316
308 316
309 310
309 317
310 311
310 317
310 318
311 312
311 318
311 319
312 313
312 319
312 320
313 314
313 320
313 321
314 315
314 321
314 322
315 316
315 322
315 323
316 323
317 318
317 324
318 319
318 324
318 325
319 320
319 325
319 326
320 321
320 326
320 327
321 322
321 327
321 328
322 323
322 328
322 329
323 329
324 325
324 330
325 326
325 330
325 331
326 327
326 331
326 332
327 328
327 332
327 333
328 329
328 333
328 334
329 334
330 331
330 335
331 332
331 335
331 336
332 333
332 336
332 337
333 334
333 337
333 338
334 338
335 336
335 339
336 337
336 339
336 340
337 338
337 340
337 341
338 341
339 340
339 342
340 341
340 342
340 343
341 343
342 343
342 344
343 344
345 346
345 372
345 450
345 477
346 347
346 372
346 373
346 477
346 489
347 348
347 373
347 374
347 489
347 500
348 349
348 374
348 375
348 500
348 510
349 350
349 375
349 376
349 510
349 519
350 351
350 376
350 377
350 519
350 527
351 352
351 377
351 378
351 527
351 534
352 353
352 378
352 379
352 534
352 540
353 354
353 379
353 380
353 540
353 545
354 355
354 380
354 381
354 545
354 549
355 356
355 381
355 382
355 549
355 552
356 357
356 382
356 383
356 552
356 554
357 358
357 359
357 383
357 476
357 554
358 359
358 476
358 581
358 686
358 791
359 360
359 383
359 791
359 883
360 361
360 383
360 394
360 883
360 895
361 362
361 394
361 404
361 895
361 906
362 363
362 404
362 413
362 906
362 916
363 364
363 413
363 421
363 916
363 925
364 365
364 421
364 428
364 925
364 933
365 366
365 428
365 434
365 933
365 940
366 367
366 434
366 439
366 940
366 946
367 368
367 439
367 443
367 946
367 951
368 369
368 443
368 446
368 951
368 955
369 370
369 446
369 448
369 955
369 958
370 371
370 448
370 449
370 958
370 960
371 449
371 882
371 960
372 373
372 384
373 374
373 384
373 385
374 375
374 385
374 386
375 376
375 386
375 387
376 377
376 387
376 388
377 378
377 388
377 389
378 379
378 389
378 390
379 380
379 390
379 391
380 381
380 391
380 392
381 382
381 392
381 393
382 383
382 393
382 394
383 394
384 385
384 395
385 386
385 395
385 396
386 387
386 396
386 397
387 388
387 397
387 398
388 389
388 398
388 399
389 390
389 399
389 400
390 391
390 400
390 401
391 392
391 401
391 402
392 393
392 402
392 403
393 394
393 403
393 404
394 404
395 396
395 405
396 397
396 405
396 406
397 398
397 406
397 407
398 399
398 407
398 408
399 400
399 408
399 409
400 401
400 409
400 410
401 402
401 410
401 411
402 403
402 411
402 412
403 404
403 412
403 413
404 413
405 406
405 414
406 407
406 414
406 415
407 408
407 415
407 416
408 409
408 416
408 417
409 410
409 417
409 418
410 411
410 418
410 419
411 412
411 419
411 420
412 413
412 420
412 421
413 421
414 415
414 422
415 416
415 422
415 423
416 417
416 423
416 424
417 418
417 424
417 425
418 419
418 425
418 426
419 420
419 426
419 427
420 421
420 427
420 428
421 428
422 423
422 429
423 424
423 429
423 430
424 425
424 430
424 431
425 426
425 431
425 432
426 427
426 432
426 433
427 428
427 433
427 434
428 434
429 430
429 435
430 431
430 435
430 436
431 432
431 436
431 437
432 433
432 437
432 438
433 434
433 438
433 439
434 439
435 436
435 440
436 437
436 440
436 441
437 438
437 441
437 442
438 439
438 442
438 443
439 443
440 441
440 444
441 442
441 444
441 445
442 443
442 445
442 446
443 446
444 445
444 447
445 446
445 447
445 448
446 448
447 448
447 449
448 449
450 451
450 477
451 452
451 477
451 478
452 453
452 478
452 479
453 454
453 479
453 480
454 455
454 480
454 481
455 456
455 481
455 482
456 457
456 482
456 483
457 458
457 483
457 484
458 459
458 484
458 485
459 460
459 485
459 486
460 461
460 486
460 487
461 462
461 487
461 488
462 463
462 464
462 488
463 464
463 555
464 465
464 488
464 555
464 582
465 466
465 488
465 499
465 582
465 594
466 467
466 499
466 509
466 594
466 605
467 468
467 509
467 518
467 605
467 615
468 469
468 518
468 526
468 615
468 624
469 470
469 526
469 533
469 624
469 632
470 471
470 533
470 539
470 632
470 639
471 472
471 539
471 544
471 639
471 645
472 473
472 544
472 548
472 645
472 650
473 474
473 548
473 551
473 650
473 654
474 475
474 551
474 553
474 654
474 657
475 476
475 553
475 554
475 657
475 659
476 554
476 581
476 659
477 478
477 489
478 479
478 489
478 490
479 480
479 490
479 491
480 481
480 491
480 492
481 482
481 492
481 493
482 483
482 493
482 494
483 484
483 494
483 495
484 485
484 495
484 496
485 486
485 496
485 497
486 487
486 497
486 498
487 488
487 498
487 499
488 499
489 490
489 500
490 491
490 500
490 501
491 492
491 501
491 502
492 493
492 502
492 503
493 494
493 503
493 504
494 495
494 504
494 505
495 496
495 505
495 506
496 497
496 506
496 507
497 498
497 507
497 508
498 499
498 508
498 509
499 509
500 501
500 510
501 502
501 510
501 511
502 503
502 511
502 512
503 504
503 512
503 513
504 505
504 513
504 514
505 506
505 514
505 515
506 507
506 515
506 516
507 508
507 516
507 517
508 509
508 517
508 518
509 518
510 511
510 519
511 512
511 519
511 520
512 513
512 520
512 521
513 514
513 521
513 522
514 515
514 522
514 523
515 516
515 523
515 524
516 517
516 524
516 525
517 518
517 525
517 526
518 526
519 520
519 527
520 521
520 527
520 528
521 522
521 528
521 529
522 523
522 529
522 530
523 524
523 530
523 531
524 525
524 531
524 532
525 526
525 532
525 533
526 533
527 528
527 534
528 529
528 534
528 535
529 530
529 535
529 536
530 531
530 536
530 537
531 532
531 537
531 538
532 533
532 538
532 539
533 539
534 535
534 540
535 536
535 540
535 541
536 537
536 541
536 542
537 538
537 542
537 543
538 539
538 543
538 544
539 544
540 541
540 545
541 542
541 545
541 546
542 543
542 546
542 547
543 544
543 547
543 548
544 548
545 546
545 549
546 547
546 549
546 550
547 548
547 550
547 551
548 551
549 550
549 552
550 551
550 552
550 553
551 553
552 553
552 554
553 554
555 556
555 582
556 557
556 582
556 583
557 558
557 583
557 584
558 559
558 584
558 585
559 560
559 585
559 586
560 561
560 586
560 587
561 562
561 587
561 588
562 563
562 588
562 589
563 564
563 589
563 590
564 565
564 590
564 591
565 566
565 591
565 592
566 567
566 592
566 593
567 568
567 569
567 593
568 569
568 660
569 570
569 593
569 660
569 698
570 571
570 593
570 604
570 697
570 698
571 572
571 604
571 614
571 696
571 697
572 573
572 614
572 623
572 695
572 696
573 574
573 623
573 631
573 694
573 695
574 575
574 631
574 638
574 693
574 694
575 576
575 638
575 644
575 692
575 693
576 577
576 644
576 649
576 691
576 692
577 578
577 649
577 653
577 690
577 691
578 579
578 653
578 656
578 689
578 690
579 580
579 656
579 658
579 688
579 689
580 581
580 658
580 659
580 687
580 688
581 659
581 686
581 687
582 583
582 594
583 584
583 594
583 595
584 585
584 595
584 596
585 586
585 596
585 597
586 587
586 597
586 598
587 588
587 598
587 599
588 589
588 599
588 600
589 590
589 600
589 601
590 591
590 601
590 602
591 592
591 602
591 603
592 593
592 603
592 604
593 604
594 595
594 605
595 596
595 605
595 606
596 597
596 606
596 607
597 598
597 607
597 608
598 599
598 608
598 609
599 600
599 609
599 610
600 601
600 610
600 611
601 602
601 611
601 612
602 603
602 612
602 613
603 604
603 613
603 614
604 614
605 606
605 615
606 607
606 615
606 616
607 608
607 616
607 617
608 609
608 617
608 618
609 610
609 618
609 619
610 611
610 619
610 620
611 612
611 620
611 621
612 613
612 621
612 622
613 614
613 622
613 623
614 623
615 616
615 624
616 617
616 624
616 625
617 618
617 625
617 626
618 619
618 626
618 627
619 620
619 627
619 628
620 621
620 628
620 629
621 622
621 629
621 630
622 623
622 630
622 631
623 631
624 625
624 632
625 626
625 632
625 633
626 627
626 633
626 634
627 628
627 634
627 635
628 629
628 635
628 636
629 630
629 636
629 637
630 631
630 637
630 638
631 638
632 633
632 639
633 634
633 639
633 640
634 635
634 640
634 641
635 636
635 641
635 642
636 637
636 642
636 643
637 638
637 643
637 644
638 644
639 640
639 645
640 641
640 645
640 646
641 642
641 646
641 647
642 643
642 647
642 648
643 644
643 648
643 649
644 649
645 646
645 650
646 647
646 650
646 651
647 648
647 651
647 652
648 649
648 652
648 653
649 653
650 651
650 654
651 652
651 654
651 655
652 653
652 655
652 656
653 656
654 655
654 657
655 656
655 657
655 658
656 658
657 658
657 659
658 659
660 661
660 698
661 662
661 698
661 709
662 663
662 709
662 719
663 664
663 719
663 728
664 665
664 728
664 736
665 666
665 736
665 743
666 667
666 743
666 749
667 668
667 749
667 754
668 669
668 754
668 758
669 670
669 758
669 761
670 671
670 761
670 763
671 672
671 763
671 764
672 673
672 674
672 764
673 674
673 765
673 961
674 675
674 764
674 765
674 803
675 676
675 762
675 764
675 802
675 803
676 677
676 759
676 762
676 801
676 802
677 678
677 755
677 759
677 800
677 801
678 679
678 750
678 755
678 799
678 800
679 680
679 744
679 750
679 798
679 799
680 681
680 737
680 744
680 797
680 798
681 682
681 729
681 737
681 796
681 797
682 683
682 720
682 729
682 795
682 796
683 684
683 710
683 720
683 794
683 795
684 685
684 699
684 710
684 793
684 794
685 686
685 687
685 699
685 792
685 793
686 687
686 791
686 792
687 688
687 699
688 689
688 699
688 700
689 690
689 700
689 701
690 691
690 701
690 702
691 692
691 702
691 703
692 693
692 703
692 704
693 694
693 704
693 705
694 695
694 705
694 706
695 696
695 706
695 707
696 697
696 707
696 708
697 698
697 708
697 709
698 709
699 700
699 710
700 701
700 710
700 711
701 702
701 711
701 712
702 703
702 712
702 713
703 704
703 713
703 714
704 705
704 714
704 715
705 706
705 715
705 716
706 707
706 716
706 717
707 708
707 717
707 718
708 709
708 718
708 719
709 719
710 711
710 720
711 712
711 720
711 721
712 713
712 721
712 722
713 714
713 722
713 723
714 715
714 723
714 724
715 716
715 724
715 725
716 717
716 725
716 726
717 718
717 726
717 727
718 719
718 727
718 728
719 728
720 721
720 729
721 722
721 729
721 730
722 723
722 730
722 731
723 724
723 731
723 732
724 725
724 732
724 733
725 726
725 733
725 734
726 727
726 734
726 735
727 728
727 735
727 736
728 736
729 730
729 737
730 731
730 737
730 738
731 732
731 738
731 739
732 733
732 739
732 740
733 734
733 740
733 741
734 735
734 741
734 742
735 736
735 742
735 743
736 743
737 738
737 744
738 739
738 744
738 745
739 740
739 745
739 746
740 741
740 746
740 747
741 742
741 747
741 748
742 743
742 748
742 749
743 749
744 745
744 750
745 746
745 750
745 751
746 747
746 751
746 752
747 748
747 752
747 753
748 749
748 753
748 754
749 754
750 751
750 755
751 752
751 755
751 756
752 753
752 756
752 757
753 754
753 757
753 758
754 758
755 756
755 759
756 757
756 759
756 760
757 758
757 760
757 761
758 761
759 760
759 762
760 761
760 762
760 763
761 763
762 763
762 764
763 764
765 766
765 803
765 961
765 999
766 767
766 803
766 814
766 998
766 999
767 768
767 814
767 824
767 997
767 998
768 769
768 824
768 833
768 996
768 997
769 770
769 833
769 841
769 995
769 996
770 771
770 841
770 848
770 994
770 995
771 772
771 848
771 854
771 993
771 994
772 773
772 854
772 859
772 992
772 993
773 774
773 859
773 863
773 991
773 992
774 775
774 863
774 866
774 990
774 991
775 776
775 866
775 868
775 989
775 990
776 777
776 868
776 869
776 988
776 989
777 778
777 779
777 869
777 987
777 988
778 779
778 870
778 987
778 1092
779 780
779 869
779 870
779 894
780 781
780 867
780 869
780 893
780 894
781 782
781 864
781 867
781 892
781 893
782 783
782 860
782 864
782 891
782 892
783 784
783 855
783 860
783 890
783 891
784 785
784 849
784 855
784 889
784 890
785 786
785 842
785 849
785 888
785 889
786 787
786 834
786 842
786 887
786 888
787 788
787 825
787 834
787 886
787 887
788 789
788 815
788 825
788 885
788 886
789 790
789 804
789 815
789 884
789 885
790 791
790 792
790 804
790 883
790 884
791 792
791 883
792 793
792 804
793 794
793 804
793 805
794 795
794 805
794 806
795 796
795 806
795 807
796 797
796 807
796 808
797 798
797 808
797 809
798 799
798 809
798 810
799 800
799 810
799 811
800 801
800 811
800 812
801 802
801 812
801 813
802 803
802 813
802 814
803 814
804 805
804 815
805 806
805 815
805 816
806 807
806 816
806 817
807 808
807 817
807 818
808 809
808 818
808 819
809 810
809 819
809 820
810 811
810 820
810 821
811 812
811 821
811 822
812 813
812 822
812 823
813 814
813 823
813 824
814 824
815 816
815 825
816 817
816 825
816 826
817 818
817 826
817 827
818 819
818 827
818 828
819 820
819 828
819 829
820 821
820 829
820 830
821 822
821 830
821 831
822 823
822 831
822 832
823 824
823 832
823 833
824 833
825 826
825 834
826 827
826 834
826 835
827 828
827 835
827 836
828 829
828 836
828 837
829 830
829 837
829 838
830 831
830 838
830 839
831 832
831 839
831 840
832 833
832 840
832 841
833 841
834 835
834 842
835 836
835 842
835 843
836 837
836 843
836 844
837 838
837 844
837 845
838 839
838 845
838 846
839 840
839 846
839 847
840 841
840 847
840 848
841 848
842 843
842 849
843 844
843 849
843 850
844 845
844 850
844 851
845 846
845 851
845 852
846 847
846 852
846 853
847 848
847 853
847 854
848 854
849 850
849 855
850 851
850 855
850 856
851 852
851 856
851 857
852 853
852 857
852 858
853 854
853 858
853 859
854 859
855 856
855 860
856 857
856 860
856 861
857 858
857 861
857 862
858 859
858 862
858 863
859 863
860 861
860 864
861 862
861 864
861 865
862 863
862 865
862 866
863 866
864 865
864 867
865 866
865 867
865 868
866 868
867 868
867 869
868 869
870 871
870 894
870 1092
870 1195
871 872
871 894
871 905
871 1194
871 1195
872 873
872 905
872 915
872 1193
872 1194
873 874
873 915
873 924
873 1192
873 1193
874 875
874 924
874 932
874 1191
874 1192
875 876
875 932
875 939
875 1190
875 1191
876 877
876 939
876 945
876 1189
876 1190
877 878
877 945
877 950
877 1188
877 1189
878 879
878 950
878 954
878 1187
878 1188
879 880
879 954
879 957
879 1186
879 1187
880 881
880 957
880 959
880 1185
880 1186
881 882
881 959
881 960
881 1184
881 1185
882 960
882 1183
882 1184
883 884
883 895
884 885
884 895
884 896
885 886
885 896
885 897
886 887
886 897
886 898
887 888
887 898
887 899
888 889
888 899
888 900
889 890
889 900
889 901
890 891
890 901
890 902
891 892
891 902
891 903
892 893
892 903
892 904
893 894
893 904
893 905
894 905
895 896
895 906
896 897
896 906
896 907
897 898
897 907
897 908
898 899
898 908
898 909
899 900
899 909
899 910
900 901
900 910
900 911
901 902
901 911
901 912
902 903
902 912
902 913
903 904
903 913
903 914
904 905
904 914
904 915
905 915
906 907
906 916
907 908
907 916
907 917
908 909
908 917
908 918
909 910
909 918
909 919
910 911
910 919
910 920
911 912
911 920
911 921
912 913
912 921
912 922
913 914
913 922
913 923
914 915
914 923
914 924
915 924
916 917
916 925
917 918
917 925
917 926
918 919
918 926
918 927
919 920
919 927
919 928
920 921
920 928
920 929
921 922
921 929
921 930
922 923
922 930
922 931
923 924
923 931
923 932
924 932
925 926
925 933
926 927
926 933
926 934
927 928
927 934
927 935
928 929
928 935
928 936
929 930
929 936
929 937
930 931
930 937
930 938
931 932
931 938
931 939
932 939
933 934
933 940
934 935
934 940
934 941
935 936
935 941
935 942
936 937
936 942
936 943
937 938
937 943
937 944
938 939
938 944
938 945
939 945
940 941
940 946
941 942
941 946
941 947
942 943
942 947
942 948
943 944
943 948
943 949
944 945
944 949
944 950
945 950
946 947
946 951
947 948
947 951
947 952
948 949
948 952
948 953
949 950
949 953
949 954
950 954
951 952
951 955
952 953
952 955
952 956
953 954
953 956
953 957
954 957
955 956
955 958
956 957
956 958
956 959
957 959
958 959
958 960
959 960
961 962
961 999
962 963
962 999
962 1010
963 964
963 1010
963 1020
964 965
964 1020
964 1029
965 966
965 1029
965 1037
966 967
966 1037
966 1044
967 968
967 1044
967 1050
968 969
968 1050
968 1055
969 970
969 1055
969 1059
970 971
970 1059
970 1062
971 972
971 1062
971 1064
972 973
972 1064
972 1065
973 974
973 975
973 1065
974 975
974 1066
974 2060
975 976
975 1065
975 1066
975 1104
976 977
976 1063
976 1065
976 1103
976 1104
977 978
977 1060
977 1063
977 1102
977 1103
978 979
978 1056
978 1060
978 1101
978 1102
979 980
979 1051
979 1056
979 1100
979 1101
980 981
980 1045
980 1051
980 1099
980 1100
981 982
981 1038
981 1045
981 1098
981 1099
982 983
982 1030
982 1038
982 1097
982 1098
983 984
983 1021
983 1030
983 1096
983 1097
984 985
984 1011
984 1021
984 1095
984 1096
985 986
985 1000
985 1011
985 1094
985 1095
986 987
986 988
986 1000
986 1093
986 1094
987 988
987 1092
987 1093
988 989
988 1000
989 990
989 1000
989 1001
990 991
990 1001
990 1002
991 992
991 1002
991 1003
992 993
992 1003
992 1004
993 994
993 1004
993 1005
994 995
994 1005
994 1006
995 996
995 1006
995 1007
996 997
996 1007
996 1008
997 998
997 1008
997 1009
998 999
998 1009
998 1010
999 1010
1000 1001
1000 1011
1001 1002
1001 1011
1001 1012
1002 1003
1002 1012
1002 1013
1003 1004
1003 1013
1003 1014
1004 1005
1004 1014
1004 1015
1005 1006
1005 1015
1005 1016
1006 1007
1006 1016
1006 1017
1007 1008
1007 1017
1007 1018
1008 1009
1008 1018
1008 1019
1009 1010
1009 1019
1009 1020
1010 1020
1011 1012
1011 1021
1012 1013
1012 1021
1012 1022
1013 1014
1013 1022
1013 1023
1014 1015
1014 1023
1014 1024
1015 1016
1015 1024
1015 1025
1016 1017
1016 1025
1016 1026
1017 1018
1017 1026
1017 1027
1018 1019
1018 1027
1018 1028
1019 1020
1019 1028
1019 1029
1020 1029
1021 1022
1021 1030
1022 1023
1022 1030
1022 1031
1023 1024
1023 1031
1023 1032
1024 1025
1024 1032
1024 1033
1025 1026
1025 1033
1025 1034
1026 1027
1026 1034
1026 1035
1027 1028
1027 1035
1027 1036
1028 1029
1028 1036
1028 1037
1029 1037
1030 1031
1030 1038
1031 1032
1031 1038
1031 1039
1032 1033
1032 1039
1032 1040
1033 1034
1033 1040
1033 1041
1034 1035
1034 1041
1034 1042
1035 1036
1035 1042
1035 1043
1036 1037
1036 1043
1036 1044
1037 1044
1038 1039
1038 1045
1039 1040
1039 1045
1039 1046
1040 1041
1040 1046
1040 1047
1041 1042
1041 1047
1041 1048
1042 1043
1042 1048
1042 1049
1043 1044
1043 1049
1043 1050
1044 1050
1045 1046
1045 1051
1046 1047
1046 1051
1046 1052
1047 1048
1047 1052
1047 1053
1048 1049
1048 1053
1048 1054
1049 1050
1049 1054
1049 1055
1050 1055
1051 1052
1051 1056
1052 1053
1052 1056
1052 1057
1053 1054
1053 1057
1053 1058
1054 1055
1054 1058
1054 1059
1055 1059
1056 1057
1056 1060
1057 1058
1057 1060
1057 1061
1058 1059
1058 1061
1058 1062
1059 1062
1060 1061
1060 1063
1061 1062
1061 1063
1061 1064
1062 1064
1063 1064
1063 1065
1064 1065
1066 1067
1066 1104
1066 2060
1066 2084
1067 1068
1067 1104
1067 1115
1067 2083
1067 2084
1068 1069
1068 1115
1068 1125
1068 2082
1068 2083
1069 1070
1069 1125
1069 1134
1069 2081
1069 2082
1070 1071
1070 1134
1070 1142
1070 2080
1070 2081
1071 1072
1071 1142
1071 1149
1071 2079
1071 2080
1072 1073
1072 1149
1072 1155
1072 2078
1072 2079
1073 1074
1073 1155
1073 1160
1073 2077
1073 2078
1074 1075
1074 1160
1074 1164
1074 2076
1074 2077
1075 1076
1075 1164
1075 1167
1075 2075
1075 2076
1076 1077
1076 1167
1076 1169
1076 2074
1076 2075
1077 1078
1077 1169
1077 1170
1077 2073
1077 2074
1078 1079
1078 1080
1078 1170
1078 1955
1078 2073
1079 1080
1079 1171
1079 1262
1079 1864
1079 1955
1080 1081
1080 1170
1080 1171
1080 1261
1081 1082
1081 1168
1081 1170
1081 1260
1081 1261
1082 1083
1082 1165
1082 1168
1082 1258
1082 1260
1083 1084
1083 1161
1083 1165
1083 1255
1083 1258
1084 1085
1084 1156
1084 1161
1084 1251
1084 1255
1085 1086
1085 1150
1085 1156
1085 1246
1085 1251
1086 1087
1086 1143
1086 1150
1086 1240
1086 1246
1087 1088
1087 1135
1087 1143
1087 1233
1087 1240
1088 1089
1088 1126
1088 1135
1088 1225
1088 1233
1089 1090
1089 1116
1089 1126
1089 1216
1089 1225
1090 1091
1090 1105
1090 1116
1090 1206
1090 1216
1091 1092
1091 1093
1091 1105
1091 1195
1091 1206
1092 1093
1092 1195
1093 1094
1093 1105
1094 1095
1094 1105
1094 1106
1095 1096
1095 1106
1095 1107
1096 1097
1096 1107
1096 1108
1097 1098
1097 1108
1097 1109
1098 1099
1098 1109
1098 1110
1099 1100
1099 1110
1099 1111
1100 1101
1100 1111
1100 1112
1101 1102
1101 1112
1101 1113
1102 1103
1102 1113
1102 1114
1103 1104
1103 1114
1103 1115
1104 1115
1105 1106
1105 1116
1106 1107
1106 1116
1106 1117
1107 1108
1107 1117
1107 1118
1108 1109
1108 1118
1108 1119
1109 1110
1109 1119
1109 1120
1110 1111
1110 1120
1110 1121
1111 1112
1111 1121
1111 1122
1112 1113
1112 1122
1112 1123
1113 1114
1113 1123
1113 1124
1114 1115
1114 1124
1114 1125
1115 1125
1116 1117
1116 1126
1117 1118
1117 1126
1117 1127
1118 1119
1118 1127
1118 1128
1119 1120
1119 1128
1119 1129
1120 1121
1120 1129
1120 1130
1121 1122
1121 1130
1121 1131
1122 1123
1122 1131
1122 1132
1123 1124
1123 1132
1123 1133
1124 1125
1124 1133
1124 1134
1125 1134
1126 1127
1126 1135
1127 1128
1127 1135
1127 1136
1128 1129
1128 1136
1128 1137
1129 1130
1129 1137
1129 1138
1130 1131
1130 1138
1130 1139
1131 1132
1131 1139
1131 1140
1132 1133
1132 1140
1132 1141
1133 1134
1133 1141
1133 1142
1134 1142
1135 1136
1135 1143
1136 1137
1136 1143
1136 1144
1137 1138
1137 1144
1137 1145
1138 1139
1138 1145
1138 1146
1139 1140
1139 1146
1139 1147
1140 1141
1140 1147
1140 1148
1141 1142
1141 1148
1141 1149
1142 1149
1143 1144
1143 1150
1144 1145
1144 1150
1144 1151
1145 1146
1145 1151
1145 1152
1146 1147
1146 1152
1146 1153
1147 1148
1147 1153
1147 1154
1148 1149
1148 1154
1148 1155
1149 1155
1150 1151
1150 1156
1151 1152
1151 1156
1151 1157
1152 1153
1152 1157
1152 1158
1153 1154
1153 1158
1153 1159
1154 1155
1154 1159
1154 1160
1155 1160
1156 1157
1156 1161
1157 1158
1157 1161
1157 1162
1158 1159
1158 1162
1158 1163
1159 1160
1159 1163
1159 1164
1160 1164
1161 1162
1161 1165
1162 1163
1162 1165
1162 1166
1163 1164
1163 1166
1163 1167
1164 1167
1165 1166
1165 1168
1166 1167
1166 1168
1166 1169
1167 1169
1168 1169
1168 1170
1169 1170
1171 1172
1171 1261
1171 1262
1171 1300
1172 1173
1172 1259
1172 1261
1172 1299
1172 1300
1173 1174
1173 1256
1173 1259
1173 1298
1173 1299
1174 1175
1174 1252
1174 1256
1174 1297
1174 1298
1175 1176
1175 1247
1175 1252
1175 1296
1175 1297
1176 1177
1176 1241
1176 1247
1176 1295
1176 1296
1177 1178
1177 1234
1177 1241
1177 1294
1177 1295
1178 1179
1178 1226
1178 1234
1178 1293
1178 1294
1179 1180
1179 1217
1179 1226
1179 1292
1179 1293
1180 1181
1180 1207
1180 1217
1180 1291
1180 1292
1181 1182
1181 1196
1181 1207
1181 1290
1181 1291
1182 1183
1182 1184
1182 1196
1182 1289
1182 1290
1183 1184
1183 1288
1183 1289
1184 1185
1184 1196
1185 1186
1185 1196
1185 1197
1186 1187
1186 1197
1186 1198
1187 1188
1187 1198
1187 1199
1188 1189
1188 1199
1188 1200
1189 1190
1189 1200
1189 1201
1190 1191
1190 1201
1190 1202
1191 1192
1191 1202
1191 1203
1192 1193
1192 1203
1192 1204
1193 1194
1193 1204
1193 1205
1194 1195
1194 1205
1194 1206
1195 1206
1196 1197
1196 1207
1197 1198
1197 1207
1197 1208
1198 1199
1198 1208
1198 1209
1199 1200
1199 1209
1199 1210
1200 1201
1200 1210
1200 1211
1201 1202
1201 1211
1201 1212
1202 1203
1202 1212
1202 1213
1203 1204
1203 1213
1203 1214
1204 1205
1204 1214
1204 1215
1205 1206
1205 1215
1205 1216
1206 1216
1207 1208
1207 1217
1208 1209
1208 1217
1208 1218
1209 1210
1209 1218
1209 1219
1210 1211
1210 1219
1210 1220
1211 1212
1211 1220
1211 1221
1212 1213
1212 1221
1212 1222
1213 1214
1213 1222
1213 1223
1214 1215
1214 1223
1214 1224
1215 1216
1215 1224
1215 1225
1216 1225
1217 1218
1217 1226
1218 1219
1218 1226
1218 1227
1219 1220
1219 1227
1219 1228
1220 1221
1220 1228
1220 1229
1221 1222
1221 1229
1221 1230
1222 1223
1222 1230
1222 1231
1223 1224
1223 1231
1223 1232
1224 1225
1224 1232
1224 1233
1225 1233
1226 1227
1226 1234
1227 1228
1227 1234
1227 1235
1228 1229
1228 1235
1228 1236
1229 1230
1229 1236
1229 1237
1230 1231
1230 1237
1230 1238
1231 1232
1231 1238
1231 1239
1232 1233
1232 1239
1232 1240
1233 1240
1234 1235
1234 1241
1235 1236
1235 1241
1235 1242
1236 1237
1236 1242
1236 1243
1237 1238
1237 1243
1237 1244
1238 1239
1238 1244
1238 1245
1239 1240
1239 1245
1239 1246
1240 1246
1241 1242
1241 1247
1242 1243
1242 1247
1242 1248
1243 1244
1243 1248
1243 1249
1244 1245
1244 1249
1244 1250
1245 1246
1245 1250
1245 1251
1246 1251
1247 1248
1247 1252
1248 1249
1248 1252
1248 1253
1249 1250
1249 1253
1249 1254
1250 1251
1250 1254
1250 1255
1251 1255
1252 1253
1252 1256
1253 1254
1253 1256
1253 1257
1254 1255
1254 1257
1254 1258
1255 1258
1256 1257
1256 1259
1257 1258
1257 1259
1257 1260
1258 1260
1259 1260
1259 1261
1260 1261
1262 1263
1262 1300
1262 1864
1262 1888
1263 1264
1263 1300
1263 1311
1263 1887
1263 1888
1264 1265
1264 1311
1264 1321
1264 1886
1264 1887
1265 1266
1265 1321
1265 1330
1265 1885
1265 1886
1266 1267
1266 1330
1266 1338
1266 1884
1266 1885
1267 1268
1267 1338
1267 1345
1267 1883
1267 1884
1268 1269
1268 1345
1268 1351
1268 1882
1268 1883
1269 1270
1269 1351
1269 1356
1269 1881
1269 1882
1270 1271
1270 1356
1270 1360
1270 1880
1270 1881
1271 1272
1271 1360
1271 1363
1271 1879
1271 1880
1272 1273
1272 1363
1272 1365
1272 1878
1272 1879
1273 1274
1273 1365
1273 1366
1273 1877
1273 1878
1274 1275
1274 1276
1274 1366
1274 1759
1274 1877
1275 1276
1275 1367
1275 1458
1275 1759
1276 1277
1276 1366
1276 1367
1276 1457
1277 1278
1277 1364
1277 1366
1277 1456
1277 1457
1278 1279
1278 1361
1278 1364
1278 1454
1278 1456
1279 1280
1279 1357
1279 1361
1279 1451
1279 1454
1280 1281
1280 1352
1280 1357
1280 1447
1280 1451
1281 1282
1281 1346
1281 1352
1281 1442
1281 1447
1282 1283
1282 1339
1282 1346
1282 1436
1282 1442
1283 1284
1283 1331
1283 1339
1283 1429
1283 1436
1284 1285
1284 1322
1284 1331
1284 1421
1284 1429
1285 1286
1285 1312
1285 1322
1285 1412
1285 1421
1286 1287
1286 1301
1286 1312
1286 1402
1286 1412
1287 1288
1287 1289
1287 1301
1287 1391
1287 1402
1288 1289
1288 1391
1289 1290
1289 1301
1290 1291
1290 1301
1290 1302
1291 1292
1291 1302
1291 1303
1292 1293
1292 1303
1292 1304
1293 1294
1293 1304
1293 1305
1294 1295
1294 1305
1294 1306
1295 1296
1295 1306
1295 1307
1296 1297
1296 1307
1296 1308
1297 1298
1297 1308
1297 1309
1298 1299
1298 1309
1298 1310
1299 1300
1299 1310
1299 1311
1300 1311
1301 1302
1301 1312
1302 1303
1302 1312
1302 1313
1303 1304
1303 1313
1303 1314
1304 1305
1304 1314
1304 1315
1305 1306
1305 1315
1305 1316
1306 1307
1306 1316
1306 1317
1307 1308
1307 1317
1307 1318
1308 1309
1308 1318
1308 1319
1309 1310
1309 1319
1309 1320
1310 1311
1310 1320
1310 1321
1311 1321
1312 1313
1312 1322
1313 1314
1313 1322
1313 1323
1314 1315
1314 1323
1314 1324
1315 1316
1315 1324
1315 1325
1316 1317
1316 1325
1316 1326
1317 1318
1317 1326
1317 1327
1318 1319
1318 1327
1318 1328
1319 1320
1319 1328
1319 1329
1320 1321
1320 1329
1320 1330
1321 1330
1322 1323
1322 1331
1323 1324
1323 1331
1323 1332
1324 1325
1324 1332
1324 1333
1325 1326
1325 1333
1325 1334
1326 1327
1326 1334
1326 1335
1327 1328
1327 1335
1327 1336
1328 1329
1328 1336
1328 1337
1329 1330
1329 1337
1329 1338
1330 1338
1331 1332
1331 1339
1332 1333
1332 1339
1332 1340
1333 1334
1333 1340
1333 1341
1334 1335
1334 1341
1334 1342
1335 1336
1335 1342
1335 1343
1336 1337
1336 1343
1336 1344
1337 1338
1337 1344
1337 1345
1338 1345
1339 1340
1339 1346
1340 1341
1340 1346
1340 1347
1341 1342
1341 1347
1341 1348
1342 1343
1342 1348
1342 1349
1343 1344
1343 1349
1343 1350
1344 1345
1344 1350
1344 1351
1345 1351
1346 1347
1346 1352
1347 1348
1347 1352
1347 1353
1348 1349
1348 1353
1348 1354
1349 1350
1349 1354
1349 1355
1350 1351
1350 1355
1350 1356
1351 1356
1352 1353
1352 1357
1353 1354
1353 1357
1353 1358
1354 1355
1354 1358
1354 1359
1355 1356
1355 1359
1355 1360
1356 1360
1357 1358
1357 1361
1358 1359
1358 1361
1358 1362
1359 1360
1359 1362
1359 1363
1360 1363
1361 1362
1361 1364
1362 1363
1362 1364
1362 1365
1363 1365
1364 1365
1364 1366
1365 1366
1367 1368
1367 1457
1367 1458
1367 1496
1368 1369
1368 1455
1368 1457
1368 1495
1368 1496
1369 1370
1369 1452
1369 1455
1369 1494
1369 1495
1370 1371
1370 1448
1370 1452
1370 1493
1370 1494
1371 1372
1371 1443
1371 1448
1371 1492
1371 1493
1372 1373
1372 1437
1372 1443
1372 1491
1372 1492
1373 1374
1373 1430
1373 1437
1373 1490
1373 1491
1374 1375
1374 1422
1374 1430
1374 1489
1374 1490
1375 1376
1375 1413
1375 1422
1375 1488
1375 1489
1376 1377
1376 1403
1376 1413
1376 1487
1376 1488
1377 1378
1377 1392
1377 1403
1377 1486
1377 1487
1378 1379
1378 1380
1378 1392
1378 1485
1378 1486
1379 1380
1379 1484
1379 1485
1380 1381
1380 1392
1381 1382
1381 1392
1381 1393
1382 1383
1382 1393
1382 1394
1383 1384
1383 1394
1383 1395
1384 1385
1384 1395
1384 1396
1385 1386
1385 1396
1385 1397
1386 1387
1386 1397
1386 1398
1387 1388
1387 1398
1387 1399
1388 1389
1388 1399
1388 1400
1389 1390
1389 1400
1389 1401
1390 1391
1390 1401
1390 1402
1391 1402
1392 1393
1392 1403
1393 1394
1393 1403
1393 1404
1394 1395
1394 1404
1394 1405
1395 1396
1395 1405
1395 1406
1396 1397
1396 1406
1396 1407
1397 1398
1397 1407
1397 1408
1398 1399
1398 1408
1398 1409
1399 1400
1399 1409
1399 1410
1400 1401
1400 1410
1400 1411
1401 1402
1401 1411
1401 1412
1402 1412
1403 1404
1403 1413
1404 1405
1404 1413
1404 1414
1405 1406
1405 1414
1405 1415
1406 1407
1406 1415
1406 1416
1407 1408
1407 1416
1407 1417
1408 1409
1408 1417
1408 1418
1409 1410
1409 1418
1409 1419
1410 1411
1410 1419
1410 1420
1411 1412
1411 1420
1411 1421
1412 1421
1413 1414
1413 1422
1414 1415
1414 1422
1414 1423
1415 1416
1415 1423
1415 1424
1416 1417
1416 1424
1416 1425
1417 1418
1417 1425
1417 1426
1418 1419
1418 1426
1418 1427
1419 1420
1419 1427
1419 1428
1420 1421
1420 1428
1420 1429
1421 1429
1422 1423
1422 1430
1423 1424
1423 1430
1423 1431
1424 1425
1424 1431
1424 1432
1425 1426
1425 1432
1425 1433
1426 1427
1426 1433
1426 1434
1427 1428
1427 1434
1427 1435
1428 1429
1428 1435
1428 1436
1429 1436
1430 1431
1430 1437
1431 1432
1431 1437
1431 1438
1432 1433
1432 1438
1432 1439
1433 1434
1433 1439
1433 1440
1434 1435
1434 1440
1434 1441
1435 1436
1435 1441
1435 1442
1436 1442
1437 1438
1437 1443
1438 1439
1438 1443
1438 1444
1439 1440
1439 1444
1439 1445
1440 1441
1440 1445
1440 1446
1441 1442
1441 1446
1441 1447
1442 1447
1443 1444
1443 1448
1444 1445
1444 1448
1444 1449
1445 1446
1445 1449
1445 1450
1446 1447
1446 1450
1446 1451
1447 1451
1448 1449
1448 1452
1449 1450
1449 1452
1449 1453
1450 1451
1450 1453
1450 1454
1451 1454
1452 1453
1452 1455
1453 1454
1453 1455
1453 1456
1454 1456
1455 1456
1455 1457
1456 1457
1458 1459
1458 1496
1458 1759
1458 1786
1459 1460
1459 1496
1459 1507
1459 1786
1459 1798
1460 1461
1460 1507
1460 1517
1460 1798
1460 1809
1461 1462
1461 1517
1461 1526
1461 1809
1461 1819
1462 1463
1462 1526
1462 1534
1462 1819
1462 1828
1463 1464
1463 1534
1463 1541
1463 1828
1463 1836
1464 1465
1464 1541
1464 1547
1464 1836
1464 1843
1465 1466
1465 1547
1465 1552
1465 1843
1465 1849
1466 1467
1466 1552
1466 1556
1466 1849
1466 1854
1467 1468
1467 1556
1467 1559
1467 1854
1467 1858
1468 1469
1468 1559
1468 1561
1468 1858
1468 1861
1469 1470
1469 1561
1469 1562
1469 1861
1469 1863
1470 1471
1470 1472
1470 1562
1470 1785
1470 1863
1471 1472
1471 1668
1471 1785
1471 2373
1471 2582
1472 1473
1472 1562
1472 1668
1472 1692
1473 1474
1473 1560
1473 1562
1473 1691
1473 1692
1474 1475
1474 1557
1474 1560
1474 1690
1474 1691
1475 1476
1475 1553
1475 1557
1475 1689
1475 1690
1476 1477
1476 1548
1476 1553
1476 1688
1476 1689
1477 1478
1477 1542
1477 1548
1477 1687
1477 1688
1478 1479
1478 1535
1478 1542
1478 1686
1478 1687
1479 1480
1479 1527
1479 1535
1479 1685
1479 1686
1480 1481
1480 1518
1480 1527
1480 1684
1480 1685
1481 1482
1481 1508
1481 1518
1481 1683
1481 1684
1482 1483
1482 1497
1482 1508
1482 1682
1482 1683
1483 1484
1483 1485
1483 1497
1483 1681
1483 1682
1484 1485
1484 1563
1484 1681
1485 1486
1485 1497
1486 1487
1486 1497
1486 1498
1487 1488
1487 1498
1487 1499
1488 1489
1488 1499
1488 1500
1489 1490
1489 1500
1489 1501
1490 1491
1490 1501
1490 1502
1491 1492
1491 1502
1491 1503
1492 1493
1492 1503
1492 1504
1493 1494
1493 1504
1493 1505
1494 1495
1494 1505
1494 1506
1495 1496
1495 1506
1495 1507
1496 1507
1497 1498
1497 1508
1498 1499
1498 1508
1498 1509
1499 1500
1499 1509
1499 1510
1500 1501
1500 1510
1500 1511
1501 1502
1501 1511
1501 1512
1502 1503
1502 1512
1502 1513
1503 1504
1503 1513
1503 1514
1504 1505
1504 1514
1504 1515
1505 1506
1505 1515
1505 1516
1506 1507
1506 1516
1506 1517
1507 1517
1508 1509
1508 1518
1509 1510
1509 1518
1509 1519
1510 1511
1510 1519
1510 1520
1511 1512
1511 1520
1511 1521
1512 1513
1512 1521
1512 1522
1513 1514
1513 1522
1513 1523
1514 1515
1514 1523
1514 1524
1515 1516
1515 1524
1515 1525
1516 1517
1516 1525
1516 1526
1517 1526
1518 1519
1518 1527
1519 1520
1519 1527
1519 1528
1520 1521
1520 1528
1520 1529
1521 1522
1521 1529
1521 1530
1522 1523
1522 1530
1522 1531
1523 1524
1523 1531
1523 1532
1524 1525
1524 1532
1524 1533
1525 1526
1525 1533
1525 1534
1526 1534
1527 1528
1527 1535
1528 1529
1528 1535
1528 1536
1529 1530
1529 1536
1529 1537
1530 1531
1530 1537
1530 1538
1531 1532
1531 1538
1531 1539
1532 1533
1532 1539
1532 1540
1533 1534
1533 1540
1533 1541
1534 1541
1535 1536
1535 1542
1536 1537
1536 1542
1536 1543
1537 1538
1537 1543
1537 1544
1538 1539
1538 1544
1538 1545
1539 1540
1539 1545
1539 1546
1540 1541
1540 1546
1540 1547
1541 1547
1542 1543
1542 1548
1543 1544
1543 1548
1543 1549
1544 1545
1544 1549
1544 1550
1545 1546
1545 1550
1545 1551
1546 1547
1546 1551
1546 1552
1547 1552
1548 1549
1548 1553
1549 1550
1549 1553
1549 1554
1550 1551
1550 1554
1550 1555
1551 1552
1551 1555
1551 1556
1552 1556
1553 1554
1553 1557
1554 1555
1554 1557
1554 1558
1555 1556
1555 1558
1555 1559
1556 1559
1557 1558
1557 1560
1558 1559
1558 1560
1558 1561
1559 1561
1560 1561
1560 1562
1561 1562
1563 1564
1563 1601
1563 1681
1564 1565
1564 1601
1564 1612
1564 1681
1564 1693
1565 1566
1565 1612
1565 1622
1565 1693
1565 1704
1566 1567
1566 1622
1566 1631
1566 1704
1566 1714
1567 1568
1567 1631
1567 1639
1567 1714
1567 1723
1568 1569
1568 1639
1568 1646
1568 1723
1568 1731
1569 1570
1569 1646
1569 1652
1569 1731
1569 1738
1570 1571
1570 1652
1570 1657
1570 1738
1570 1744
1571 1572
1571 1657
1571 1661
1571 1744
1571 1749
1572 1573
1572 1661
1572 1664
1572 1749
1572 1753
1573 1574
1573 1664
1573 1666
1573 1753
1573 1756
1574 1575
1574 1666
1574 1667
1574 1756
1574 1758
1575 1576
1575 1577
1575 1667
1575 1680
1575 1758
1576 1577
1576 1680
1576 2673
1576 2946
1577 1578
1577 1667
1578 1579
1578 1665
1578 1667
1579 1580
1579 1662
1579 1665
1580 1581
1580 1658
1580 1662
1581 1582
1581 1653
1581 1658
1582 1583
1582 1647
1582 1653
1583 1584
1583 1640
1583 1647
1584 1585
1584 1632
1584 1640
1585 1586
1585 1623
1585 1632
1586 1587
1586 1613
1586 1623
1587 1588
1587 1602
1587 1613
1588 1589
1588 1590
1588 1602
1589 1590
1590 1591
1590 1602
1591 1592
1591 1602
1591 1603
1592 1593
1592 1603
1592 1604
1593 1594
1593 1604
1593 1605
1594 1595
1594 1605
1594 1606
1595 1596
1595 1606
1595 1607
1596 1597
1596 1607
1596 1608
1597 1598
1597 1608
1597 1609
1598 1599
1598 1609
1598 1610
1599 1600
1599 1610
1599 1611
1600 1601
1600 1611
1600 1612
1601 1612
1602 1603
1602 1613
1603 1604
1603 1613
1603 1614
1604 1605
1604 1614
1604 1615
1605 1606
1605 1615
1605 1616
1606 1607
1606 1616
1606 1617
1607 1608
1607 1617
1607 1618
1608 1609
1608 1618
1608 1619
1609 1610
1609 1619
1609 1620
1610 1611
1610 1620
1610 1621
1611 1612
1611 1621
1611 1622
1612 1622
1613 1614
1613 1623
1614 1615
1614 1623
1614 1624
1615 1616
1615 1624
1615 1625
1616 1617
1616 1625
1616 1626
1617 1618
1617 1626
1617 1627
1618 1619
1618 1627
1618 1628
1619 1620
1619 1628
1619 1629
1620 1621
1620 1629
1620 1630
1621 1622
1621 1630
1621 1631
1622 1631
1623 1624
1623 1632
1624 1625
1624 1632
1624 1633
1625 1626
1625 1633
1625 1634
1626 1627
1626 1634
1626 1635
1627 1628
1627 1635
1627 1636
1628 1629
1628 1636
1628 1637
1629 1630
1629 1637
1629 1638
1630 1631
1630 1638
1630 1639
1631 1639
1632 1633
1632 1640
1633 1634
1633 1640
1633 1641
1634 1635
1634 1641
1634 1642
1635 1636
1635 1642
1635 1643
1636 1637
1636 1643
1636 1644
1637 1638
1637 1644
1637 1645
1638 1639
1638 1645
1638 1646
1639 1646
1640 1641
1640 1647
1641 1642
1641 1647
1641 1648
1642 1643
1642 1648
1642 1649
1643 1644
1643 1649
1643 1650
1644 1645
1644 1650
1644 1651
1645 1646
1645 1651
1645 1652
1646 1652
1647 1648
1647 1653
1648 1649
1648 1653
1648 1654
1649 1650
1649 1654
1649 1655
1650 1651
1650 1655
1650 1656
1651 1652
1651 1656
1651 1657
1652 1657
1653 1654
1653 1658
1654 1655
1654 1658
1654 1659
1655 1656
1655 1659
1655 1660
1656 1657
1656 1660
1656 1661
1657 1661
1658 1659
1658 1662
1659 1660
1659 1662
1659 1663
1660 1661
1660 1663
1660 1664
1661 1664
1662 1663
1662 1665
1663 1664
1663 1665
1663 1666
1664 1666
1665 1666
1665 1667
1666 1667
1668 1669
1668 1692
1668 2582
1668 2685
1669 1670
1669 1692
1669 1703
1669 2684
1669 2685
1670 1671
1670 1703
1670 1713
1670 2683
1670 2684
1671 1672
1671 1713
1671 1722
1671 2682
1671 2683
1672 1673
1672 1722
1672 1730
1672 2681
1672 2682
1673 1674
1673 1730
1673 1737
1673 2680
1673 2681
1674 1675
1674 1737
1674 1743
1674 2679
1674 2680
1675 1676
1675 1743
1675 1748
1675 2678
1675 2679
1676 1677
1676 1748
1676 1752
1676 2677
1676 2678
1677 1678
1677 1752
1677 1755
1677 2676
1677 2677
1678 1679
1678 1755
1678 1757
1678 2675
1678 2676
1679 1680
1679 1757
1679 1758
1679 2674
1679 2675
1680 1758
1680 2673
1680 2674
1681 1682
1681 1693
1682 1683
1682 1693
1682 1694
1683 1684
1683 1694
1683 1695
1684 1685
1684 1695
1684 1696
1685 1686
1685 1696
1685 1697
1686 1687
1686 1697
1686 1698
1687 1688
1687 1698
1687 1699
1688 1689
1688 1699
1688 1700
1689 1690
1689 1700
1689 1701
1690 1691
1690 1701
1690 1702
1691 1692
1691 1702
1691 1703
1692 1703
1693 1694
1693 1704
1694 1695
1694 1704
1694 1705
1695 1696
1695 1705
1695 1706
1696 1697
1696 1706
1696 1707
1697 1698
1697 1707
1697 1708
1698 1699
1698 1708
1698 1709
1699 1700
1699 1709
1699 1710
1700 1701
1700 1710
1700 1711
1701 1702
1701 1711
1701 1712
1702 1703
1702 1712
1702 1713
1703 1713
1704 1705
1704 1714
1705 1706
1705 1714
1705 1715
1706 1707
1706 1715
1706 1716
1707 1708
1707 1716
1707 1717
1708 1709
1708 1717
1708 1718
1709 1710
1709 1718
1709 1719
1710 1711
1710 1719
1710 1720
1711 1712
1711 1720
1711 1721
1712 1713
1712 1721
1712 1722
1713 1722
1714 1715
1714 1723
1715 1716
1715 1723
1715 1724
1716 1717
1716 1724
1716 1725
1717 1718
1717 1725
1717 1726
1718 1719
1718 1726
1718 1727
1719 1720
1719 1727
1719 1728
1720 1721
1720 1728
1720 1729
1721 1722
1721 1729
1721 1730
1722 1730
1723 1724
1723 1731
1724 1725
1724 1731
1724 1732
1725 1726
1725 1732
1725 1733
1726 1727
1726 1733
1726 1734
1727 1728
1727 1734
1727 1735
1728 1729
1728 1735
1728 1736
1729 1730
1729 1736
1729 1737
1730 1737
1731 1732
1731 1738
1732 1733
1732 1738
1732 1739
1733 1734
1733 1739
1733 1740
1734 1735
1734 1740
1734 1741
1735 1736
1735 1741
1735 1742
1736 1737
1736 1742
1736 1743
1737 1743
1738 1739
1738 1744
1739 1740
1739 1744
1739 1745
1740 1741
1740 1745
1740 1746
1741 1742
1741 1746
1741 1747
1742 1743
1742 1747
1742 1748
1743 1748
1744 1745
1744 1749
1745 1746
1745 1749
1745 1750
1746 1747
1746 1750
1746 1751
1747 1748
1747 1751
1747 1752
1748 1752
1749 1750
1749 1753
1750 1751
1750 1753
1750 1754
1751 1752
1751 1754
1751 1755
1752 1755
1753 1754
1753 1756
1754 1755
1754 1756
1754 1757
1755 1757
1756 1757
1756 1758
1757 1758
1759 1760
1759 1786
1759 1877
1760 1761
1760 1786
1760 1787
1760 1877
1760 1889
1761 1762
1761 1787
1761 1788
1761 1889
1761 1900
1762 1763
1762 1788
1762 1789
1762 1900
1762 1910
1763 1764
1763 1789
1763 1790
1763 1910
1763 1919
1764 1765
1764 1790
1764 1791
1764 1919
1764 1927
1765 1766
1765 1791
1765 1792
1765 1927
1765 1934
1766 1767
1766 1792
1766 1793
1766 1934
1766 1940
1767 1768
1767 1793
1767 1794
1767 1940
1767 1945
1768 1769
1768 1794
1768 1795
1768 1945
1768 1949
1769 1770
1769 1795
1769 1796
1769 1949
1769 1952
1770 1771
1770 1796
1770 1797
1770 1952
1770 1954
1771 1772
1771 1773
1771 1797
1771 1876
1771 1954
1772 1773
1772 1876
1772 1981
1772 2177
1772 2282
1773 1774
1773 1797
1773 2282
1773 2385
1774 1775
1774 1797
1774 1808
1774 2384
1774 2385
1775 1776
1775 1808
1775 1818
1775 2383
1775 2384
1776 1777
1776 1818
1776 1827
1776 2382
1776 2383
1777 1778
1777 1827
1777 1835
1777 2381
1777 2382
1778 1779
1778 1835
1778 1842
1778 2380
1778 2381
1779 1780
1779 1842
1779 1848
1779 2379
1779 2380
1780 1781
1780 1848
1780 1853
1780 2378
1780 2379
1781 1782
1781 1853
1781 1857
1781 2377
1781 2378
1782 1783
1782 1857
1782 1860
1782 2376
1782 2377
1783 1784
1783 1860
1783 1862
1783 2375
1783 2376
1784 1785
1784 1862
1784 1863
1784 2374
1784 2375
1785 1863
1785 2373
1785 2374
1786 1787
1786 1798
1787 1788
1787 1798
1787 1799
1788 1789
1788 1799
1788 1800
1789 1790
1789 1800
1789 1801
1790 1791
1790 1801
1790 1802
1791 1792
1791 1802
1791 1803
1792 1793
1792 1803
1792 1804
1793 1794
1793 1804
1793 1805
1794 1795
1794 1805
1794 1806
1795 1796
1795 1806
1795 1807
1796 1797
1796 1807
1796 1808
1797 1808
1798 1799
1798 1809
1799 1800
1799 1809
1799 1810
1800 1801
1800 1810
1800 1811
1801 1802
1801 1811
1801 1812
1802 1803
1802 1812
1802 1813
1803 1804
1803 1813
1803 1814
1804 1805
1804 1814
1804 1815
1805 1806
1805 1815
1805 1816
1806 1807
1806 1816
1806 1817
1807 1808
1807 1817
1807 1818
1808 1818
1809 1810
1809 1819
1810 1811
1810 1819
1810 1820
1811 1812
1811 1820
1811 1821
1812 1813
1812 1821
1812 1822
1813 1814
1813 1822
1813 1823
1814 1815
1814 1823
1814 1824
1815 1816
1815 1824
1815 1825
1816 1817
1816 1825
1816 1826
1817 1818
1817 1826
1817 1827
1818 1827
1819 1820
1819 1828
1820 1821
1820 1828
1820 1829
1821 1822
1821 1829
1821 1830
1822 1823
1822 1830
1822 1831
1823 1824
1823 1831
1823 1832
1824 1825
1824 1832
1824 1833
1825 1826
1825 1833
1825 1834
1826 1827
1826 1834
1826 1835
1827 1835
1828 1829
1828 1836
1829 1830
1829 1836
1829 1837
1830 1831
1830 1837
1830 1838
1831 1832
1831 1838
1831 1839
1832 1833
1832 1839
1832 1840
1833 1834
1833 1840
1833 1841
1834 1835
1834 1841
1834 1842
1835 1842
1836 1837
1836 1843
1837 1838
1837 1843
1837 1844
1838 1839
1838 1844
1838 1845
1839 1840
1839 1845
1839 1846
1840 1841
1840 1846
1840 1847
1841 1842
1841 1847
1841 1848
1842 1848
1843 1844
1843 1849
1844 1845
1844 1849
1844 1850
1845 1846
1845 1850
1845 1851
1846 1847
1846 1851
1846 1852
1847 1848
1847 1852
1847 1853
1848 1853
1849 1850
1849 1854
1850 1851
1850 1854
1850 1855
1851 1852
1851 1855
1851 1856
1852 1853
1852 1856
1852 1857
1853 1857
1854 1855
1854 1858
1855 1856
1855 1858
1855 1859
1856 1857
1856 1859
1856 1860
1857 1860
1858 1859
1858 1861
1859 1860
1859 1861
1859 1862
1860 1862
1861 1862
1861 1863
1862 1863
1864 1865
1864 1888
1864 1955
1864 1982
1865 1866
1865 1888
1865 1899
1865 1982
1865 1994
1866 1867
1866 1899
1866 1909
1866 1994
1866 2005
1867 1868
1867 1909
1867 1918
1867 2005
1867 2015
1868 1869
1868 1918
1868 1926
1868 2015
1868 2024
1869 1870
1869 1926
1869 1933
1869 2024
1869 2032
1870 1871
1870 1933
1870 1939
1870 2032
1870 2039
1871 1872
1871 1939
1871 1944
1871 2039
1871 2045
1872 1873
1872 1944
1872 1948
1872 2045
1872 2050
1873 1874
1873 1948
1873 1951
1873 2050
1873 2054
1874 1875
1874 1951
1874 1953
1874 2054
1874 2057
1875 1876
1875 1953
1875 1954
1875 2057
1875 2059
1876 1954
1876 1981
1876 2059
1877 1878
1877 1889
1878 1879
1878 1889
1878 1890
1879 1880
1879 1890
1879 1891
1880 1881
1880 1891
1880 1892
1881 1882
1881 1892
1881 1893
1882 1883
1882 1893
1882 1894
1883 1884
1883 1894
1883 1895
1884 1885
1884 1895
1884 1896
1885 1886
1885 1896
1885 1897
1886 1887
1886 1897
1886 1898
1887 1888
1887 1898
1887 1899
1888 1899
1889 1890
1889 1900
1890 1891
1890 1900
1890 1901
1891 1892
1891 1901
1891 1902
1892 1893
1892 1902
1892 1903
1893 1894
1893 1903
1893 1904
1894 1895
1894 1904
1894 1905
1895 1896
1895 1905
1895 1906
1896 1897
1896 1906
1896 1907
1897 1898
1897 1907
1897 1908
1898 1899
1898 1908
1898 1909
1899 1909
1900 1901
1900 1910
1901 1902
1901 1910
1901 1911
1902 1903
1902 1911
1902 1912
1903 1904
1903 1912
1903 1913
1904 1905
1904 1913
1904 1914
1905 1906
1905 1914
1905 1915
1906 1907
1906 1915
1906 1916
1907 1908
1907 1916
1907 1917
1908 1909
1908 1917
1908 1918
1909 1918
1910 1911
1910 1919
1911 1912
1911 1919
1911 1920
1912 1913
1912 1920
1912 1921
1913 1914
1913 1921
1913 1922
1914 1915
1914 1922
1914 1923
1915 1916
1915 1923
1915 1924
1916 1917
1916 1924
1916 1925
1917 1918
1917 1925
1917 1926
1918 1926
1919 1920
1919 1927
1920 1921
1920 1927
1920 1928
1921 1922
1921 1928
1921 1929
1922 1923
1922 1929
1922 1930
1923 1924
1923 1930
1923 1931
1924 1925
1924 1931
1924 1932
1925 1926
1925 1932
1925 1933
1926 1933
1927 1928
1927 1934
1928 1929
1928 1934
1928 1935
1929 1930
1929 1935
1929 1936
1930 1931
1930 1936
1930 1937
1931 1932
1931 1937
1931 1938
1932 1933
1932 1938
1932 1939
1933 1939
1934 1935
1934 1940
1935 1936
1935 1940
1935 1941
1936 1937
1936 1941
1936 1942
1937 1938
1937 1942
1937 1943
1938 1939
1938 1943
1938 1944
1939 1944
1940 1941
1940 1945
1941 1942
1941 1945
1941 1946
1942 1943
1942 1946
1942 1947
1943 1944
1943 1947
1943 1948
1944 1948
1945 1946
1945 1949
1946 1947
1946 1949
1946 1950
1947 1948
1947 1950
1947 1951
1948 1951
1949 1950
1949 1952
1950 1951
1950 1952
1950 1953
1951 1953
1952 1953
1952 1954
1953 1954
1955 1956
1955 1982
1955 2073
1956 1957
1956 1982
1956 1983
1956 2073
1956 2085
1957 1958
1957 1983
1957 1984
1957 2085
1957 2096
1958 1959
1958 1984
1958 1985
1958 2096
1958 2106
1959 1960
1959 1985
1959 1986
1959 2106
1959 2115
1960 1961
1960 1986
1960 1987
1960 2115
1960 2123
1961 1962
1961 1987
1961 1988
1961 2123
1961 2130
1962 1963
1962 1988
1962 1989
1962 2130
1962 2136
1963 1964
1963 1989
1963 1990
1963 2136
1963 2141
1964 1965
1964 1990
1964 1991
1964 2141
1964 2145
1965 1966
1965 1991
1965 1992
1965 2145
1965 2148
1966 1967
1966 1992
1966 1993
1966 2148
1966 2150
1967 1968
1967 1969
1967 1993
1967 2072
1967 2150
1968 1969
1968 2072
1968 2151
1969 1970
1969 1993
1969 2151
1969 2189
1970 1971
1970 1993
1970 2004
1970 2188
1970 2189
1971 1972
1971 2004
1971 2014
1971 2187
1971 2188
1972 1973
1972 2014
1972 2023
1972 2186
1972 2187
1973 1974
1973 2023
1973 2031
1973 2185
1973 2186
1974 1975
1974 2031
1974 2038
1974 2184
1974 2185
1975 1976
1975 2038
1975 2044
1975 2183
1975 2184
1976 1977
1976 2044
1976 2049
1976 2182
1976 2183
1977 1978
1977 2049
1977 2053
1977 2181
1977 2182
1978 1979
1978 2053
1978 2056
1978 2180
1978 2181
1979 1980
1979 2056
1979 2058
1979 2179
1979 2180
1980 1981
1980 2058
1980 2059
1980 2178
1980 2179
1981 2059
1981 2177
1981 2178
1982 1983
1982 1994
1983 1984
1983 1994
1983 1995
1984 1985
1984 1995
1984 1996
1985 1986
1985 1996
1985 1997
1986 1987
1986 1997
1986 1998
1987 1988
1987 1998
1987 1999
1988 1989
1988 1999
1988 2000
1989 1990
1989 2000
1989 2001
1990 1991
1990 2001
1990 2002
1991 1992
1991 2002
1991 2003
1992 1993
1992 2003
1992 2004
1993 2004
1994 1995
1994 2005
1995 1996
1995 2005
1995 2006
1996 1997
1996 2006
1996 2007
1997 1998
1997 2007
1997 2008
1998 1999
1998 2008
1998 2009
1999 2000
1999 2009
1999 2010
2000 2001
2000 2010
2000 2011
2001 2002
2001 2011
2001 2012
2002 2003
2002 2012
2002 2013
2003 2004
2003 2013
2003 2014
2004 2014
2005 2006
2005 2015
2006 2007
2006 2015
2006 2016
2007 2008
2007 2016
2007 2017
2008 2009
2008 2017
2008 2018
2009 2010
2009 2018
2009 2019
2010 2011
2010 2019
2010 2020
2011 2012
2011 2020
2011 2021
2012 2013
2012 2021
2012 2022
2013 2014
2013 2022
2013 2023
2014 2023
2015 2016
2015 2024
2016 2017
2016 2024
2016 2025
2017 2018
2017 2025
2017 2026
2018 2019
2018 2026
2018 2027
2019 2020
2019 2027
2019 2028
2020 2021
2020 2028
2020 2029
2021 2022
2021 2029
2021 2030
2022 2023
2022 2030
2022 2031
2023 2031
2024 2025
2024 2032
2025 2026
2025 2032
2025 2033
2026 2027
2026 2033
2026 2034
2027 2028
2027 2034
2027 2035
2028 2029
2028 2035
2028 2036
2029 2030
2029 2036
2029 2037
2030 2031
2030 2037
2030 2038
2031 2038
2032 2033
2032 2039
2033 2034
2033 2039
2033 2040
2034 2035
2034 2040
2034 2041
2035 2036
2035 2041
2035 2042
2036 2037
2036 2042
2036 2043
2037 2038
2037 2043
2037 2044
2038 2044
2039 2040
2039 2045
2040 2041
2040 2045
2040 2046
2041 2042
2041 2046
2041 2047
2042 2043
2042 2047
2042 2048
2043 2044
2043 2048
2043 2049
2044 2049
2045 2046
2045 2050
2046 2047
2046 2050
2046 2051
2047 2048
2047 2051
2047 2052
2048 2049
2048 2052
2048 2053
2049 2053
2050 2051
2050 2054
2051 2052
2051 2054
2051 2055
2052 2053
2052 2055
2052 2056
2053 2056
2054 2055
2054 2057
2055 2056
2055 2057
2055 2058
2056 2058
2057 2058
2057 2059
2058 2059
2060 2061
2060 2084
2061 2062
2061 2084
2061 2095
2062 2063
2062 2095
2062 2105
2063 2064
2063 2105
2063 2114
2064 2065
2064 2114
2064 2122
2065 2066
2065 2122
2065 2129
2066 2067
2066 2129
2066 2135
2067 2068
2067 2135
2067 2140
2068 2069
2068 2140
2068 2144
2069 2070
2069 2144
2069 2147
2070 2071
2070 2147
2070 2149
2071 2072
2071 2149
2071 2150
2072 2150
2073 2074
2073 2085
2074 2075
2074 2085
2074 2086
2075 2076
2075 2086
2075 2087
2076 2077
2076 2087
2076 2088
2077 2078
2077 2088
2077 2089
2078 2079
2078 2089
2078 2090
2079 2080
2079 2090
2079 2091
2080 2081
2080 2091
2080 2092
2081 2082
2081 2092
2081 2093
2082 2083
2082 2093
2082 2094
2083 2084
2083 2094
2083 2095
2084 2095
2085 2086
2085 2096
2086 2087
2086 2096
2086 2097
2087 2088
2087 2097
2087 2098
2088 2089
2088 2098
2088 2099
2089 2090
2089 2099
2089 2100
2090 2091
2090 2100
2090 2101
2091 2092
2091 2101
2091 2102
2092 2093
2092 2102
2092 2103
2093 2094
2093 2103
2093 2104
2094 2095
2094 2104
2094 2105
2095 2105
2096 2097
2096 2106
2097 2098
2097 2106
2097 2107
2098 2099
2098 2107
2098 2108
2099 2100
2099 2108
2099 2109
2100 2101
2100 2109
2100 2110
2101 2102
2101 2110
2101 2111
2102 2103
2102 2111
2102 2112
2103 2104
2103 2112
2103 2113
2104 2105
2104 2113
2104 2114
2105 2114
2106 2107
2106 2115
2107 2108
2107 2115
2107 2116
2108 2109
2108 2116
2108 2117
2109 2110
2109 2117
2109 2118
2110 2111
2110 2118
2110 2119
2111 2112
2111 2119
2111 2120
2112 2113
2112 2120
2112 2121
2113 2114
2113 2121
2113 2122
2114 2122
2115 2116
2115 2123
2116 2117
2116 2123
2116 2124
2117 2118
2117 2124
2117 2125
2118 2119
2118 2125
2118 2126
2119 2120
2119 2126
2119 2127
2120 2121
2120 2127
2120 2128
2121 2122
2121 2128
2121 2129
2122 2129
2123 2124
2123 2130
2124 2125
2124 2130
2124 2131
2125 2126
2125 2131
2125 2132
2126 2127
2126 2132
2126 2133
2127 2128
2127 2133
2127 2134
2128 2129
2128 2134
2128 2135
2129 2135
2130 2131
2130 2136
2131 2132
2131 2136
2131 2137
2132 2133
2132 2137
2132 2138
2133 2134
2133 2138
2133 2139
2134 2135
2134 2139
2134 2140
2135 2140
2136 2137
2136 2141
2137 2138
2137 2141
2137 2142
2138 2139
2138 2142
2138 2143
2139 2140
2139 2143
2139 2144
2140 2144
2141 2142
2141 2145
2142 2143
2142 2145
2142 2146
2143 2144
2143 2146
2143 2147
2144 2147
2145 2146
2145 2148
2146 2147
2146 2148
2146 2149
2147 2149
2148 2149
2148 2150
2149 2150
2151 2152
2151 2189
2152 2153
2152 2189
2152 2200
2153 2154
2153 2200
2153 2210
2154 2155
2154 2210
2154 2219
2155 2156
2155 2219
2155 2227
2156 2157
2156 2227
2156 2234
2157 2158
2157 2234
2157 2240
2158 2159
2158 2240
2158 2245
2159 2160
2159 2245
2159 2249
2160 2161
2160 2249
2160 2252
2161 2162
2161 2252
2161 2254
2162 2163
2162 2254
2162 2255
2163 2164
2163 2165
2163 2255
2164 2165
2164 2256
2164 2452
2165 2166
2165 2255
2165 2256
2165 2294
2166 2167
2166 2253
2166 2255
2166 2293
2166 2294
2167 2168
2167 2250
2167 2253
2167 2292
2167 2293
2168 2169
2168 2246
2168 2250
2168 2291
2168 2292
2169 2170
2169 2241
2169 2246
2169 2290
2169 2291
2170 2171
2170 2235
2170 2241
2170 2289
2170 2290
2171 2172
2171 2228
2171 2235
2171 2288
2171 2289
2172 2173
2172 2220
2172 2228
2172 2287
2172 2288
2173 2174
2173 2211
2173 2220
2173 2286
2173 2287
2174 2175
2174 2201
2174 2211
2174 2285
2174 2286
2175 2176
2175 2190
2175 2201
2175 2284
2175 2285
2176 2177
2176 2178
2176 2190
2176 2283
2176 2284
2177 2178
2177 2282
2177 2283
2178 2179
2178 2190
2179 2180
2179 2190
2179 2191
2180 2181
2180 2191
2180 2192
2181 2182
2181 2192
2181 2193
2182 2183
2182 2193
2182 2194
2183 2184
2183 2194
2183 2195
2184 2185
2184 2195
2184 2196
2185 2186
2185 2196
2185 2197
2186 2187
2186 2197
2186 2198
2187 2188
2187 2198
2187 2199
2188 2189
2188 2199
2188 2200
2189 2200
2190 2191
2190 2201
2191 2192
2191 2201
2191 2202
2192 2193
2192 2202
2192 2203
2193 2194
2193 2203
2193 2204
2194 2195
2194 2204
2194 2205
2195 2196
2195 2205
2195 2206
2196 2197
2196 2206
2196 2207
2197 2198
2197 2207
2197 2208
2198 2199
2198 2208
2198 2209
2199 2200
2199 2209
2199 2210
2200 2210
2201 2202
2201 2211
2202 2203
2202 2211
2202 2212
2203 2204
2203 2212
2203 2213
2204 2205
2204 2213
2204 2214
2205 2206
2205 2214
2205 2215
2206 2207
2206 2215
2206 2216
2207 2208
2207 2216
2207 2217
2208 2209
2208 2217
2208 2218
2209 2210
2209 2218
2209 2219
2210 2219
2211 2212
2211 2220
2212 2213
2212 2220
2212 2221
2213 2214
2213 2221
2213 2222
2214 2215
2214 2222
2214 2223
2215 2216
2215 2223
2215 2224
2216 2217
2216 2224
2216 2225
2217 2218
2217 2225
2217 2226
2218 2219
2218 2226
2218 2227
2219 2227
2220 2221
2220 2228
2221 2222
2221 2228
2221 2229
2222 2223
2222 2229
2222 2230
2223 2224
2223 2230
2223 2231
2224 2225
2224 2231
2224 2232
2225 2226
2225 2232
2225 2233
2226 2227
2226 2233
2226 2234
2227 2234
2228 2229
2228 2235
2229 2230
2229 2235
2229 2236
2230 2231
2230 2236
2230 2237
2231 2232
2231 2237
2231 2238
2232 2233
2232 2238
2232 2239
2233 2234
2233 2239
2233 2240
2234 2240
2235 2236
2235 2241
2236 2237
2236 2241
2236 2242
2237 2238
2237 2242
2237 2243
2238 2239
2238 2243
2238 2244
2239 2240
2239 2244
2239 2245
2240 2245
2241 2242
2241 2246
2242 2243
2242 2246
2242 2247
2243 2244
2243 2247
2243 2248
2244 2245
2244 2248
2244 2249
2245 2249
2246 2247
2246 2250
2247 2248
2247 2250
2247 2251
2248 2249
2248 2251
2248 2252
2249 2252
2250 2251
2250 2253
2251 2252
2251 2253
2251 2254
2252 2254
2253 2254
2253 2255
2254 2255
2256 2257
2256 2294
2256 2452
2256 2490
2257 2258
2257 2294
2257 2305
2257 2489
2257 2490
2258 2259
2258 2305
2258 2315
2258 2488
2258 2489
2259 2260
2259 2315
2259 2324
2259 2487
2259 2488
2260 2261
2260 2324
2260 2332
2260 2486
2260 2487
2261 2262
2261 2332
2261 2339
2261 2485
2261 2486
2262 2263
2262 2339
2262 2345
2262 2484
2262 2485
2263 2264
2263 2345
2263 2350
2263 2483
2263 2484
2264 2265
2264 2350
2264 2354
2264 2482
2264 2483
2265 2266
2265 2354
2265 2357
2265 2481
2265 2482
2266 2267
2266 2357
2266 2359
2266 2480
2266 2481
2267 2268
2267 2359
2267 2360
2267 2479
2267 2480
2268 2269
2268 2270
2268 2360
2268 2478
2268 2479
2269 2270
2269 2361
2269 2478
2269 2557
2270 2271
2270 2360
2270 2361
2270 2451
2271 2272
2271 2358
2271 2360
2271 2450
2271 2451
2272 2273
2272 2355
2272 2358
2272 2448
2272 2450
2273 2274
2273 2351
2273 2355
2273 2445
2273 2448
2274 2275
2274 2346
2274 2351
2274 2441
2274 2445
2275 2276
2275 2340
2275 2346
2275 2436
2275 2441
2276 2277
2276 2333
2276 2340
2276 2430
2276 2436
2277 2278
2277 2325
2277 2333
2277 2423
2277 2430
2278 2279
2278 2316
2278 2325
2278 2415
2278 2423
2279 2280
2279 2306
2279 2316
2279 2406
2279 2415
2280 2281
2280 2295
2280 2306
2280 2396
2280 2406
2281 2282
2281 2283
2281 2295
2281 2385
2281 2396
2282 2283
2282 2385
2283 2284
2283 2295
2284 2285
2284 2295
2284 2296
2285 2286
2285 2296
2285 2297
2286 2287
2286 2297
2286 2298
2287 2288
2287 2298
2287 2299
2288 2289
2288 2299
2288 2300
2289 2290
2289 2300
2289 2301
2290 2291
2290 2301
2290 2302
2291 2292
2291 2302
2291 2303
2292 2293
2292 2303
2292 2304
2293 2294
2293 2304
2293 2305
2294 2305
2295 2296
2295 2306
2296 2297
2296 2306
2296 2307
2297 2298
2297 2307
2297 2308
2298 2299
2298 2308
2298 2309
2299 2300
2299 2309
2299 2310
2300 2301
2300 2310
2300 2311
2301 2302
2301 2311
2301 2312
2302 2303
2302 2312
2302 2313
2303 2304
2303 2313
2303 2314
2304 2305
2304 2314
2304 2315
2305 2315
2306 2307
2306 2316
2307 2308
2307 2316
2307 2317
2308 2309
2308 2317
2308 2318
2309 2310
2309 2318
2309 2319
2310 2311
2310 2319
2310 2320
2311 2312
2311 2320
2311 2321
2312 2313
2312 2321
2312 2322
2313 2314
2313 2322
2313 2323
2314 2315
2314 2323
2314 2324
2315 2324
2316 2317
2316 2325
2317 2318
2317 2325
2317 2326
2318 2319
2318 2326
2318 2327
2319 2320
2319 2327
2319 2328
2320 2321
2320 2328
2320 2329
2321 2322
2321 2329
2321 2330
2322 2323
2322 2330
2322 2331
2323 2324
2323 2331
2323 2332
2324 2332
2325 2326
2325 2333
2326 2327
2326 2333
2326 2334
2327 2328
2327 2334
2327 2335
2328 2329
2328 2335
2328 2336
2329 2330
2329 2336
2329 2337
2330 2331
2330 2337
2330 2338
2331 2332
2331 2338
2331 2339
2332 2339
2333 2334
2333 2340
2334 2335
2334 2340
2334 2341
2335 2336
2335 2341
2335 2342
2336 2337
2336 2342
2336 2343
2337 2338
2337 2343
2337 2344
2338 2339
2338 2344
2338 2345
2339 2345
2340 2341
2340 2346
2341 2342
2341 2346
2341 2347
2342 2343
2342 2347
2342 2348
2343 2344
2343 2348
2343 2349
2344 2345
2344 2349
2344 2350
2345 2350
2346 2347
2346 2351
2347 2348
2347 2351
2347 2352
2348 2349
2348 2352
2348 2353
2349 2350
2349 2353
2349 2354
2350 2354
2351 2352
2351 2355
2352 2353
2352 2355
2352 2356
2353 2354
2353 2356
2353 2357
2354 2357
2355 2356
2355 2358
2356 2357
2356 2358
2356 2359
2357 2359
2358 2359
2358 2360
2359 2360
2361 2362
2361 2451
2361 2557
2361 2594
2362 2363
2362 2449
2362 2451
2362 2593
2362 2594
2363 2364
2363 2446
2363 2449
2363 2592
2363 2593
2364 2365
2364 2442
2364 2446
2364 2591
2364 2592
2365 2366
2365 2437
2365 2442
2365 2590
2365 2591
2366 2367
2366 2431
2366 2437
2366 2589
2366 2590
2367 2368
2367 2424
2367 2431
2367 2588
2367 2589
2368 2369
2368 2416
2368 2424
2368 2587
2368 2588
2369 2370
2369 2407
2369 2416
2369 2586
2369 2587
2370 2371
2370 2397
2370 2407
2370 2585
2370 2586
2371 2372
2371 2386
2371 2397
2371 2584
2371 2585
2372 2373
2372 2374
2372 2386
2372 2583
2372 2584
2373 2374
2373 2582
2373 2583
2374 2375
2374 2386
2375 2376
2375 2386
2375 2387
2376 2377
2376 2387
2376 2388
2377 2378
2377 2388
2377 2389
2378 2379
2378 2389
2378 2390
2379 2380
2379 2390
2379 2391
2380 2381
2380 2391
2380 2392
2381 2382
2381 2392
2381 2393
2382 2383
2382 2393
2382 2394
2383 2384
2383 2394
2383 2395
2384 2385
2384 2395
2384 2396
2385 2396
2386 2387
2386 2397
2387 2388
2387 2397
2387 2398
2388 2389
2388 2398
2388 2399
2389 2390
2389 2399
2389 2400
2390 2391
2390 2400
2390 2401
2391 2392
2391 2401
2391 2402
2392 2393
2392 2402
2392 2403
2393 2394
2393 2403
2393 2404
2394 2395
2394 2404
2394 2405
2395 2396
2395 2405
2395 2406
2396 2406
2397 2398
2397 2407
2398 2399
2398 2407
2398 2408
2399 2400
2399 2408
2399 2409
2400 2401
2400 2409
2400 2410
2401 2402
2401 2410
2401 2411
2402 2403
2402 2411
2402 2412
2403 2404
2403 2412
2403 2413
2404 2405
2404 2413
2404 2414
2405 2406
2405 2414
2405 2415
2406 2415
2407 2408
2407 2416
2408 2409
2408 2416
2408 2417
2409 2410
2409 2417
2409 2418
2410 2411
2410 2418
2410 2419
2411 2412
2411 2419
2411 2420
2412 2413
2412 2420
2412 2421
2413 2414
2413 2421
2413 2422
2414 2415
2414 2422
2414 2423
2415 2423
2416 2417
2416 2424
2417 2418
2417 2424
2417 2425
2418 2419
2418 2425
2418 2426
2419 2420
2419 2426
2419 2427
2420 2421
2420 2427
2420 2428
2421 2422
2421 2428
2421 2429
2422 2423
2422 2429
2422 2430
2423 2430
2424 2425
2424 2431
2425 2426
2425 2431
2425 2432
2426 2427
2426 2432
2426 2433
2427 2428
2427 2433
2427 2434
2428 2429
2428 2434
2428 2435
2429 2430
2429 2435
2429 2436
2430 2436
2431 2432
2431 2437
2432 2433
2432 2437
2432 2438
2433 2434
2433 2438
2433 2439
2434 2435
2434 2439
2434 2440
2435 2436
2435 2440
2435 2441
2436 2441
2437 2438
2437 2442
2438 2439
2438 2442
2438 2443
2439 2440
2439 2443
2439 2444
2440 2441
2440 2444
2440 2445
2441 2445
2442 2443
2442 2446
2443 2444
2443 2446
2443 2447
2444 2445
2444 2447
2444 2448
2445 2448
2446 2447
2446 2449
2447 2448
2447 2449
2447 2450
2448 2450
2449 2450
2449 2451
2450 2451
2452 2453
2452 2490
2453 2454
2453 2490
2453 2501
2454 2455
2454 2501
2454 2511
2455 2456
2455 2511
2455 2520
2456 2457
2456 2520
2456 2528
2457 2458
2457 2528
2457 2535
2458 2459
2458 2535
2458 2541
2459 2460
2459 2541
2459 2546
2460 2461
2460 2546
2460 2550
2461 2462
2461 2550
2461 2553
2462 2463
2462 2553
2462 2555
2463 2464
2463 2555
2463 2556
2464 2465
2464 2466
2464 2556
2465 2466
2465 2752
2465 2843
2466 2467
2466 2556
2466 2752
2466 2776
2467 2468
2467 2554
2467 2556
2467 2775
2467 2776
2468 2469
2468 2551
2468 2554
2468 2774
2468 2775
2469 2470
2469 2547
2469 2551
2469 2773
2469 2774
2470 2471
2470 2542
2470 2547
2470 2772
2470 2773
2471 2472
2471 2536
2471 2542
2471 2771
2471 2772
2472 2473
2472 2529
2472 2536
2472 2770
2472 2771
2473 2474
2473 2521
2473 2529
2473 2769
2473 2770
2474 2475
2474 2512
2474 2521
2474 2768
2474 2769
2475 2476
2475 2502
2475 2512
2475 2767
2475 2768
2476 2477
2476 2491
2476 2502
2476 2766
2476 2767
2477 2478
2477 2479
2477 2491
2477 2765
2477 2766
2478 2479
2478 2557
2478 2765
2479 2480
2479 2491
2480 2481
2480 2491
2480 2492
2481 2482
2481 2492
2481 2493
2482 2483
2482 2493
2482 2494
2483 2484
2483 2494
2483 2495
2484 2485
2484 2495
2484 2496
2485 2486
2485 2496
2485 2497
2486 2487
2486 2497
2486 2498
2487 2488
2487 2498
2487 2499
2488 2489
2488 2499
2488 2500
2489 2490
2489 2500
2489 2501
2490 2501
2491 2492
2491 2502
2492 2493
2492 2502
2492 2503
2493 2494
2493 2503
2493 2504
2494 2495
2494 2504
2494 2505
2495 2496
2495 2505
2495 2506
2496 2497
2496 2506
2496 2507
2497 2498
2497 2507
2497 2508
2498 2499
2498 2508
2498 2509
2499 2500
2499 2509
2499 2510
2500 2501
2500 2510
2500 2511
2501 2511
2502 2503
2502 2512
2503 2504
2503 2512
2503 2513
2504 2505
2504 2513
2504 2514
2505 2506
2505 2514
2505 2515
2506 2507
2506 2515
2506 2516
2507 2508
2507 2516
2507 2517
2508 2509
2508 2517
2508 2518
2509 2510
2509 2518
2509 2519
2510 2511
2510 2519
2510 2520
2511 2520
2512 2513
2512 2521
2513 2514
2513 2521
2513 2522
2514 2515
2514 2522
2514 2523
2515 2516
2515 2523
2515 2524
2516 2517
2516 2524
2516 2525
2517 2518
2517 2525
2517 2526
2518 2519
2518 2526
2518 2527
2519 2520
2519 2527
2519 2528
2520 2528
2521 2522
2521 2529
2522 2523
2522 2529
2522 2530
2523 2524
2523 2530
2523 2531
2524 2525
2524 2531
2524 2532
2525 2526
2525 2532
2525 2533
2526 2527
2526 2533
2526 2534
2527 2528
2527 2534
2527 2535
2528 2535
2529 2530
2529 2536
2530 2531
2530 2536
2530 2537
2531 2532
2531 2537
2531 2538
2532 2533
2532 2538
2532 2539
2533 2534
2533 2539
2533 2540
2534 2535
2534 2540
2534 2541
2535 2541
2536 2537
2536 2542
2537 2538
2537 2542
2537 2543
2538 2539
2538 2543
2538 2544
2539 2540
2539 2544
2539 2545
2540 2541
2540 2545
2540 2546
2541 2546
2542 2543
2542 2547
2543 2544
2543 2547
2543 2548
2544 2545
2544 2548
2544 2549
2545 2546
2545 2549
2545 2550
2546 2550
2547 2548
2547 2551
2548 2549
2548 2551
2548 2552
2549 2550
2549 2552
2549 2553
2550 2553
2551 2552
2551 2554
2552 2553
2552 2554
2552 2555
2553 2555
2554 2555
2554 2556
2555 2556
2557 2558
2557 2594
2557 2765
2558 2559
2558 2594
2558 2605
2558 2765
2558 2777
2559 2560
2559 2605
2559 2615
2559 2777
2559 2788
2560 2561
2560 2615
2560 2624
2560 2788
2560 2798
2561 2562
2561 2624
2561 2632
2561 2798
2561 2807
2562 2563
2562 2632
2562 2639
2562 2807
2562 2815
2563 2564
2563 2639
2563 2645
2563 2815
2563 2822
2564 2565
2564 2645
2564 2650
2564 2822
2564 2828
2565 2566
2565 2650
2565 2654
2565 2828
2565 2833
2566 2567
2566 2654
2566 2657
2566 2833
2566 2837
2567 2568
2567 2657
2567 2659
2567 2837
2567 2840
2568 2569
2568 2659
2568 2660
2568 2840
2568 2842
2569 2570
2569 2660
2569 2764
2569 2842
2570 2571
2570 2660
2570 2661
2570 2751
2571 2572
2571 2658
2571 2660
2571 2750
2571 2751
2572 2573
2572 2655
2572 2658
2572 2748
2572 2750
2573 2574
2573 2651
2573 2655
2573 2745
2573 2748
2574 2575
2574 2646
2574 2651
2574 2741
2574 2745
2575 2576
2575 2640
2575 2646
2575 2736
2575 2741
2576 2577
2576 2633
2576 2640
2576 2730
2576 2736
2577 2578
2577 2625
2577 2633
2577 2723
2577 2730
2578 2579
2578 2616
2578 2625
2578 2715
2578 2723
2579 2580
2579 2606
2579 2616
2579 2706
2579 2715
2580 2581
2580 2595
2580 2606
2580 2696
2580 2706
2581 2582
2581 2583
2581 2595
2581 2685
2581 2696
2582 2583
2582 2685
2583 2584
2583 2595
2584 2585
2584 2595
2584 2596
2585 2586
2585 2596
2585 2597
2586 2587
2586 2597
2586 2598
2587 2588
2587 2598
2587 2599
2588 2589
2588 2599
2588 2600
2589 2590
2589 2600
2589 2601
2590 2591
2590 2601
2590 2602
2591 2592
2591 2602
2591 2603
2592 2593
2592 2603
2592 2604
2593 2594
2593 2604
2593 2605
2594 2605
2595 2596
2595 2606
2596 2597
2596 2606
2596 2607
2597 2598
2597 2607
2597 2608
2598 2599
2598 2608
2598 2609
2599 2600
2599 2609
2599 2610
2600 2601
2600 2610
2600 2611
2601 2602
2601 2611
2601 2612
2602 2603
2602 2612
2602 2613
2603 2604
2603 2613
2603 2614
2604 2605
2604 2614
2604 2615
2605 2615
2606 2607
2606 2616
2607 2608
2607 2616
2607 2617
2608 2609
2608 2617
2608 2618
2609 2610
2609 2618
2609 2619
2610 2611
2610 2619
2610 2620
2611 2612
2611 2620
2611 2621
2612 2613
2612 2621
2612 2622
2613 2614
2613 2622
2613 2623
2614 2615
2614 2623
2614 2624
2615 2624
2616 2617
2616 2625
2617 2618
2617 2625
2617 2626
2618 2619
2618 2626
2618 2627
2619 2620
2619 2627
2619 2628
2620 2621
2620 2628
2620 2629
2621 2622
2621 2629
2621 2630
2622 2623
2622 2630
2622 2631
2623 2624
2623 2631
2623 2632
2624 2632
2625 2626
2625 2633
2626 2627
2626 2633
2626 2634
2627 2628
2627 2634
2627 2635
2628 2629
2628 2635
2628 2636
2629 2630
2629 2636
2629 2637
2630 2631
2630 2637
2630 2638
2631 2632
2631 2638
2631 2639
2632 2639
2633 2634
2633 2640
2634 2635
2634 2640
2634 2641
2635 2636
2635 2641
2635 2642
2636 2637
2636 2642
2636 2643
2637 2638
2637 2643
2637 2644
2638 2639
2638 2644
2638 2645
2639 2645
2640 2641
2640 2646
2641 2642
2641 2646
2641 2647
2642 2643
2642 2647
2642 2648
2643 2644
2643 2648
2643 2649
2644 2645
2644 2649
2644 2650
2645 2650
2646 2647
2646 2651
2647 2648
2647 2651
2647 2652
2648 2649
2648 2652
2648 2653
2649 2650
2649 2653
2649 2654
2650 2654
2651 2652
2651 2655
2652 2653
2652 2655
2652 2656
2653 2654
2653 2656
2653 2657
2654 2657
2655 2656
2655 2658
2656 2657
2656 2658
2656 2659
2657 2659
2658 2659
2658 2660
2659 2660
2661 2662
2661 2751
2661 2958
2662 2663
2662 2749
2662 2751
2662 2957
2662 2958
2663 2664
2663 2746
2663 2749
2663 2956
2663 2957
2664 2665
2664 2742
2664 2746
2664 2955
2664 2956
2665 2666
2665 2737
2665 2742
2665 2954
2665 2955
2666 2667
2666 2731
2666 2737
2666 2953
2666 2954
2667 2668
2667 2724
2667 2731
2667 2952
2667 2953
2668 2669
2668 2716
2668 2724
2668 2951
2668 2952
2669 2670
2669 2707
2669 2716
2669 2950
2669 2951
2670 2671
2670 2697
2670 2707
2670 2949
2670 2950
2671 2672
2671 2686
2671 2697
2671 2948
2671 2949
2672 2673
2672 2674
2672 2686
2672 2947
2672 2948
2673 2674
2673 2946
2673 2947
2674 2675
2674 2686
2675 2676
2675 2686
2675 2687
2676 2677
2676 2687
2676 2688
2677 2678
2677 2688
2677 2689
2678 2679
2678 2689
2678 2690
2679 2680
2679 2690
2679 2691
2680 2681
2680 2691
2680 2692
2681 2682
2681 2692
2681 2693
2682 2683
2682 2693
2682 2694
2683 2684
2683 2694
2683 2695
2684 2685
2684 2695
2684 2696
2685 2696
2686 2687
2686 2697
2687 2688
2687 2697
2687 2698
2688 2689
2688 2698
2688 2699
2689 2690
2689 2699
2689 2700
2690 2691
2690 2700
2690 2701
2691 2692
2691 2701
2691 2702
2692 2693
2692 2702
2692 2703
2693 2694
2693 2703
2693 2704
2694 2695
2694 2704
2694 2705
2695 2696
2695 2705
2695 2706
2696 2706
2697 2698
2697 2707
2698 2699
2698 2707
2698 2708
2699 2700
2699 2708
2699 2709
2700 2701
2700 2709
2700 2710
2701 2702
2701 2710
2701 2711
2702 2703
2702 2711
2702 2712
2703 2704
2703 2712
2703 2713
2704 2705
2704 2713
2704 2714
2705 2706
2705 2714
2705 2715
2706 2715
2707 2708
2707 2716
2708 2709
2708 2716
2708 2717
2709 2710
2709 2717
2709 2718
2710 2711
2710 2718
2710 2719
2711 2712
2711 2719
2711 2720
2712 2713
2712 2720
2712 2721
2713 2714
2713 2721
2713 2722
2714 2715
2714 2722
2714 2723
2715 2723
2716 2717
2716 2724
2717 2718
2717 2724
2717 2725
2718 2719
2718 2725
2718 2726
2719 2720
2719 2726
2719 2727
2720 2721
2720 2727
2720 2728
2721 2722
2721 2728
2721 2729
2722 2723
2722 2729
2722 2730
2723 2730
2724 2725
2724 2731
2725 2726
2725 2731
2725 2732
2726 2727
2726 2732
2726 2733
2727 2728
2727 2733
2727 2734
2728 2729
2728 2734
2728 2735
2729 2730
2729 2735
2729 2736
2730 2736
2731 2732
2731 2737
2732 2733
2732 2737
2732 2738
2733 2734
2733 2738
2733 2739
2734 2735
2734 2739
2734 2740
2735 2736
2735 2740
2735 2741
2736 2741
2737 2738
2737 2742
2738 2739
2738 2742
2738 2743
2739 2740
2739 2743
2739 2744
2740 2741
2740 2744
2740 2745
2741 2745
2742 2743
2742 2746
2743 2744
2743 2746
2743 2747
2744 2745
2744 2747
2744 2748
2745 2748
2746 2747
2746 2749
2747 2748
2747 2749
2747 2750
2748 2750
2749 2750
2749 2751
2750 2751
2752 2753
2752 2776
2752 2843
2752 2867
2753 2754
2753 2776
2753 2787
2753 2866
2753 2867
2754 2755
2754 2787
2754 2797
2754 2865
2754 2866
2755 2756
2755 2797
2755 2806
2755 2864
2755 2865
2756 2757
2756 2806
2756 2814
2756 2863
2756 2864
2757 2758
2757 2814
2757 2821
2757 2862
2757 2863
2758 2759
2758 2821
2758 2827
2758 2861
2758 2862
2759 2760
2759 2827
2759 2832
2759 2860
2759 2861
2760 2761
2760 2832
2760 2836
2760 2859
2760 2860
2761 2762
2761 2836
2761 2839
2761 2858
2761 2859
2762 2763
2762 2839
2762 2841
2762 2857
2762 2858
2763 2764
2763 2841
2763 2842
2763 2856
2763 2857
2764 2842
2764 2856
2765 2766
2765 2777
2766 2767
2766 2777
2766 2778
2767 2768
2767 2778
2767 2779
2768 2769
2768 2779
2768 2780
2769 2770
2769 2780
2769 2781
2770 2771
2770 2781
2770 2782
2771 2772
2771 2782
2771 2783
2772 2773
2772 2783
2772 2784
2773 2774
2773 2784
2773 2785
2774 2775
2774 2785
2774 2786
2775 2776
2775 2786
2775 2787
2776 2787
2777 2778
2777 2788
2778 2779
2778 2788
2778 2789
2779 2780
2779 2789
2779 2790
2780 2781
2780 2790
2780 2791
2781 2782
2781 2791
2781 2792
2782 2783
2782 2792
2782 2793
2783 2784
2783 2793
2783 2794
2784 2785
2784 2794
2784 2795
2785 2786
2785 2795
2785 2796
2786 2787
2786 2796
2786 2797
2787 2797
2788 2789
2788 2798
2789 2790
2789 2798
2789 2799
2790 2791
2790 2799
2790 2800
2791 2792
2791 2800
2791 2801
2792 2793
2792 2801
2792 2802
2793 2794
2793 2802
2793 2803
2794 2795
2794 2803
2794 2804
2795 2796
2795 2804
2795 2805
2796 2797
2796 2805
2796 2806
2797 2806
2798 2799
2798 2807
2799 2800
2799 2807
2799 2808
2800 2801
2800 2808
2800 2809
2801 2802
2801 2809
2801 2810
2802 2803
2802 2810
2802 2811
2803 2804
2803 2811
2803 2812
2804 2805
2804 2812
2804 2813
2805 2806
2805 2813
2805 2814
2806 2814
2807 2808
2807 2815
2808 2809
2808 2815
2808 2816
2809 2810
2809 2816
2809 2817
2810 2811
2810 2817
2810 2818
2811 2812
2811 2818
2811 2819
2812 2813
2812 2819
2812 2820
2813 2814
2813 2820
2813 2821
2814 2821
2815 2816
2815 2822
2816 2817
2816 2822
2816 2823
2817 2818
2817 2823
2817 2824
2818 2819
2818 2824
2818 2825
2819 2820
2819 2825
2819 2826
2820 2821
2820 2826
2820 2827
2821 2827
2822 2823
2822 2828
2823 2824
2823 2828
2823 2829
2824 2825
2824 2829
2824 2830
2825 2826
2825 2830
2825 2831
2826 2827
2826 2831
2826 2832
2827 2832
2828 2829
2828 2833
2829 2830
2829 2833
2829 2834
2830 2831
2830 2834
2830 2835
2831 2832
2831 2835
2831 2836
2832 2836
2833 2834
2833 2837
2834 2835
2834 2837
2834 2838
2835 2836
2835 2838
2835 2839
2836 2839
2837 2838
2837 2840
2838 2839
2838 2840
2838 2841
2839 2841
2840 2841
2840 2842
2841 2842
2843 2844
2843 2867
2844 2845
2844 2867
2844 2878
2845 2846
2845 2878
2845 2888
2846 2847
2846 2888
2846 2897
2847 2848
2847 2897
2847 2905
2848 2849
2848 2905
2848 2912
2849 2850
2849 2912
2849 2918
2850 2851
2850 2918
2850 2923
2851 2852
2851 2923
2851 2927
2852 2853
2852 2927
2852 2930
2853 2854
2853 2930
2853 2932
2854 2855
2854 2932
2854 2933
2855 2933
2856 2857
2856 2868
2857 2858
2857 2868
2857 2869
2858 2859
2858 2869
2858 2870
2859 2860
2859 2870
2859 2871
2860 2861
2860 2871
2860 2872
2861 2862
2861 2872
2861 2873
2862 2863
2862 2873
2862 2874
2863 2864
2863 2874
2863 2875
2864 2865
2864 2875
2864 2876
2865 2866
2865 2876
2865 2877
2866 2867
2866 2877
2866 2878
2867 2878
2868 2869
2868 2879
2869 2870
2869 2879
2869 2880
2870 2871
2870 2880
2870 2881
2871 2872
2871 2881
2871 2882
2872 2873
2872 2882
2872 2883
2873 2874
2873 2883
2873 2884
2874 2875
2874 2884
2874 2885
2875 2876
2875 2885
2875 2886
2876 2877
2876 2886
2876 2887
2877 2878
2877 2887
2877 2888
2878 2888
2879 2880
2879 2889
2880 2881
2880 2889
2880 2890
2881 2882
2881 2890
2881 2891
2882 2883
2882 2891
2882 2892
2883 2884
2883 2892
2883 2893
2884 2885
2884 2893
2884 2894
2885 2886
2885 2894
2885 2895
2886 2887
2886 2895
2886 2896
2887 2888
2887 2896
2887 2897
2888 2897
2889 2890
2889 2898
2890 2891
2890 2898
2890 2899
2891 2892
2891 2899
2891 2900
2892 2893
2892 2900
2892 2901
2893 2894
2893 2901
2893 2902
2894 2895
2894 2902
2894 2903
2895 2896
2895 2903
2895 2904
2896 2897
2896 2904
2896 2905
2897 2905
2898 2899
2898 2906
2899 2900
2899 2906
2899 2907
2900 2901
2900 2907
2900 2908
2901 2902
2901 2908
2901 2909
2902 2903
2902 2909
2902 2910
2903 2904
2903 2910
2903 2911
2904 2905
2904 2911
2904 2912
2905 2912
2906 2907
2906 2913
2907 2908
2907 2913
2907 2914
2908 2909
2908 2914
2908 2915
2909 2910
2909 2915
2909 2916
2910 2911
2910 2916
2910 2917
2911 2912
2911 2917
2911 2918
2912 2918
2913 2914
2913 2919
2914 2915
2914 2919
2914 2920
2915 2916
2915 2920
2915 2921
2916 2917
2916 2921
2916 2922
2917 2918
2917 2922
2917 2923
2918 2923
2919 2920
2919 2924
2920 2921
2920 2924
2920 2925
2921 2922
2921 2925
2921 2926
2922 2923
2922 2926
2922 2927
2923 2927
2924 2925
2924 2928
2925 2926
2925 2928
2925 2929
2926 2927
2926 2929
2926 2930
2927 2930
2928 2929
2928 2931
2929 2930
2929 2931
2929 2932
2930 2932
2931 2932
2931 2933
2932 2933
2934 2935
2934 3024
2935 2936
2935 3022
2935 3024
2936 2937
2936 3019
2936 3022
2937 2938
2937 3015
2937 3019
2938 2939
2938 3010
2938 3015
2939 2940
2939 3004
2939 3010
2940 2941
2940 2997
2940 3004
2941 2942
2941 2989
2941 2997
2942 2943
2942 2980
2942 2989
2943 2944
2943 2970
2943 2980
2944 2945
2944 2959
2944 2970
2945 2946
2945 2947
2945 2959
2946 2947
2947 2948
2947 2959
2948 2949
2948 2959
2948 2960
2949 2950
2949 2960
2949 2961
2950 2951
2950 2961
2950 2962
2951 2952
2951 2962
2951 2963
2952 2953
2952 2963
2952 2964
2953 2954
2953 2964
2953 2965
2954 2955
2954 2965
2954 2966
2955 2956
2955 2966
2955 2967
2956 2957
2956 2967
2956 2968
2957 2958
2957 2968
2957 2969
2958 2969
2959 2960
2959 2970
2960 2961
2960 2970
2960 2971
2961 2962
2961 2971
2961 2972
2962 2963
2962 2972
2962 2973
2963 2964
2963 2973
2963 2974
2964 2965
2964 2974
2964 2975
2965 2966
2965 2975
2965 2976
2966 2967
2966 2976
2966 2977
2967 2968
2967 2977
2967 2978
2968 2969
2968 2978
2968 2979
2969 2979
2970 2971
2970 2980
2971 2972
2971 2980
2971 2981
2972 2973
2972 2981
2972 2982
2973 2974
2973 2982
2973 2983
2974 2975
2974 2983
2974 2984
2975 2976
2975 2984
2975 2985
2976 2977
2976 2985
2976 2986
2977 2978
2977 2986
2977 2987
2978 2979
2978 2987
2978 2988
2979 2988
2980 2981
2980 2989
2981 2982
2981 2989
2981 2990
2982 2983
2982 2990
2982 2991
2983 2984
2983 2991
2983 2992
2984 2985
2984 2992
2984 2993
2985 2986
2985 2993
2985 2994
2986 2987
2986 2994
2986 2995
2987 2988
2987 2995
2987 2996
2988 2996
2989 2990
2989 2997
2990 2991
2990 2997
2990 2998
2991 2992
2991 2998
2991 2999
2992 2993
2992 2999
2992 3000
2993 2994
2993 3000
2993 3001
2994 2995
2994 3001
2994 3002
2995 2996
2995 3002
2995 3003
2996 3003
2997 2998
2997 3004
2998 2999
2998 3004
2998 3005
2999 3000
2999 3005
2999 3006
3000 3001
3000 3006
3000 3007
3001 3002
3001 3007
3001 3008
3002 3003
3002 3008
3002 3009
3003 3009
3004 3005
3004 3010
3005 3006
3005 3010
3005 3011
3006 3007
3006 3011
3006 3012
3007 3008
3007 3012
3007 3013
3008 3009
3008 3013
3008 3014
3009 3014
3010 3011
3010 3015
3011 3012
3011 3015
3011 3016
3012 3013
3012 3016
3012 3017
3013 3014
3013 3017
3013 3018
3014 3018
3015 3016
3015 3019
3016 3017
3016 3019
3016 3020
3017 3018
3017 3020
3017 3021
3018 3021
3019 3020
3019 3022
3020 3021
3020 3022
3020 3023
3021 3023
3022 3023
3022 3024
3023 3024
