2233 6552
0 1
0 35
0 1902
0 1903
0 1969
0 2045
1 2
1 35
1 36
1 2045
1 2112
2 3
2 36
2 37
2 2112
2 2122
3 4
3 37
3 38
3 2122
3 2131
4 5
4 38
4 39
4 2131
4 2139
5 6
5 39
5 40
5 2139
5 2146
6 7
6 40
6 41
6 2146
6 2152
7 8
7 41
7 42
7 2152
7 2157
8 9
8 42
8 43
8 2157
8 2161
9 10
9 43
9 44
9 2161
9 2164
10 11
10 44
10 45
10 2164
10 2166
11 12
11 13
11 45
11 2111
11 2166
12 13
12 2111
13 14
13 45
14 15
14 45
14 54
15 16
15 54
15 62
16 17
16 62
16 69
17 18
17 69
17 75
18 19
18 75
18 80
19 20
19 80
19 84
20 21
20 84
20 87
21 22
21 87
21 89
22 23
22 89
22 90
23 24
23 25
23 90
24 25
24 2167
25 26
25 90
25 2167
25 2232
26 27
26 88
26 90
26 2231
26 2232
27 28
27 85
27 88
27 2229
27 2231
28 29
28 81
28 85
28 2226
28 2229
29 30
29 76
29 81
29 2222
29 2226
30 31
30 70
30 76
30 2217
30 2222
31 32
31 63
31 70
31 2211
31 2217
32 33
32 55
32 63
32 2204
32 2211
33 34
33 46
33 55
33 2196
33 2204
34 35
34 36
34 46
34 2187
34 2196
35 36
35 1969
35 2187
36 37
36 46
37 38
37 46
37 47
38 39
38 47
38 48
39 40
39 48
39 49
40 41
40 49
40 50
41 42
41 50
41 51
42 43
42 51
42 52
43 44
43 52
43 53
44 45
44 53
44 54
45 54
46 47
46 55
47 48
47 55
47 56
48 49
48 56
48 57
49 50
49 57
49 58
50 51
50 58
50 59
51 52
51 59
51 60
52 53
52 60
52 61
53 54
53 61
53 62
54 62
55 56
55 63
56 57
56 63
56 64
57 58
57 64
57 65
58 59
58 65
58 66
59 60
59 66
59 67
60 61
60 67
60 68
61 62
61 68
61 69
62 69
63 64
63 70
64 65
64 70
64 71
65 66
65 71
65 72
66 67
66 72
66 73
67 68
67 73
67 74
68 69
68 74
68 75
69 75
70 71
70 76
71 72
71 76
71 77
72 73
72 77
72 78
73 74
73 78
73 79
74 75
74 79
74 80
75 80
76 77
76 81
77 78
77 81
77 82
78 79
78 82
78 83
79 80
79 83
79 84
80 84
81 82
81 85
82 83
82 85
82 86
83 84
83 86
83 87
84 87
85 86
85 88
86 87
86 88
86 89
87 89
88 89
88 90
89 90
91 92
91 126
91 1182
92 93
92 126
92 127
93 94
93 127
93 128
94 95
94 128
94 129
95 96
95 129
95 130
96 97
96 130
96 131
97 98
97 131
97 132
98 99
98 132
98 133
99 100
99 133
99 134
100 101
100 134
100 135
101 102
101 135
101 136
102 103
102 104
102 136
103 104
103 182
103 260
103 338
104 105
104 136
104 182
104 205
105 106
105 136
105 145
105 205
105 215
106 107
106 145
106 153
106 215
106 224
107 108
107 153
107 160
107 224
107 232
108 109
108 160
108 166
108 232
108 239
109 110
109 166
109 171
109 239
109 245
110 111
110 171
110 175
110 245
110 250
111 112
111 175
111 178
111 250
111 254
112 113
112 178
112 180
112 254
112 257
113 114
113 180
113 181
113 257
113 259
114 115
114 116
114 181
114 204
114 259
115 116
115 204
115 1026
115 1104
115 1160
116 117
116 181
116 1160
116 1192
117 118
117 179
117 181
117 1191
117 1192
118 119
118 176
118 179
118 1190
118 1191
119 120
119 172
119 176
119 1189
119 1190
120 121
120 167
120 172
120 1188
120 1189
121 122
121 161
121 167
121 1187
121 1188
122 123
122 154
122 161
122 1186
122 1187
123 124
123 146
123 154
123 1185
123 1186
124 125
124 137
124 146
124 1184
124 1185
125 126
125 127
125 137
125 1183
125 1184
126 127
126 1182
126 1183
127 128
127 137
128 129
128 137
128 138
129 130
129 138
129 139
130 131
130 139
130 140
131 132
131 140
131 141
132 133
132 141
132 142
133 134
133 142
133 143
134 135
134 143
134 144
135 136
135 144
135 145
136 145
137 138
137 146
138 139
138 146
138 147
139 140
139 147
139 148
140 141
140 148
140 149
141 142
141 149
141 150
142 143
142 150
142 151
143 144
143 151
143 152
144 145
144 152
144 153
145 153
146 147
146 154
147 148
147 154
147 155
148 149
148 155
148 156
149 150
149 156
149 157
150 151
150 157
150 158
151 152
151 158
151 159
152 153
152 159
152 160
153 160
154 155
154 161
155 156
155 161
155 162
156 157
156 162
156 163
157 158
157 163
157 164
158 159
158 164
158 165
159 160
159 165
159 166
160 166
161 162
161 167
162 163
162 167
162 168
163 164
163 168
163 169
164 165
164 169
164 170
165 166
165 170
165 171
166 171
167 168
167 172
168 169
168 172
168 173
169 170
169 173
169 174
170 171
170 174
170 175
171 175
172 173
172 176
173 174
173 176
173 177
174 175
174 177
174 178
175 178
176 177
176 179
177 178
177 179
177 180
178 180
179 180
179 181
180 181
182 183
182 205
182 260
182 283
183 184
183 205
183 206
183 283
183 293
184 185
184 206
184 207
184 293
184 302
185 186
185 207
185 208
185 302
185 310
186 187
186 208
186 209
186 310
186 317
187 188
187 209
187 210
187 317
187 323
188 189
188 210
188 211
188 323
188 328
189 190
189 211
189 212
189 328
189 332
190 191
190 212
190 213
190 332
190 335
191 192
191 213
191 214
191 335
191 337
192 193
192 194
192 214
192 282
192 337
193 194
193 282
193 660
193 882
193 960
194 195
194 214
194 960
194 1036
195 196
195 214
195 223
195 1035
195 1036
196 197
196 223
196 231
196 1034
196 1035
197 198
197 231
197 238
197 1033
197 1034
198 199
198 238
198 244
198 1032
198 1033
199 200
199 244
199 249
199 1031
199 1032
200 201
200 249
200 253
200 1030
200 1031
201 202
201 253
201 256
201 1029
201 1030
202 203
202 256
202 258
202 1028
202 1029
203 204
203 258
203 259
203 1027
203 1028
204 259
204 1026
204 1027
205 206
205 215
206 207
206 215
206 216
207 208
207 216
207 217
208 209
208 217
208 218
209 210
209 218
209 219
210 211
210 219
210 220
211 212
211 220
211 221
212 213
212 221
212 222
213 214
213 222
213 223
214 223
215 216
215 224
216 217
216 224
216 225
217 218
217 225
217 226
218 219
218 226
218 227
219 220
219 227
219 228
220 221
220 228
220 229
221 222
221 229
221 230
222 223
222 230
222 231
223 231
224 225
224 232
225 226
225 232
225 233
226 227
226 233
226 234
227 228
227 234
227 235
228 229
228 235
228 236
229 230
229 236
229 237
230 231
230 237
230 238
231 238
232 233
232 239
233 234
233 239
233 240
234 235
234 240
234 241
235 236
235 241
235 242
236 237
236 242
236 243
237 238
237 243
237 244
238 244
239 240
239 245
240 241
240 245
240 246
241 242
241 246
241 247
242 243
242 247
242 248
243 244
243 248
243 249
244 249
245 246
245 250
246 247
246 250
246 251
247 248
247 251
247 252
248 249
248 252
248 253
249 253
250 251
250 254
251 252
251 254
251 255
252 253
252 255
252 256
253 256
254 255
254 257
255 256
255 257
255 258
256 258
257 258
257 259
258 259
260 261
260 283
260 338
260 361
261 262
261 283
261 284
261 361
261 371
262 263
262 284
262 285
262 371
262 380
263 264
263 285
263 286
263 380
263 388
264 265
264 286
264 287
264 388
264 395
265 266
265 287
265 288
265 395
265 401
266 267
266 288
266 289
266 401
266 406
267 268
267 289
267 290
267 406
267 410
268 269
268 290
268 291
268 410
268 413
269 270
269 291
269 292
269 413
269 415
270 271
270 272
270 292
270 360
270 415
271 272
271 360
271 438
271 516
271 594
272 273
272 292
272 594
272 661
273 274
273 292
273 301
273 661
273 671
274 275
274 301
274 309
274 671
274 680
275 276
275 309
275 316
275 680
275 688
276 277
276 316
276 322
276 688
276 695
277 278
277 322
277 327
277 695
277 701
278 279
278 327
278 331
278 701
278 706
279 280
279 331
279 334
279 706
279 710
280 281
280 334
280 336
280 710
280 713
281 282
281 336
281 337
281 713
281 715
282 337
282 660
282 715
283 284
283 293
284 285
284 293
284 294
285 286
285 294
285 295
286 287
286 295
286 296
287 288
287 296
287 297
288 289
288 297
288 298
289 290
289 298
289 299
290 291
290 299
290 300
291 292
291 300
291 301
292 301
293 294
293 302
294 295
294 302
294 303
295 296
295 303
295 304
296 297
296 304
296 305
297 298
297 305
297 306
298 299
298 306
298 307
299 300
299 307
299 308
300 301
300 308
300 309
301 309
302 303
302 310
303 304
303 310
303 311
304 305
304 311
304 312
305 306
305 312
305 313
306 307
306 313
306 314
307 308
307 314
307 315
308 309
308 315
308 316
309 316
310 311
310 317
311 312
311 317
311 318
312 313
312 318
312 319
313 314
313 319
313 320
314 315
314 320
314 321
315 316
315 321
315 322
316 322
317 318
317 323
318 319
318 323
318 324
319 320
319 324
319 325
320 321
320 325
320 326
321 322
321 326
321 327
322 327
323 324
323 328
324 325
324 328
324 329
325 326
325 329
325 330
326 327
326 330
326 331
327 331
328 329
328 332
329 330
329 332
329 333
330 331
330 333
330 334
331 334
332 333
332 335
333 334
333 335
333 336
334 336
335 336
335 337
336 337
338 339
338 361
339 340
339 361
339 362
340 341
340 362
340 363
341 342
341 363
341 364
342 343
342 364
342 365
343 344
343 365
343 366
344 345
344 366
344 367
345 346
345 367
345 368
346 347
346 368
346 369
347 348
347 369
347 370
348 349
348 350
348 370
349 350
349 416
350 351
350 370
350 416
350 439
351 352
351 370
351 379
351 439
351 449
352 353
352 379
352 387
352 449
352 458
353 354
353 387
353 394
353 458
353 466
354 355
354 394
354 400
354 466
354 473
355 356
355 400
355 405
355 473
355 479
356 357
356 405
356 409
356 479
356 484
357 358
357 409
357 412
357 484
357 488
358 359
358 412
358 414
358 488
358 491
359 360
359 414
359 415
359 491
359 493
360 415
360 438
360 493
361 362
361 371
362 363
362 371
362 372
363 364
363 372
363 373
364 365
364 373
364 374
365 366
365 374
365 375
366 367
366 375
366 376
367 368
367 376
367 377
368 369
368 377
368 378
369 370
369 378
369 379
370 379
371 372
371 380
372 373
372 380
372 381
373 374
373 381
373 382
374 375
374 382
374 383
375 376
375 383
375 384
376 377
376 384
376 385
377 378
377 385
377 386
378 379
378 386
378 387
379 387
380 381
380 388
381 382
381 388
381 389
382 383
382 389
382 390
383 384
383 390
383 391
384 385
384 391
384 392
385 386
385 392
385 393
386 387
386 393
386 394
387 394
388 389
388 395
389 390
389 395
389 396
390 391
390 396
390 397
391 392
391 397
391 398
392 393
392 398
392 399
393 394
393 399
393 400
394 400
395 396
395 401
396 397
396 401
396 402
397 398
397 402
397 403
398 399
398 403
398 404
399 400
399 404
399 405
400 405
401 402
401 406
402 403
402 406
402 407
403 404
403 407
403 408
404 405
404 408
404 409
405 409
406 407
406 410
407 408
407 410
407 411
408 409
408 411
408 412
409 412
410 411
410 413
411 412
411 413
411 414
412 414
413 414
413 415
414 415
416 417
416 439
417 418
417 439
417 440
418 419
418 440
418 441
419 420
419 441
419 442
420 421
420 442
420 443
421 422
421 443
421 444
422 423
422 444
422 445
423 424
423 445
423 446
424 425
424 446
424 447
425 426
425 447
425 448
426 427
426 428
426 448
427 428
427 494
428 429
428 448
428 494
428 526
429 430
429 448
429 457
429 525
429 526
430 431
430 457
430 465
430 524
430 525
431 432
431 465
431 472
431 523
431 524
432 433
432 472
432 478
432 522
432 523
433 434
433 478
433 483
433 521
433 522
434 435
434 483
434 487
434 520
434 521
435 436
435 487
435 490
435 519
435 520
436 437
436 490
436 492
436 518
436 519
437 438
437 492
437 493
437 517
437 518
438 493
438 516
438 517
439 440
439 449
440 441
440 449
440 450
441 442
441 450
441 451
442 443
442 451
442 452
443 444
443 452
443 453
444 445
444 453
444 454
445 446
445 454
445 455
446 447
446 455
446 456
447 448
447 456
447 457
448 457
449 450
449 458
450 451
450 458
450 459
451 452
451 459
451 460
452 453
452 460
452 461
453 454
453 461
453 462
454 455
454 462
454 463
455 456
455 463
455 464
456 457
456 464
456 465
457 465
458 459
458 466
459 460
459 466
459 467
460 461
460 467
460 468
461 462
461 468
461 469
462 463
462 469
462 470
463 464
463 470
463 471
464 465
464 471
464 472
465 472
466 467
466 473
467 468
467 473
467 474
468 469
468 474
468 475
469 470
469 475
469 476
470 471
470 476
470 477
471 472
471 477
471 478
472 478
473 474
473 479
474 475
474 479
474 480
475 476
475 480
475 481
476 477
476 481
476 482
477 478
477 482
477 483
478 483
479 480
479 484
480 481
480 484
480 485
481 482
481 485
481 486
482 483
482 486
482 487
483 487
484 485
484 488
485 486
485 488
485 489
486 487
486 489
486 490
487 490
488 489
488 491
489 490
489 491
489 492
490 492
491 492
491 493
492 493
494 495
494 526
495 496
495 526
495 535
496 497
496 535
496 543
497 498
497 543
497 550
498 499
498 550
498 556
499 500
499 556
499 561
500 501
500 561
500 565
501 502
501 565
501 568
502 503
502 568
502 570
503 504
503 570
503 571
504 505
504 506
504 571
505 506
505 572
505 716
506 507
506 571
506 572
506 604
507 508
507 569
507 571
507 603
507 604
508 509
508 566
508 569
508 602
508 603
509 510
509 562
509 566
509 601
509 602
510 511
510 557
510 562
510 600
510 601
511 512
511 551
511 557
511 599
511 600
512 513
512 544
512 551
512 598
512 599
513 514
513 536
513 544
513 597
513 598
514 515
514 527
514 536
514 596
514 597
515 516
515 517
515 527
515 595
515 596
516 517
516 594
516 595
517 518
517 527
518 519
518 527
518 528
519 520
519 528
519 529
520 521
520 529
520 530
521 522
521 530
521 531
522 523
522 531
522 532
523 524
523 532
523 533
524 525
524 533
524 534
525 526
525 534
525 535
526 535
527 528
527 536
528 529
528 536
528 537
529 530
529 537
529 538
530 531
530 538
530 539
531 532
531 539
531 540
532 533
532 540
532 541
533 534
533 541
533 542
534 535
534 542
534 543
535 543
536 537
536 544
537 538
537 544
537 545
538 539
538 545
538 546
539 540
539 546
539 547
540 541
540 547
540 548
541 542
541 548
541 549
542 543
542 549
542 550
543 550
544 545
544 551
545 546
545 551
545 552
546 547
546 552
546 553
547 548
547 553
547 554
548 549
548 554
548 555
549 550
549 555
549 556
550 556
551 552
551 557
552 553
552 557
552 558
553 554
553 558
553 559
554 555
554 559
554 560
555 556
555 560
555 561
556 561
557 558
557 562
558 559
558 562
558 563
559 560
559 563
559 564
560 561
560 564
560 565
561 565
562 563
562 566
563 564
563 566
563 567
564 565
564 567
564 568
565 568
566 567
566 569
567 568
567 569
567 570
568 570
569 570
569 571
570 571
572 573
572 604
572 716
572 748
573 574
573 604
573 613
573 747
573 748
574 575
574 613
574 621
574 746
574 747
575 576
575 621
575 628
575 745
575 746
576 577
576 628
576 634
576 744
576 745
577 578
577 634
577 639
577 743
577 744
578 579
578 639
578 643
578 742
578 743
579 580
579 643
579 646
579 741
579 742
580 581
580 646
580 648
580 740
580 741
581 582
581 648
581 649
581 739
581 740
582 583
582 584
582 649
582 738
582 739
583 584
583 650
583 738
583 816
584 585
584 649
584 650
584 670
585 586
585 647
585 649
585 669
585 670
586 587
586 644
586 647
586 668
586 669
587 588
587 640
587 644
587 667
587 668
588 589
588 635
588 640
588 666
588 667
589 590
589 629
589 635
589 665
589 666
590 591
590 622
590 629
590 664
590 665
591 592
591 614
591 622
591 663
591 664
592 593
592 605
592 614
592 662
592 663
593 594
593 595
593 605
593 661
593 662
594 595
594 661
595 596
595 605
596 597
596 605
596 606
597 598
597 606
597 607
598 599
598 607
598 608
599 600
599 608
599 609
600 601
600 609
600 610
601 602
601 610
601 611
602 603
602 611
602 612
603 604
603 612
603 613
604 613
605 606
605 614
606 607
606 614
606 615
607 608
607 615
607 616
608 609
608 616
608 617
609 610
609 617
609 618
610 611
610 618
610 619
611 612
611 619
611 620
612 613
612 620
612 621
613 621
614 615
614 622
615 616
615 622
615 623
616 617
616 623
616 624
617 618
617 624
617 625
618 619
618 625
618 626
619 620
619 626
619 627
620 621
620 627
620 628
621 628
622 623
622 629
623 624
623 629
623 630
624 625
624 630
624 631
625 626
625 631
625 632
626 627
626 632
626 633
627 628
627 633
627 634
628 634
629 630
629 635
630 631
630 635
630 636
631 632
631 636
631 637
632 633
632 637
632 638
633 634
633 638
633 639
634 639
635 636
635 640
636 637
636 640
636 641
637 638
637 641
637 642
638 639
638 642
638 643
639 643
640 641
640 644
641 642
641 644
641 645
642 643
642 645
642 646
643 646
644 645
644 647
645 646
645 647
645 648
646 648
647 648
647 649
648 649
650 651
650 670
650 816
650 892
651 652
651 670
651 679
651 891
651 892
652 653
652 679
652 687
652 890
652 891
653 654
653 687
653 694
653 889
653 890
654 655
654 694
654 700
654 888
654 889
655 656
655 700
655 705
655 887
655 888
656 657
656 705
656 709
656 886
656 887
657 658
657 709
657 712
657 885
657 886
658 659
658 712
658 714
658 884
658 885
659 660
659 714
659 715
659 883
659 884
660 715
660 882
660 883
661 662
661 671
662 663
662 671
662 672
663 664
663 672
663 673
664 665
664 673
664 674
665 666
665 674
665 675
666 667
666 675
666 676
667 668
667 676
667 677
668 669
668 677
668 678
669 670
669 678
669 679
670 679
671 672
671 680
672 673
672 680
672 681
673 674
673 681
673 682
674 675
674 682
674 683
675 676
675 683
675 684
676 677
676 684
676 685
677 678
677 685
677 686
678 679
678 686
678 687
679 687
680 681
680 688
681 682
681 688
681 689
682 683
682 689
682 690
683 684
683 690
683 691
684 685
684 691
684 692
685 686
685 692
685 693
686 687
686 693
686 694
687 694
688 689
688 695
689 690
689 695
689 696
690 691
690 696
690 697
691 692
691 697
691 698
692 693
692 698
692 699
693 694
693 699
693 700
694 700
695 696
695 701
696 697
696 701
696 702
697 698
697 702
697 703
698 699
698 703
698 704
699 700
699 704
699 705
700 705
701 702
701 706
702 703
702 706
702 707
703 704
703 707
703 708
704 705
704 708
704 709
705 709
706 707
706 710
707 708
707 710
707 711
708 709
708 711
708 712
709 712
710 711
710 713
711 712
711 713
711 714
712 714
713 714
713 715
714 715
716 717
716 748
717 718
717 748
717 757
718 719
718 757
718 765
719 720
719 765
719 772
720 721
720 772
720 778
721 722
721 778
721 783
722 723
722 783
722 787
723 724
723 787
723 790
724 725
724 790
724 792
725 726
725 792
725 793
726 727
726 728
726 793
727 728
727 794
727 1526
728 729
728 793
728 794
728 826
729 730
729 791
729 793
729 825
729 826
730 731
730 788
730 791
730 824
730 825
731 732
731 784
731 788
731 823
731 824
732 733
732 779
732 784
732 822
732 823
733 734
733 773
733 779
733 821
733 822
734 735
734 766
734 773
734 820
734 821
735 736
735 758
735 766
735 819
735 820
736 737
736 749
736 758
736 818
736 819
737 738
737 739
737 749
737 817
737 818
738 739
738 816
738 817
739 740
739 749
740 741
740 749
740 750
741 742
741 750
741 751
742 743
742 751
742 752
743 744
743 752
743 753
744 745
744 753
744 754
745 746
745 754
745 755
746 747
746 755
746 756
747 748
747 756
747 757
748 757
749 750
749 758
750 751
750 758
750 759
751 752
751 759
751 760
752 753
752 760
752 761
753 754
753 761
753 762
754 755
754 762
754 763
755 756
755 763
755 764
756 757
756 764
756 765
757 765
758 759
758 766
759 760
759 766
759 767
760 761
760 767
760 768
761 762
761 768
761 769
762 763
762 769
762 770
763 764
763 770
763 771
764 765
764 771
764 772
765 772
766 767
766 773
767 768
767 773
767 774
768 769
768 774
768 775
769 770
769 775
769 776
770 771
770 776
770 777
771 772
771 777
771 778
772 778
773 774
773 779
774 775
774 779
774 780
775 776
775 780
775 781
776 777
776 781
776 782
777 778
777 782
777 783
778 783
779 780
779 784
780 781
780 784
780 785
781 782
781 785
781 786
782 783
782 786
782 787
783 787
784 785
784 788
785 786
785 788
785 789
786 787
786 789
786 790
787 790
788 789
788 791
789 790
789 791
789 792
790 792
791 792
791 793
792 793
794 795
794 826
794 1526
794 1546
795 796
795 826
795 835
795 1545
795 1546
796 797
796 835
796 843
796 1544
796 1545
797 798
797 843
797 850
797 1543
797 1544
798 799
798 850
798 856
798 1542
798 1543
799 800
799 856
799 861
799 1541
799 1542
800 801
800 861
800 865
800 1540
800 1541
801 802
801 865
801 868
801 1539
801 1540
802 803
802 868
802 870
802 1538
802 1539
803 804
803 870
803 871
803 1537
803 1538
804 805
804 806
804 871
804 1448
804 1537
805 806
805 872
805 938
805 1382
805 1448
806 807
806 871
806 872
806 937
807 808
807 869
807 871
807 936
807 937
808 809
808 866
808 869
808 934
808 936
809 810
809 862
809 866
809 931
809 934
810 811
810 857
810 862
810 927
810 931
811 812
811 851
811 857
811 922
811 927
812 813
812 844
812 851
812 916
812 922
813 814
813 836
813 844
813 909
813 916
814 815
814 827
814 836
814 901
814 909
815 816
815 817
815 827
815 892
815 901
816 817
816 892
817 818
817 827
818 819
818 827
818 828
819 820
819 828
819 829
820 821
820 829
820 830
821 822
821 830
821 831
822 823
822 831
822 832
823 824
823 832
823 833
824 825
824 833
824 834
825 826
825 834
825 835
826 835
827 828
827 836
828 829
828 836
828 837
829 830
829 837
829 838
830 831
830 838
830 839
831 832
831 839
831 840
832 833
832 840
832 841
833 834
833 841
833 842
834 835
834 842
834 843
835 843
836 837
836 844
837 838
837 844
837 845
838 839
838 845
838 846
839 840
839 846
839 847
840 841
840 847
840 848
841 842
841 848
841 849
842 843
842 849
842 850
843 850
844 845
844 851
845 846
845 851
845 852
846 847
846 852
846 853
847 848
847 853
847 854
848 849
848 854
848 855
849 850
849 855
849 856
850 856
851 852
851 857
852 853
852 857
852 858
853 854
853 858
853 859
854 855
854 859
854 860
855 856
855 860
855 861
856 861
857 858
857 862
858 859
858 862
858 863
859 860
859 863
859 864
860 861
860 864
860 865
861 865
862 863
862 866
863 864
863 866
863 867
864 865
864 867
864 868
865 868
866 867
866 869
867 868
867 869
867 870
868 870
869 870
869 871
870 871
872 873
872 937
872 938
872 970
873 874
873 935
873 937
873 969
873 970
874 875
874 932
874 935
874 968
874 969
875 876
875 928
875 932
875 967
875 968
876 877
876 923
876 928
876 966
876 967
877 878
877 917
877 923
877 965
877 966
878 879
878 910
878 917
878 964
878 965
879 880
879 902
879 910
879 963
879 964
880 881
880 893
880 902
880 962
880 963
881 882
881 883
881 893
881 961
881 962
882 883
882 960
882 961
883 884
883 893
884 885
884 893
884 894
885 886
885 894
885 895
886 887
886 895
886 896
887 888
887 896
887 897
888 889
888 897
888 898
889 890
889 898
889 899
890 891
890 899
890 900
891 892
891 900
891 901
892 901
893 894
893 902
894 895
894 902
894 903
895 896
895 903
895 904
896 897
896 904
896 905
897 898
897 905
897 906
898 899
898 906
898 907
899 900
899 907
899 908
900 901
900 908
900 909
901 909
902 903
902 910
903 904
903 910
903 911
904 905
904 911
904 912
905 906
905 912
905 913
906 907
906 913
906 914
907 908
907 914
907 915
908 909
908 915
908 916
909 916
910 911
910 917
911 912
911 917
911 918
912 913
912 918
912 919
913 914
913 919
913 920
914 915
914 920
914 921
915 916
915 921
915 922
916 922
917 918
917 923
918 919
918 923
918 924
919 920
919 924
919 925
920 921
920 925
920 926
921 922
921 926
921 927
922 927
923 924
923 928
924 925
924 928
924 929
925 926
925 929
925 930
926 927
926 930
926 931
927 931
928 929
928 932
929 930
929 932
929 933
930 931
930 933
930 934
931 934
932 933
932 935
933 934
933 935
933 936
934 936
935 936
935 937
936 937
938 939
938 970
938 1382
938 1402
939 940
939 970
939 979
939 1401
939 1402
940 941
940 979
940 987
940 1400
940 1401
941 942
941 987
941 994
941 1399
941 1400
942 943
942 994
942 1000
942 1398
942 1399
943 944
943 1000
943 1005
943 1397
943 1398
944 945
944 1005
944 1009
944 1396
944 1397
945 946
945 1009
945 1012
945 1395
945 1396
946 947
946 1012
946 1014
946 1394
946 1395
947 948
947 1014
947 1015
947 1393
947 1394
948 949
948 950
948 1015
948 1304
948 1393
949 950
949 1016
949 1082
949 1304
950 951
950 1015
950 1016
950 1081
951 952
951 1013
951 1015
951 1080
951 1081
952 953
952 1010
952 1013
952 1078
952 1080
953 954
953 1006
953 1010
953 1075
953 1078
954 955
954 1001
954 1006
954 1071
954 1075
955 956
955 995
955 1001
955 1066
955 1071
956 957
956 988
956 995
956 1060
956 1066
957 958
957 980
957 988
957 1053
957 1060
958 959
958 971
958 980
958 1045
958 1053
959 960
959 961
959 971
959 1036
959 1045
960 961
960 1036
961 962
961 971
962 963
962 971
962 972
963 964
963 972
963 973
964 965
964 973
964 974
965 966
965 974
965 975
966 967
966 975
966 976
967 968
967 976
967 977
968 969
968 977
968 978
969 970
969 978
969 979
970 979
971 972
971 980
972 973
972 980
972 981
973 974
973 981
973 982
974 975
974 982
974 983
975 976
975 983
975 984
976 977
976 984
976 985
977 978
977 985
977 986
978 979
978 986
978 987
979 987
980 981
980 988
981 982
981 988
981 989
982 983
982 989
982 990
983 984
983 990
983 991
984 985
984 991
984 992
985 986
985 992
985 993
986 987
986 993
986 994
987 994
988 989
988 995
989 990
989 995
989 996
990 991
990 996
990 997
991 992
991 997
991 998
992 993
992 998
992 999
993 994
993 999
993 1000
994 1000
995 996
995 1001
996 997
996 1001
996 1002
997 998
997 1002
997 1003
998 999
998 1003
998 1004
999 1000
999 1004
999 1005
1000 1005
1001 1002
1001 1006
1002 1003
1002 1006
1002 1007
1003 1004
1003 1007
1003 1008
1004 1005
1004 1008
1004 1009
1005 1009
1006 1007
1006 1010
1007 1008
1007 1010
1007 1011
1008 1009
1008 1011
1008 1012
1009 1012
1010 1011
1010 1013
1011 1012
1011 1013
1011 1014
1012 1014
1013 1014
1013 1015
1014 1015
1016 1017
1016 1081
1016 1082
1016 1114
1017 1018
1017 1079
1017 1081
1017 1113
1017 1114
1018 1019
1018 1076
1018 1079
1018 1112
1018 1113
1019 1020
1019 1072
1019 1076
1019 1111
1019 1112
1020 1021
1020 1067
1020 1072
1020 1110
1020 1111
1021 1022
1021 1061
1021 1067
1021 1109
1021 1110
1022 1023
1022 1054
1022 1061
1022 1108
1022 1109
1023 1024
1023 1046
1023 1054
1023 1107
1023 1108
1024 1025
1024 1037
1024 1046
1024 1106
1024 1107
1025 1026
1025 1027
1025 1037
1025 1105
1025 1106
1026 1027
1026 1104
1026 1105
1027 1028
1027 1037
1028 1029
1028 1037
1028 1038
1029 1030
1029 1038
1029 1039
1030 1031
1030 1039
1030 1040
1031 1032
1031 1040
1031 1041
1032 1033
1032 1041
1032 1042
1033 1034
1033 1042
1033 1043
1034 1035
1034 1043
1034 1044
1035 1036
1035 1044
1035 1045
1036 1045
1037 1038
1037 1046
1038 1039
1038 1046
1038 1047
1039 1040
1039 1047
1039 1048
1040 1041
1040 1048
1040 1049
1041 1042
1041 1049
1041 1050
1042 1043
1042 1050
1042 1051
1043 1044
1043 1051
1043 1052
1044 1045
1044 1052
1044 1053
1045 1053
1046 1047
1046 1054
1047 1048
1047 1054
1047 1055
1048 1049
1048 1055
1048 1056
1049 1050
1049 1056
1049 1057
1050 1051
1050 1057
1050 1058
1051 1052
1051 1058
1051 1059
1052 1053
1052 1059
1052 1060
1053 1060
1054 1055
1054 1061
1055 1056
1055 1061
1055 1062
1056 1057
1056 1062
1056 1063
1057 1058
1057 1063
1057 1064
1058 1059
1058 1064
1058 1065
1059 1060
1059 1065
1059 1066
1060 1066
1061 1062
1061 1067
1062 1063
1062 1067
1062 1068
1063 1064
1063 1068
1063 1069
1064 1065
1064 1069
1064 1070
1065 1066
1065 1070
1065 1071
1066 1071
1067 1068
1067 1072
1068 1069
1068 1072
1068 1073
1069 1070
1069 1073
1069 1074
1070 1071
1070 1074
1070 1075
1071 1075
1072 1073
1072 1076
1073 1074
1073 1076
1073 1077
1074 1075
1074 1077
1074 1078
1075 1078
1076 1077
1076 1079
1077 1078
1077 1079
1077 1080
1078 1080
1079 1080
1079 1081
1080 1081
1082 1083
1082 1114
1082 1304
1082 1327
1083 1084
1083 1114
1083 1123
1083 1327
1083 1337
1084 1085
1084 1123
1084 1131
1084 1337
1084 1346
1085 1086
1085 1131
1085 1138
1085 1346
1085 1354
1086 1087
1086 1138
1086 1144
1086 1354
1086 1361
1087 1088
1087 1144
1087 1149
1087 1361
1087 1367
1088 1089
1088 1149
1088 1153
1088 1367
1088 1372
1089 1090
1089 1153
1089 1156
1089 1372
1089 1376
1090 1091
1090 1156
1090 1158
1090 1376
1090 1379
1091 1092
1091 1158
1091 1159
1091 1379
1091 1381
1092 1093
1092 1094
1092 1159
1092 1326
1092 1381
1093 1094
1093 1238
1093 1326
1093 1758
1093 1913
1094 1095
1094 1159
1094 1238
1094 1258
1095 1096
1095 1157
1095 1159
1095 1257
1095 1258
1096 1097
1096 1154
1096 1157
1096 1256
1096 1257
1097 1098
1097 1150
1097 1154
1097 1255
1097 1256
1098 1099
1098 1145
1098 1150
1098 1254
1098 1255
1099 1100
1099 1139
1099 1145
1099 1253
1099 1254
1100 1101
1100 1132
1100 1139
1100 1252
1100 1253
1101 1102
1101 1124
1101 1132
1101 1251
1101 1252
1102 1103
1102 1115
1102 1124
1102 1250
1102 1251
1103 1104
1103 1105
1103 1115
1103 1249
1103 1250
1104 1105
1104 1160
1104 1249
1105 1106
1105 1115
1106 1107
1106 1115
1106 1116
1107 1108
1107 1116
1107 1117
1108 1109
1108 1117
1108 1118
1109 1110
1109 1118
1109 1119
1110 1111
1110 1119
1110 1120
1111 1112
1111 1120
1111 1121
1112 1113
1112 1121
1112 1122
1113 1114
1113 1122
1113 1123
1114 1123
1115 1116
1115 1124
1116 1117
1116 1124
1116 1125
1117 1118
1117 1125
1117 1126
1118 1119
1118 1126
1118 1127
1119 1120
1119 1127
1119 1128
1120 1121
1120 1128
1120 1129
1121 1122
1121 1129
1121 1130
1122 1123
1122 1130
1122 1131
1123 1131
1124 1125
1124 1132
1125 1126
1125 1132
1125 1133
1126 1127
1126 1133
1126 1134
1127 1128
1127 1134
1127 1135
1128 1129
1128 1135
1128 1136
1129 1130
1129 1136
1129 1137
1130 1131
1130 1137
1130 1138
1131 1138
1132 1133
1132 1139
1133 1134
1133 1139
1133 1140
1134 1135
1134 1140
1134 1141
1135 1136
1135 1141
1135 1142
1136 1137
1136 1142
1136 1143
1137 1138
1137 1143
1137 1144
1138 1144
1139 1140
1139 1145
1140 1141
1140 1145
1140 1146
1141 1142
1141 1146
1141 1147
1142 1143
1142 1147
1142 1148
1143 1144
1143 1148
1143 1149
1144 1149
1145 1146
1145 1150
1146 1147
1146 1150
1146 1151
1147 1148
1147 1151
1147 1152
1148 1149
1148 1152
1148 1153
1149 1153
1150 1151
1150 1154
1151 1152
1151 1154
1151 1155
1152 1153
1152 1155
1152 1156
1153 1156
1154 1155
1154 1157
1155 1156
1155 1157
1155 1158
1156 1158
1157 1158
1157 1159
1158 1159
1160 1161
1160 1192
1160 1249
1161 1162
1161 1192
1161 1201
1161 1249
1161 1259
1162 1163
1162 1201
1162 1209
1162 1259
1162 1268
1163 1164
1163 1209
1163 1216
1163 1268
1163 1276
1164 1165
1164 1216
1164 1222
1164 1276
1164 1283
1165 1166
1165 1222
1165 1227
1165 1283
1165 1289
1166 1167
1166 1227
1166 1231
1166 1289
1166 1294
1167 1168
1167 1231
1167 1234
1167 1294
1167 1298
1168 1169
1168 1234
1168 1236
1168 1298
1168 1301
1169 1170
1169 1236
1169 1237
1169 1301
1169 1303
1170 1171
1170 1172
1170 1237
1170 1248
1170 1303
1171 1172
1171 1248
1171 1979
1171 2177
1172 1173
1172 1237
1173 1174
1173 1235
1173 1237
1174 1175
1174 1232
1174 1235
1175 1176
1175 1228
1175 1232
1176 1177
1176 1223
1176 1228
1177 1178
1177 1217
1177 1223
1178 1179
1178 1210
1178 1217
1179 1180
1179 1202
1179 1210
1180 1181
1180 1193
1180 1202
1181 1182
1181 1183
1181 1193
1182 1183
1183 1184
1183 1193
1184 1185
1184 1193
1184 1194
1185 1186
1185 1194
1185 1195
1186 1187
1186 1195
1186 1196
1187 1188
1187 1196
1187 1197
1188 1189
1188 1197
1188 1198
1189 1190
1189 1198
1189 1199
1190 1191
1190 1199
1190 1200
1191 1192
1191 1200
1191 1201
1192 1201
1193 1194
1193 1202
1194 1195
1194 1202
1194 1203
1195 1196
1195 1203
1195 1204
1196 1197
1196 1204
1196 1205
1197 1198
1197 1205
1197 1206
1198 1199
1198 1206
1198 1207
1199 1200
1199 1207
1199 1208
1200 1201
1200 1208
1200 1209
1201 1209
1202 1203
1202 1210
1203 1204
1203 1210
1203 1211
1204 1205
1204 1211
1204 1212
1205 1206
1205 1212
1205 1213
1206 1207
1206 1213
1206 1214
1207 1208
1207 1214
1207 1215
1208 1209
1208 1215
1208 1216
1209 1216
1210 1211
1210 1217
1211 1212
1211 1217
1211 1218
1212 1213
1212 1218
1212 1219
1213 1214
1213 1219
1213 1220
1214 1215
1214 1220
1214 1221
1215 1216
1215 1221
1215 1222
1216 1222
1217 1218
1217 1223
1218 1219
1218 1223
1218 1224
1219 1220
1219 1224
1219 1225
1220 1221
1220 1225
1220 1226
1221 1222
1221 1226
1221 1227
1222 1227
1223 1224
1223 1228
1224 1225
1224 1228
1224 1229
1225 1226
1225 1229
1225 1230
1226 1227
1226 1230
1226 1231
1227 1231
1228 1229
1228 1232
1229 1230
1229 1232
1229 1233
1230 1231
1230 1233
1230 1234
1231 1234
1232 1233
1232 1235
1233 1234
1233 1235
1233 1236
1234 1236
1235 1236
1235 1237
1236 1237
1238 1239
1238 1258
1238 1913
1238 1989
1239 1240
1239 1258
1239 1267
1239 1988
1239 1989
1240 1241
1240 1267
1240 1275
1240 1987
1240 1988
1241 1242
1241 1275
1241 1282
1241 1986
1241 1987
1242 1243
1242 1282
1242 1288
1242 1985
1242 1986
1243 1244
1243 1288
1243 1293
1243 1984
1243 1985
1244 1245
1244 1293
1244 1297
1244 1983
1244 1984
1245 1246
1245 1297
1245 1300
1245 1982
1245 1983
1246 1247
1246 1300
1246 1302
1246 1981
1246 1982
1247 1248
1247 1302
1247 1303
1247 1980
1247 1981
1248 1303
1248 1979
1248 1980
1249 1250
1249 1259
1250 1251
1250 1259
1250 1260
1251 1252
1251 1260
1251 1261
1252 1253
1252 1261
1252 1262
1253 1254
1253 1262
1253 1263
1254 1255
1254 1263
1254 1264
1255 1256
1255 1264
1255 1265
1256 1257
1256 1265
1256 1266
1257 1258
1257 1266
1257 1267
1258 1267
1259 1260
1259 1268
1260 1261
1260 1268
1260 1269
1261 1262
1261 1269
1261 1270
1262 1263
1262 1270
1262 1271
1263 1264
1263 1271
1263 1272
1264 1265
1264 1272
1264 1273
1265 1266
1265 1273
1265 1274
1266 1267
1266 1274
1266 1275
1267 1275
1268 1269
1268 1276
1269 1270
1269 1276
1269 1277
1270 1271
1270 1277
1270 1278
1271 1272
1271 1278
1271 1279
1272 1273
1272 1279
1272 1280
1273 1274
1273 1280
1273 1281
1274 1275
1274 1281
1274 1282
1275 1282
1276 1277
1276 1283
1277 1278
1277 1283
1277 1284
1278 1279
1278 1284
1278 1285
1279 1280
1279 1285
1279 1286
1280 1281
1280 1286
1280 1287
1281 1282
1281 1287
1281 1288
1282 1288
1283 1284
1283 1289
1284 1285
1284 1289
1284 1290
1285 1286
1285 1290
1285 1291
1286 1287
1286 1291
1286 1292
1287 1288
1287 1292
1287 1293
1288 1293
1289 1290
1289 1294
1290 1291
1290 1294
1290 1295
1291 1292
1291 1295
1291 1296
1292 1293
1292 1296
1292 1297
1293 1297
1294 1295
1294 1298
1295 1296
1295 1298
1295 1299
1296 1297
1296 1299
1296 1300
1297 1300
1298 1299
1298 1301
1299 1300
1299 1301
1299 1302
1300 1302
1301 1302
1301 1303
1302 1303
1304 1305
1304 1327
1304 1393
1305 1306
1305 1327
1305 1328
1305 1393
1305 1403
1306 1307
1306 1328
1306 1329
1306 1403
1306 1412
1307 1308
1307 1329
1307 1330
1307 1412
1307 1420
1308 1309
1308 1330
1308 1331
1308 1420
1308 1427
1309 1310
1309 1331
1309 1332
1309 1427
1309 1433
1310 1311
1310 1332
1310 1333
1310 1433
1310 1438
1311 1312
1311 1333
1311 1334
1311 1438
1311 1442
1312 1313
1312 1334
1312 1335
1312 1442
1312 1445
1313 1314
1313 1335
1313 1336
1313 1445
1313 1447
1314 1315
1314 1316
1314 1336
1314 1392
1314 1447
1315 1316
1315 1392
1315 1470
1315 1614
1315 1692
1316 1317
1316 1336
1316 1692
1316 1768
1317 1318
1317 1336
1317 1345
1317 1767
1317 1768
1318 1319
1318 1345
1318 1353
1318 1766
1318 1767
1319 1320
1319 1353
1319 1360
1319 1765
1319 1766
1320 1321
1320 1360
1320 1366
1320 1764
1320 1765
1321 1322
1321 1366
1321 1371
1321 1763
1321 1764
1322 1323
1322 1371
1322 1375
1322 1762
1322 1763
1323 1324
1323 1375
1323 1378
1323 1761
1323 1762
1324 1325
1324 1378
1324 1380
1324 1760
1324 1761
1325 1326
1325 1380
1325 1381
1325 1759
1325 1760
1326 1381
1326 1758
1326 1759
1327 1328
1327 1337
1328 1329
1328 1337
1328 1338
1329 1330
1329 1338
1329 1339
1330 1331
1330 1339
1330 1340
1331 1332
1331 1340
1331 1341
1332 1333
1332 1341
1332 1342
1333 1334
1333 1342
1333 1343
1334 1335
1334 1343
1334 1344
1335 1336
1335 1344
1335 1345
1336 1345
1337 1338
1337 1346
1338 1339
1338 1346
1338 1347
1339 1340
1339 1347
1339 1348
1340 1341
1340 1348
1340 1349
1341 1342
1341 1349
1341 1350
1342 1343
1342 1350
1342 1351
1343 1344
1343 1351
1343 1352
1344 1345
1344 1352
1344 1353
1345 1353
1346 1347
1346 1354
1347 1348
1347 1354
1347 1355
1348 1349
1348 1355
1348 1356
1349 1350
1349 1356
1349 1357
1350 1351
1350 1357
1350 1358
1351 1352
1351 1358
1351 1359
1352 1353
1352 1359
1352 1360
1353 1360
1354 1355
1354 1361
1355 1356
1355 1361
1355 1362
1356 1357
1356 1362
1356 1363
1357 1358
1357 1363
1357 1364
1358 1359
1358 1364
1358 1365
1359 1360
1359 1365
1359 1366
1360 1366
1361 1362
1361 1367
1362 1363
1362 1367
1362 1368
1363 1364
1363 1368
1363 1369
1364 1365
1364 1369
1364 1370
1365 1366
1365 1370
1365 1371
1366 1371
1367 1368
1367 1372
1368 1369
1368 1372
1368 1373
1369 1370
1369 1373
1369 1374
1370 1371
1370 1374
1370 1375
1371 1375
1372 1373
1372 1376
1373 1374
1373 1376
1373 1377
1374 1375
1374 1377
1374 1378
1375 1378
1376 1377
1376 1379
1377 1378
1377 1379
1377 1380
1378 1380
1379 1380
1379 1381
1380 1381
1382 1383
1382 1402
1382 1448
1382 1471
1383 1384
1383 1402
1383 1411
1383 1471
1383 1481
1384 1385
1384 1411
1384 1419
1384 1481
1384 1490
1385 1386
1385 1419
1385 1426
1385 1490
1385 1498
1386 1387
1386 1426
1386 1432
1386 1498
1386 1505
1387 1388
1387 1432
1387 1437
1387 1505
1387 1511
1388 1389
1388 1437
1388 1441
1388 1511
1388 1516
1389 1390
1389 1441
1389 1444
1389 1516
1389 1520
1390 1391
1390 1444
1390 1446
1390 1520
1390 1523
1391 1392
1391 1446
1391 1447
1391 1523
1391 1525
1392 1447
1392 1470
1392 1525
1393 1394
1393 1403
1394 1395
1394 1403
1394 1404
1395 1396
1395 1404
1395 1405
1396 1397
1396 1405
1396 1406
1397 1398
1397 1406
1397 1407
1398 1399
1398 1407
1398 1408
1399 1400
1399 1408
1399 1409
1400 1401
1400 1409
1400 1410
1401 1402
1401 1410
1401 1411
1402 1411
1403 1404
1403 1412
1404 1405
1404 1412
1404 1413
1405 1406
1405 1413
1405 1414
1406 1407
1406 1414
1406 1415
1407 1408
1407 1415
1407 1416
1408 1409
1408 1416
1408 1417
1409 1410
1409 1417
1409 1418
1410 1411
1410 1418
1410 1419
1411 1419
1412 1413
1412 1420
1413 1414
1413 1420
1413 1421
1414 1415
1414 1421
1414 1422
1415 1416
1415 1422
1415 1423
1416 1417
1416 1423
1416 1424
1417 1418
1417 1424
1417 1425
1418 1419
1418 1425
1418 1426
1419 1426
1420 1421
1420 1427
1421 1422
1421 1427
1421 1428
1422 1423
1422 1428
1422 1429
1423 1424
1423 1429
1423 1430
1424 1425
1424 1430
1424 1431
1425 1426
1425 1431
1425 1432
1426 1432
1427 1428
1427 1433
1428 1429
1428 1433
1428 1434
1429 1430
1429 1434
1429 1435
1430 1431
1430 1435
1430 1436
1431 1432
1431 1436
1431 1437
1432 1437
1433 1434
1433 1438
1434 1435
1434 1438
1434 1439
1435 1436
1435 1439
1435 1440
1436 1437
1436 1440
1436 1441
1437 1441
1438 1439
1438 1442
1439 1440
1439 1442
1439 1443
1440 1441
1440 1443
1440 1444
1441 1444
1442 1443
1442 1445
1443 1444
1443 1445
1443 1446
1444 1446
1445 1446
1445 1447
1446 1447
1448 1449
1448 1471
1448 1537
1449 1450
1449 1471
1449 1472
1449 1537
1449 1547
1450 1451
1450 1472
1450 1473
1450 1547
1450 1556
1451 1452
1451 1473
1451 1474
1451 1556
1451 1564
1452 1453
1452 1474
1452 1475
1452 1564
1452 1571
1453 1454
1453 1475
1453 1476
1453 1571
1453 1577
1454 1455
1454 1476
1454 1477
1454 1577
1454 1582
1455 1456
1455 1477
1455 1478
1455 1582
1455 1586
1456 1457
1456 1478
1456 1479
1456 1586
1456 1589
1457 1458
1457 1479
1457 1480
1457 1589
1457 1591
1458 1459
1458 1460
1458 1480
1458 1536
1458 1591
1459 1460
1459 1536
1459 1592
1460 1461
1460 1480
1460 1592
1460 1624
1461 1462
1461 1480
1461 1489
1461 1623
1461 1624
1462 1463
1462 1489
1462 1497
1462 1622
1462 1623
1463 1464
1463 1497
1463 1504
1463 1621
1463 1622
1464 1465
1464 1504
1464 1510
1464 1620
1464 1621
1465 1466
1465 1510
1465 1515
1465 1619
1465 1620
1466 1467
1466 1515
1466 1519
1466 1618
1466 1619
1467 1468
1467 1519
1467 1522
1467 1617
1467 1618
1468 1469
1468 1522
1468 1524
1468 1616
1468 1617
1469 1470
1469 1524
1469 1525
1469 1615
1469 1616
1470 1525
1470 1614
1470 1615
1471 1472
1471 1481
1472 1473
1472 1481
1472 1482
1473 1474
1473 1482
1473 1483
1474 1475
1474 1483
1474 1484
1475 1476
1475 1484
1475 1485
1476 1477
1476 1485
1476 1486
1477 1478
1477 1486
1477 1487
1478 1479
1478 1487
1478 1488
1479 1480
1479 1488
1479 1489
1480 1489
1481 1482
1481 1490
1482 1483
1482 1490
1482 1491
1483 1484
1483 1491
1483 1492
1484 1485
1484 1492
1484 1493
1485 1486
1485 1493
1485 1494
1486 1487
1486 1494
1486 1495
1487 1488
1487 1495
1487 1496
1488 1489
1488 1496
1488 1497
1489 1497
1490 1491
1490 1498
1491 1492
1491 1498
1491 1499
1492 1493
1492 1499
1492 1500
1493 1494
1493 1500
1493 1501
1494 1495
1494 1501
1494 1502
1495 1496
1495 1502
1495 1503
1496 1497
1496 1503
1496 1504
1497 1504
1498 1499
1498 1505
1499 1500
1499 1505
1499 1506
1500 1501
1500 1506
1500 1507
1501 1502
1501 1507
1501 1508
1502 1503
1502 1508
1502 1509
1503 1504
1503 1509
1503 1510
1504 1510
1505 1506
1505 1511
1506 1507
1506 1511
1506 1512
1507 1508
1507 1512
1507 1513
1508 1509
1508 1513
1508 1514
1509 1510
1509 1514
1509 1515
1510 1515
1511 1512
1511 1516
1512 1513
1512 1516
1512 1517
1513 1514
1513 1517
1513 1518
1514 1515
1514 1518
1514 1519
1515 1519
1516 1517
1516 1520
1517 1518
1517 1520
1517 1521
1518 1519
1518 1521
1518 1522
1519 1522
1520 1521
1520 1523
1521 1522
1521 1523
1521 1524
1522 1524
1523 1524
1523 1525
1524 1525
1526 1527
1526 1546
1527 1528
1527 1546
1527 1555
1528 1529
1528 1555
1528 1563
1529 1530
1529 1563
1529 1570
1530 1531
1530 1570
1530 1576
1531 1532
1531 1576
1531 1581
1532 1533
1532 1581
1532 1585
1533 1534
1533 1585
1533 1588
1534 1535
1534 1588
1534 1590
1535 1536
1535 1590
1535 1591
1536 1591
1537 1538
1537 1547
1538 1539
1538 1547
1538 1548
1539 1540
1539 1548
1539 1549
1540 1541
1540 1549
1540 1550
1541 1542
1541 1550
1541 1551
1542 1543
1542 1551
1542 1552
1543 1544
1543 1552
1543 1553
1544 1545
1544 1553
1544 1554
1545 1546
1545 1554
1545 1555
1546 1555
1547 1548
1547 1556
1548 1549
1548 1556
1548 1557
1549 1550
1549 1557
1549 1558
1550 1551
1550 1558
1550 1559
1551 1552
1551 1559
1551 1560
1552 1553
1552 1560
1552 1561
1553 1554
1553 1561
1553 1562
1554 1555
1554 1562
1554 1563
1555 1563
1556 1557
1556 1564
1557 1558
1557 1564
1557 1565
1558 1559
1558 1565
1558 1566
1559 1560
1559 1566
1559 1567
1560 1561
1560 1567
1560 1568
1561 1562
1561 1568
1561 1569
1562 1563
1562 1569
1562 1570
1563 1570
1564 1565
1564 1571
1565 1566
1565 1571
1565 1572
1566 1567
1566 1572
1566 1573
1567 1568
1567 1573
1567 1574
1568 1569
1568 1574
1568 1575
1569 1570
1569 1575
1569 1576
1570 1576
1571 1572
1571 1577
1572 1573
1572 1577
1572 1578
1573 1574
1573 1578
1573 1579
1574 1575
1574 1579
1574 1580
1575 1576
1575 1580
1575 1581
1576 1581
1577 1578
1577 1582
1578 1579
1578 1582
1578 1583
1579 1580
1579 1583
1579 1584
1580 1581
1580 1584
1580 1585
1581 1585
1582 1583
1582 1586
1583 1584
1583 1586
1583 1587
1584 1585
1584 1587
1584 1588
1585 1588
1586 1587
1586 1589
1587 1588
1587 1589
1587 1590
1588 1590
1589 1590
1589 1591
1590 1591
1592 1593
1592 1624
1593 1594
1593 1624
1593 1633
1594 1595
1594 1633
1594 1641
1595 1596
1595 1641
1595 1648
1596 1597
1596 1648
1596 1654
1597 1598
1597 1654
1597 1659
1598 1599
1598 1659
1598 1663
1599 1600
1599 1663
1599 1666
1600 1601
1600 1666
1600 1668
1601 1602
1601 1668
1601 1669
1602 1603
1602 1604
1602 1669
1603 1604
1603 1670
1603 1814
1604 1605
1604 1669
1604 1670
1604 1702
1605 1606
1605 1667
1605 1669
1605 1701
1605 1702
1606 1607
1606 1664
1606 1667
1606 1700
1606 1701
1607 1608
1607 1660
1607 1664
1607 1699
1607 1700
1608 1609
1608 1655
1608 1660
1608 1698
1608 1699
1609 1610
1609 1649
1609 1655
1609 1697
1609 1698
1610 1611
1610 1642
1610 1649
1610 1696
1610 1697
1611 1612
1611 1634
1611 1642
1611 1695
1611 1696
1612 1613
1612 1625
1612 1634
1612 1694
1612 1695
1613 1614
1613 1615
1613 1625
1613 1693
1613 1694
1614 1615
1614 1692
1614 1693
1615 1616
1615 1625
1616 1617
1616 1625
1616 1626
1617 1618
1617 1626
1617 1627
1618 1619
1618 1627
1618 1628
1619 1620
1619 1628
1619 1629
1620 1621
1620 1629
1620 1630
1621 1622
1621 1630
1621 1631
1622 1623
1622 1631
1622 1632
1623 1624
1623 1632
1623 1633
1624 1633
1625 1626
1625 1634
1626 1627
1626 1634
1626 1635
1627 1628
1627 1635
1627 1636
1628 1629
1628 1636
1628 1637
1629 1630
1629 1637
1629 1638
1630 1631
1630 1638
1630 1639
1631 1632
1631 1639
1631 1640
1632 1633
1632 1640
1632 1641
1633 1641
1634 1635
1634 1642
1635 1636
1635 1642
1635 1643
1636 1637
1636 1643
1636 1644
1637 1638
1637 1644
1637 1645
1638 1639
1638 1645
1638 1646
1639 1640
1639 1646
1639 1647
1640 1641
1640 1647
1640 1648
1641 1648
1642 1643
1642 1649
1643 1644
1643 1649
1643 1650
1644 1645
1644 1650
1644 1651
1645 1646
1645 1651
1645 1652
1646 1647
1646 1652
1646 1653
1647 1648
1647 1653
1647 1654
1648 1654
1649 1650
1649 1655
1650 1651
1650 1655
1650 1656
1651 1652
1651 1656
1651 1657
1652 1653
1652 1657
1652 1658
1653 1654
1653 1658
1653 1659
1654 1659
1655 1656
1655 1660
1656 1657
1656 1660
1656 1661
1657 1658
1657 1661
1657 1662
1658 1659
1658 1662
1658 1663
1659 1663
1660 1661
1660 1664
1661 1662
1661 1664
1661 1665
1662 1663
1662 1665
1662 1666
1663 1666
1664 1665
1664 1667
1665 1666
1665 1667
1665 1668
1666 1668
1667 1668
1667 1669
1668 1669
1670 1671
1670 1702
1670 1814
1670 1846
1671 1672
1671 1702
1671 1711
1671 1845
1671 1846
1672 1673
1672 1711
1672 1719
1672 1844
1672 1845
1673 1674
1673 1719
1673 1726
1673 1843
1673 1844
1674 1675
1674 1726
1674 1732
1674 1842
1674 1843
1675 1676
1675 1732
1675 1737
1675 1841
1675 1842
1676 1677
1676 1737
1676 1741
1676 1840
1676 1841
1677 1678
1677 1741
1677 1744
1677 1839
1677 1840
1678 1679
1678 1744
1678 1746
1678 1838
1678 1839
1679 1680
1679 1746
1679 1747
1679 1837
1679 1838
1680 1681
1680 1682
1680 1747
1680 1836
1680 1837
1681 1682
1681 1748
1681 1836
1681 1892
1682 1683
1682 1747
1682 1748
1682 1813
1683 1684
1683 1745
1683 1747
1683 1812
1683 1813
1684 1685
1684 1742
1684 1745
1684 1810
1684 1812
1685 1686
1685 1738
1685 1742
1685 1807
1685 1810
1686 1687
1686 1733
1686 1738
1686 1803
1686 1807
1687 1688
1687 1727
1687 1733
1687 1798
1687 1803
1688 1689
1688 1720
1688 1727
1688 1792
1688 1798
1689 1690
1689 1712
1689 1720
1689 1785
1689 1792
1690 1691
1690 1703
1690 1712
1690 1777
1690 1785
1691 1692
1691 1693
1691 1703
1691 1768
1691 1777
1692 1693
1692 1768
1693 1694
1693 1703
1694 1695
1694 1703
1694 1704
1695 1696
1695 1704
1695 1705
1696 1697
1696 1705
1696 1706
1697 1698
1697 1706
1697 1707
1698 1699
1698 1707
1698 1708
1699 1700
1699 1708
1699 1709
1700 1701
1700 1709
1700 1710
1701 1702
1701 1710
1701 1711
1702 1711
1703 1704
1703 1712
1704 1705
1704 1712
1704 1713
1705 1706
1705 1713
1705 1714
1706 1707
1706 1714
1706 1715
1707 1708
1707 1715
1707 1716
1708 1709
1708 1716
1708 1717
1709 1710
1709 1717
1709 1718
1710 1711
1710 1718
1710 1719
1711 1719
1712 1713
1712 1720
1713 1714
1713 1720
1713 1721
1714 1715
1714 1721
1714 1722
1715 1716
1715 1722
1715 1723
1716 1717
1716 1723
1716 1724
1717 1718
1717 1724
1717 1725
1718 1719
1718 1725
1718 1726
1719 1726
1720 1721
1720 1727
1721 1722
1721 1727
1721 1728
1722 1723
1722 1728
1722 1729
1723 1724
1723 1729
1723 1730
1724 1725
1724 1730
1724 1731
1725 1726
1725 1731
1725 1732
1726 1732
1727 1728
1727 1733
1728 1729
1728 1733
1728 1734
1729 1730
1729 1734
1729 1735
1730 1731
1730 1735
1730 1736
1731 1732
1731 1736
1731 1737
1732 1737
1733 1734
1733 1738
1734 1735
1734 1738
1734 1739
1735 1736
1735 1739
1735 1740
1736 1737
1736 1740
1736 1741
1737 1741
1738 1739
1738 1742
1739 1740
1739 1742
1739 1743
1740 1741
1740 1743
1740 1744
1741 1744
1742 1743
1742 1745
1743 1744
1743 1745
1743 1746
1744 1746
1745 1746
1745 1747
1746 1747
1748 1749
1748 1813
1748 1892
1748 1923
1749 1750
1749 1811
1749 1813
1749 1922
1749 1923
1750 1751
1750 1808
1750 1811
1750 1921
1750 1922
1751 1752
1751 1804
1751 1808
1751 1920
1751 1921
1752 1753
1752 1799
1752 1804
1752 1919
1752 1920
1753 1754
1753 1793
1753 1799
1753 1918
1753 1919
1754 1755
1754 1786
1754 1793
1754 1917
1754 1918
1755 1756
1755 1778
1755 1786
1755 1916
1755 1917
1756 1757
1756 1769
1756 1778
1756 1915
1756 1916
1757 1758
1757 1759
1757 1769
1757 1914
1757 1915
1758 1759
1758 1913
1758 1914
1759 1760
1759 1769
1760 1761
1760 1769
1760 1770
1761 1762
1761 1770
1761 1771
1762 1763
1762 1771
1762 1772
1763 1764
1763 1772
1763 1773
1764 1765
1764 1773
1764 1774
1765 1766
1765 1774
1765 1775
1766 1767
1766 1775
1766 1776
1767 1768
1767 1776
1767 1777
1768 1777
1769 1770
1769 1778
1770 1771
1770 1778
1770 1779
1771 1772
1771 1779
1771 1780
1772 1773
1772 1780
1772 1781
1773 1774
1773 1781
1773 1782
1774 1775
1774 1782
1774 1783
1775 1776
1775 1783
1775 1784
1776 1777
1776 1784
1776 1785
1777 1785
1778 1779
1778 1786
1779 1780
1779 1786
1779 1787
1780 1781
1780 1787
1780 1788
1781 1782
1781 1788
1781 1789
1782 1783
1782 1789
1782 1790
1783 1784
1783 1790
1783 1791
1784 1785
1784 1791
1784 1792
1785 1792
1786 1787
1786 1793
1787 1788
1787 1793
1787 1794
1788 1789
1788 1794
1788 1795
1789 1790
1789 1795
1789 1796
1790 1791
1790 1796
1790 1797
1791 1792
1791 1797
1791 1798
1792 1798
1793 1794
1793 1799
1794 1795
1794 1799
1794 1800
1795 1796
1795 1800
1795 1801
1796 1797
1796 1801
1796 1802
1797 1798
1797 1802
1797 1803
1798 1803
1799 1800
1799 1804
1800 1801
1800 1804
1800 1805
1801 1802
1801 1805
1801 1806
1802 1803
1802 1806
1802 1807
1803 1807
1804 1805
1804 1808
1805 1806
1805 1808
1805 1809
1806 1807
1806 1809
1806 1810
1807 1810
1808 1809
1808 1811
1809 1810
1809 1811
1809 1812
1810 1812
1811 1812
1811 1813
1812 1813
1814 1815
1814 1846
1815 1816
1815 1846
1815 1855
1816 1817
1816 1855
1816 1863
1817 1818
1817 1863
1817 1870
1818 1819
1818 1870
1818 1876
1819 1820
1819 1876
1819 1881
1820 1821
1820 1881
1820 1885
1821 1822
1821 1885
1821 1888
1822 1823
1822 1888
1822 1890
1823 1824
1823 1890
1823 1891
1824 1825
1824 1826
1824 1891
1825 1826
1825 2035
1825 2101
1826 1827
1826 1891
1826 2035
1826 2055
1827 1828
1827 1889
1827 1891
1827 2054
1827 2055
1828 1829
1828 1886
1828 1889
1828 2053
1828 2054
1829 1830
1829 1882
1829 1886
1829 2052
1829 2053
1830 1831
1830 1877
1830 1882
1830 2051
1830 2052
1831 1832
1831 1871
1831 1877
1831 2050
1831 2051
1832 1833
1832 1864
1832 1871
1832 2049
1832 2050
1833 1834
1833 1856
1833 1864
1833 2048
1833 2049
1834 1835
1834 1847
1834 1856
1834 2047
1834 2048
1835 1836
1835 1837
1835 1847
1835 2046
1835 2047
1836 1837
1836 1892
1836 2046
1837 1838
1837 1847
1838 1839
1838 1847
1838 1848
1839 1840
1839 1848
1839 1849
1840 1841
1840 1849
1840 1850
1841 1842
1841 1850
1841 1851
1842 1843
1842 1851
1842 1852
1843 1844
1843 1852
1843 1853
1844 1845
1844 1853
1844 1854
1845 1846
1845 1854
1845 1855
1846 1855
1847 1848
1847 1856
1848 1849
1848 1856
1848 1857
1849 1850
1849 1857
1849 1858
1850 1851
1850 1858
1850 1859
1851 1852
1851 1859
1851 1860
1852 1853
1852 1860
1852 1861
1853 1854
1853 1861
1853 1862
1854 1855
1854 1862
1854 1863
1855 1863
1856 1857
1856 1864
1857 1858
1857 1864
1857 1865
1858 1859
1858 1865
1858 1866
1859 1860
1859 1866
1859 1867
1860 1861
1860 1867
1860 1868
1861 1862
1861 1868
1861 1869
1862 1863
1862 1869
1862 1870
1863 1870
1864 1865
1864 1871
1865 1866
1865 1871
1865 1872
1866 1867
1866 1872
1866 1873
1867 1868
1867 1873
1867 1874
1868 1869
1868 1874
1868 1875
1869 1870
1869 1875
1869 1876
1870 1876
1871 1872
1871 1877
1872 1873
1872 1877
1872 1878
1873 1874
1873 1878
1873 1879
1874 1875
1874 1879
1874 1880
1875 1876
1875 1880
1875 1881
1876 1881
1877 1878
1877 1882
1878 1879
1878 1882
1878 1883
1879 1880
1879 1883
1879 1884
1880 1881
1880 1884
1880 1885
1881 1885
1882 1883
1882 1886
1883 1884
1883 1886
1883 1887
1884 1885
1884 1887
1884 1888
1885 1888
1886 1887
1886 1889
1887 1888
1887 1889
1887 1890
1888 1890
1889 1890
1889 1891
1890 1891
1892 1893
1892 1923
1892 2046
1893 1894
1893 1923
1893 1932
1893 2046
1893 2056
1894 1895
1894 1932
1894 1940
1894 2056
1894 2065
1895 1896
1895 1940
1895 1947
1895 2065
1895 2073
1896 1897
1896 1947
1896 1953
1896 2073
1896 2080
1897 1898
1897 1953
1897 1958
1897 2080
1897 2086
1898 1899
1898 1958
1898 1962
1898 2086
1898 2091
1899 1900
1899 1962
1899 1965
1899 2091
1899 2095
1900 1901
1900 1965
1900 1967
1900 2095
1900 2098
1901 1902
1901 1967
1901 1968
1901 2098
1901 2100
1902 1903
1902 1968
1902 2045
1902 2100
1903 1904
1903 1968
1903 1969
1903 2034
1904 1905
1904 1966
1904 1968
1904 2033
1904 2034
1905 1906
1905 1963
1905 1966
1905 2031
1905 2033
1906 1907
1906 1959
1906 1963
1906 2028
1906 2031
1907 1908
1907 1954
1907 1959
1907 2024
1907 2028
1908 1909
1908 1948
1908 1954
1908 2019
1908 2024
1909 1910
1909 1941
1909 1948
1909 2013
1909 2019
1910 1911
1910 1933
1910 1941
1910 2006
1910 2013
1911 1912
1911 1924
1911 1933
1911 1998
1911 2006
1912 1913
1912 1914
1912 1924
1912 1989
1912 1998
1913 1914
1913 1989
1914 1915
1914 1924
1915 1916
1915 1924
1915 1925
1916 1917
1916 1925
1916 1926
1917 1918
1917 1926
1917 1927
1918 1919
1918 1927
1918 1928
1919 1920
1919 1928
1919 1929
1920 1921
1920 1929
1920 1930
1921 1922
1921 1930
1921 1931
1922 1923
1922 1931
1922 1932
1923 1932
1924 1925
1924 1933
1925 1926
1925 1933
1925 1934
1926 1927
1926 1934
1926 1935
1927 1928
1927 1935
1927 1936
1928 1929
1928 1936
1928 1937
1929 1930
1929 1937
1929 1938
1930 1931
1930 1938
1930 1939
1931 1932
1931 1939
1931 1940
1932 1940
1933 1934
1933 1941
1934 1935
1934 1941
1934 1942
1935 1936
1935 1942
1935 1943
1936 1937
1936 1943
1936 1944
1937 1938
1937 1944
1937 1945
1938 1939
1938 1945
1938 1946
1939 1940
1939 1946
1939 1947
1940 1947
1941 1942
1941 1948
1942 1943
1942 1948
1942 1949
1943 1944
1943 1949
1943 1950
1944 1945
1944 1950
1944 1951
1945 1946
1945 1951
1945 1952
1946 1947
1946 1952
1946 1953
1947 1953
1948 1949
1948 1954
1949 1950
1949 1954
1949 1955
1950 1951
1950 1955
1950 1956
1951 1952
1951 1956
1951 1957
1952 1953
1952 1957
1952 1958
1953 1958
1954 1955
1954 1959
1955 1956
1955 1959
1955 1960
1956 1957
1956 1960
1956 1961
1957 1958
1957 1961
1957 1962
1958 1962
1959 1960
1959 1963
1960 1961
1960 1963
1960 1964
1961 1962
1961 1964
1961 1965
1962 1965
1963 1964
1963 1966
1964 1965
1964 1966
1964 1967
1965 1967
1966 1967
1966 1968
1967 1968
1969 1970
1969 2034
1969 2187
1970 1971
1970 2032
1970 2034
1970 2186
1970 2187
1971 1972
1971 2029
1971 2032
1971 2185
1971 2186
1972 1973
1972 2025
1972 2029
1972 2184
1972 2185
1973 1974
1973 2020
1973 2025
1973 2183
1973 2184
1974 1975
1974 2014
1974 2020
1974 2182
1974 2183
1975 1976
1975 2007
1975 2014
1975 2181
1975 2182
1976 1977
1976 1999
1976 2007
1976 2180
1976 2181
1977 1978
1977 1990
1977 1999
1977 2179
1977 2180
1978 1979
1978 1980
1978 1990
1978 2178
1978 2179
1979 1980
1979 2177
1979 2178
1980 1981
1980 1990
1981 1982
1981 1990
1981 1991
1982 1983
1982 1991
1982 1992
1983 1984
1983 1992
1983 1993
1984 1985
1984 1993
1984 1994
1985 1986
1985 1994
1985 1995
1986 1987
1986 1995
1986 1996
1987 1988
1987 1996
1987 1997
1988 1989
1988 1997
1988 1998
1989 1998
1990 1991
1990 1999
1991 1992
1991 1999
1991 2000
1992 1993
1992 2000
1992 2001
1993 1994
1993 2001
1993 2002
1994 1995
1994 2002
1994 2003
1995 1996
1995 2003
1995 2004
1996 1997
1996 2004
1996 2005
1997 1998
1997 2005
1997 2006
1998 2006
1999 2000
1999 2007
2000 2001
2000 2007
2000 2008
2001 2002
2001 2008
2001 2009
2002 2003
2002 2009
2002 2010
2003 2004
2003 2010
2003 2011
2004 2005
2004 2011
2004 2012
2005 2006
2005 2012
2005 2013
2006 2013
2007 2008
2007 2014
2008 2009
2008 2014
2008 2015
2009 2010
2009 2015
2009 2016
2010 2011
2010 2016
2010 2017
2011 2012
2011 2017
2011 2018
2012 2013
2012 2018
2012 2019
2013 2019
2014 2015
2014 2020
2015 2016
2015 2020
2015 2021
2016 2017
2016 2021
2016 2022
2017 2018
2017 2022
2017 2023
2018 2019
2018 2023
2018 2024
2019 2024
2020 2021
2020 2025
2021 2022
2021 2025
2021 2026
2022 2023
2022 2026
2022 2027
2023 2024
2023 2027
2023 2028
2024 2028
2025 2026
2025 2029
2026 2027
2026 2029
2026 2030
2027 2028
2027 2030
2027 2031
2028 2031
2029 2030
2029 2032
2030 2031
2030 2032
2030 2033
2031 2033
2032 2033
2032 2034
2033 2034
2035 2036
2035 2055
2035 2101
2035 2121
2036 2037
2036 2055
2036 2064
2036 2120
2036 2121
2037 2038
2037 2064
2037 2072
2037 2119
2037 2120
2038 2039
2038 2072
2038 2079
2038 2118
2038 2119
2039 2040
2039 2079
2039 2085
2039 2117
2039 2118
2040 2041
2040 2085
2040 2090
2040 2116
2040 2117
2041 2042
2041 2090
2041 2094
2041 2115
2041 2116
2042 2043
2042 2094
2042 2097
2042 2114
2042 2115
2043 2044
2043 2097
2043 2099
2043 2113
2043 2114
2044 2045
2044 2099
2044 2100
2044 2112
2044 2113
2045 2100
2045 2112
2046 2047
2046 2056
2047 2048
2047 2056
2047 2057
2048 2049
2048 2057
2048 2058
2049 2050
2049 2058
2049 2059
2050 2051
2050 2059
2050 2060
2051 2052
2051 2060
2051 2061
2052 2053
2052 2061
2052 2062
2053 2054
2053 2062
2053 2063
2054 2055
2054 2063
2054 2064
2055 2064
2056 2057
2056 2065
2057 2058
2057 2065
2057 2066
2058 2059
2058 2066
2058 2067
2059 2060
2059 2067
2059 2068
2060 2061
2060 2068
2060 2069
2061 2062
2061 2069
2061 2070
2062 2063
2062 2070
2062 2071
2063 2064
2063 2071
2063 2072
2064 2072
2065 2066
2065 2073
2066 2067
2066 2073
2066 2074
2067 2068
2067 2074
2067 2075
2068 2069
2068 2075
2068 2076
2069 2070
2069 2076
2069 2077
2070 2071
2070 2077
2070 2078
2071 2072
2071 2078
2071 2079
2072 2079
2073 2074
2073 2080
2074 2075
2074 2080
2074 2081
2075 2076
2075 2081
2075 2082
2076 2077
2076 2082
2076 2083
2077 2078
2077 2083
2077 2084
2078 2079
2078 2084
2078 2085
2079 2085
2080 2081
2080 2086
2081 2082
2081 2086
2081 2087
2082 2083
2082 2087
2082 2088
2083 2084
2083 2088
2083 2089
2084 2085
2084 2089
2084 2090
2085 2090
2086 2087
2086 2091
2087 2088
2087 2091
2087 2092
2088 2089
2088 2092
2088 2093
2089 2090
2089 2093
2089 2094
2090 2094
2091 2092
2091 2095
2092 2093
2092 2095
2092 2096
2093 2094
2093 2096
2093 2097
2094 2097
2095 2096
2095 2098
2096 2097
2096 2098
2096 2099
2097 2099
2098 2099
2098 2100
2099 2100
2101 2102
2101 2121
2102 2103
2102 2121
2102 2130
2103 2104
2103 2130
2103 2138
2104 2105
2104 2138
2104 2145
2105 2106
2105 2145
2105 2151
2106 2107
2106 2151
2106 2156
2107 2108
2107 2156
2107 2160
2108 2109
2108 2160
2108 2163
2109 2110
2109 2163
2109 2165
2110 2111
2110 2165
2110 2166
2111 2166
2112 2113
2112 2122
2113 2114
2113 2122
2113 2123
2114 2115
2114 2123
2114 2124
2115 2116
2115 2124
2115 2125
2116 2117
2116 2125
2116 2126
2117 2118
2117 2126
2117 2127
2118 2119
2118 2127
2118 2128
2119 2120
2119 2128
2119 2129
2120 2121
2120 2129
2120 2130
2121 2130
2122 2123
2122 2131
2123 2124
2123 2131
2123 2132
2124 2125
2124 2132
2124 2133
2125 2126
2125 2133
2125 2134
2126 2127
2126 2134
2126 2135
2127 2128
2127 2135
2127 2136
2128 2129
2128 2136
2128 2137
2129 2130
2129 2137
2129 2138
2130 2138
2131 2132
2131 2139
2132 2133
2132 2139
2132 2140
2133 2134
2133 2140
2133 2141
2134 2135
2134 2141
2134 2142
2135 2136
2135 2142
2135 2143
2136 2137
2136 2143
2136 2144
2137 2138
2137 2144
2137 2145
2138 2145
2139 2140
2139 2146
2140 2141
2140 2146
2140 2147
2141 2142
2141 2147
2141 2148
2142 2143
2142 2148
2142 2149
2143 2144
2143 2149
2143 2150
2144 2145
2144 2150
2144 2151
2145 2151
2146 2147
2146 2152
2147 2148
2147 2152
2147 2153
2148 2149
2148 2153
2148 2154
2149 2150
2149 2154
2149 2155
2150 2151
2150 2155
2150 2156
2151 2156
2152 2153
2152 2157
2153 2154
2153 2157
2153 2158
2154 2155
2154 2158
2154 2159
2155 2156
2155 2159
2155 2160
2156 2160
2157 2158
2157 2161
2158 2159
2158 2161
2158 2162
2159 2160
2159 2162
2159 2163
2160 2163
2161 2162
2161 2164
2162 2163
2162 2164
2162 2165
2163 2165
2164 2165
2164 2166
2165 2166
2167 2168
2167 2232
2168 2169
2168 2230
2168 2232
2169 2170
2169 2227
2169 2230
2170 2171
2170 2223
2170 2227
2171 2172
2171 2218
2171 2223
2172 2173
2172 2212
2172 2218
2173 2174
2173 2205
2173 2212
2174 2175
2174 2197
2174 2205
2175 2176
2175 2188
2175 2197
2176 2177
2176 2178
2176 2188
2177 2178
2178 2179
2178 2188
2179 2180
2179 2188
2179 2189
2180 2181
2180 2189
2180 2190
2181 2182
2181 2190
2181 2191
2182 2183
2182 2191
2182 2192
2183 2184
2183 2192
2183 2193
2184 2185
2184 2193
2184 2194
2185 2186
2185 2194
2185 2195
2186 2187
2186 2195
2186 2196
2187 2196
2188 2189
2188 2197
2189 2190
2189 2197
2189 2198
2190 2191
2190 2198
2190 2199
2191 2192
2191 2199
2191 2200
2192 2193
2192 2200
2192 2201
2193 2194
2193 2201
2193 2202
2194 2195
2194 2202
2194 2203
2195 2196
2195 2203
2195 2204
2196 2204
2197 2198
2197 2205
2198 2199
2198 2205
2198 2206
2199 2200
2199 2206
2199 2207
2200 2201
2200 2207
2200 2208
2201 2202
2201 2208
2201 2209
2202 2203
2202 2209
2202 2210
2203 2204
2203 2210
2203 2211
2204 2211
2205 2206
2205 2212
2206 2207
2206 2212
2206 2213
2207 2208
2207 2213
2207 2214
2208 2209
2208 2214
2208 2215
2209 2210
2209 2215
2209 2216
2210 2211
2210 2216
2210 2217
2211 2217
2212 2213
2212 2218
2213 2214
2213 2218
2213 2219
2214 2215
2214 2219
2214 2220
2215 2216
2215 2220
2215 2221
2216 2217
2216 2221
2216 2222
2217 2222
2218 2219
2218 2223
2219 2220
2219 2223
2219 2224
2220 2221
2220 2224
2220 2225
2221 2222
2221 2225
2221 2226
2222 2226
2223 2224
2223 2227
2224 2225
2224 2227
2224 2228
2225 2226
2225 2228
2225 2229
2226 2229
2227 2228
2227 2230
2228 2229
2228 2230
2228 2231
2229 2231
2230 2231
2230 2232
2231 2232
