100 247
0 1
0 2
0 12
0 13
1 11
1 12
1 13
2 4
3 13
4 6
4 12
4 13
4 16
4 17
5 12
5 13
5 15
5 16
5 17
6 8
7 17
8 9
8 16
8 17
9 16
9 17
9 19
10 11
10 12
10 22
10 23
11 21
11 22
11 23
12 14
13 23
14 16
14 22
14 23
14 26
14 27
15 22
15 23
15 25
15 26
15 27
16 18
17 27
18 19
18 26
18 27
19 26
19 27
19 29
20 21
20 22
20 32
20 33
21 31
21 32
21 33
22 24
23 33
24 26
24 32
24 33
24 36
24 37
25 32
25 33
25 35
25 36
25 37
26 28
27 37
28 29
28 36
28 37
29 36
29 37
29 39
30 31
30 32
30 42
30 43
31 41
31 42
31 43
32 34
33 43
34 36
34 42
34 43
34 46
34 47
35 42
35 43
35 45
35 46
35 47
36 38
37 47
38 39
38 46
38 47
39 46
39 47
39 49
40 41
40 42
40 52
40 53
41 51
41 52
41 53
42 44
43 53
44 46
44 52
44 53
44 56
44 57
45 52
45 53
45 55
45 56
45 57
46 48
47 57
48 49
48 56
48 57
49 56
49 57
49 59
50 51
50 52
50 62
50 63
51 61
51 62
51 63
52 54
53 63
54 56
54 62
54 63
54 66
54 67
55 62
55 63
55 65
55 66
55 67
56 58
57 67
58 59
58 66
58 67
59 66
59 67
59 69
60 61
60 62
60 72
60 73
61 71
61 72
61 73
62 64
63 73
64 66
64 72
64 73
64 76
64 77
65 72
65 73
65 75
65 76
65 77
66 68
67 77
68 69
68 76
68 77
69 76
69 77
69 79
70 71
70 72
70 82
70 83
71 81
71 82
71 83
72 74
73 83
74 76
74 82
74 83
74 86
74 87
75 82
75 83
75 85
75 86
75 87
76 78
77 87
78 79
78 86
78 87
79 86
79 87
79 89
80 81
80 82
80 92
80 93
81 91
81 92
81 93
82 84
83 93
84 86
84 92
84 93
84 96
84 97
85 92
85 93
85 95
85 96
85 97
86 88
87 97
88 89
88 96
88 97
89 96
89 97
89 99
90 92
92 94
94 96
96 98
