199 660
0 45
0 60
0 135
0 90
0 127
0 128
0 157
0 158
1 45
1 60
1 136
1 151
1 91
1 129
1 130
1 158
1 159
2 46
2 61
2 136
2 92
2 131
2 132
2 159
2 160
3 46
3 61
3 137
3 152
3 93
3 105
3 133
3 134
3 160
3 161
3 162
4 47
4 62
4 137
4 94
4 106
4 107
4 135
4 136
4 161
4 162
4 163
4 164
5 47
5 62
5 138
5 153
5 95
5 108
5 109
5 137
5 163
5 164
5 165
5 166
6 48
6 63
6 138
6 96
6 110
6 111
6 139
6 140
6 165
6 166
6 167
6 168
7 48
7 63
7 139
7 154
7 97
7 112
7 113
7 141
7 142
7 167
7 168
7 169
7 170
8 49
8 64
8 139
8 98
8 114
8 115
8 143
8 144
8 169
8 170
8 171
8 172
9 49
9 64
9 140
9 155
9 99
9 116
9 117
9 145
9 146
9 171
9 172
9 173
9 174
10 50
10 65
10 140
10 100
10 118
10 119
10 147
10 148
10 173
10 174
10 175
10 176
11 50
11 65
11 141
11 156
11 101
11 120
11 121
11 149
11 150
11 175
11 176
11 177
11 178
12 51
12 66
12 141
12 102
12 122
12 123
12 151
12 152
12 177
12 178
12 179
12 180
13 51
13 66
13 142
13 157
13 103
13 124
13 125
13 153
13 154
13 179
13 180
13 181
13 182
14 52
14 67
14 142
14 104
14 126
14 155
14 156
14 157
14 181
14 182
15 52
15 67
15 143
15 158
15 60
15 61
15 157
16 53
16 68
16 143
16 62
16 63
16 158
17 53
17 68
17 144
17 159
17 64
17 65
18 54
18 69
18 144
18 66
18 67
18 160
19 54
19 69
19 145
19 160
19 68
19 161
19 162
20 55
20 70
20 145
20 71
20 163
20 164
21 55
21 70
21 146
21 161
21 72
21 73
21 165
21 166
22 56
22 71
22 146
22 74
22 75
22 167
22 168
23 56
23 71
23 147
23 162
23 76
23 77
23 169
23 170
24 57
24 72
24 147
24 78
24 79
24 171
24 172
25 57
25 72
25 148
25 163
25 80
25 81
25 173
25 174
26 58
26 73
26 148
26 82
26 83
26 175
26 176
27 58
27 73
27 149
27 164
27 84
27 85
27 177
27 178
28 59
28 74
28 149
28 86
28 87
28 179
28 180
29 59
29 74
29 135
29 150
29 88
29 89
29 181
29 182
30 75
30 90
30 105
30 60
30 61
30 104
31 75
31 90
31 106
31 121
31 62
31 63
31 91
32 76
32 91
32 106
32 64
32 65
32 92
33 76
33 91
33 107
33 122
33 66
33 67
33 92
33 93
34 77
34 92
34 107
34 68
34 69
34 93
34 94
35 77
35 92
35 108
35 123
35 70
35 71
35 94
35 95
36 78
36 93
36 108
36 72
36 73
36 95
36 96
37 78
37 93
37 109
37 124
37 74
37 75
37 96
37 97
38 79
38 94
38 109
38 76
38 77
38 97
38 98
39 79
39 94
39 110
39 125
39 78
39 98
39 99
40 80
40 95
40 110
40 81
40 99
40 100
41 80
41 95
41 111
41 126
41 82
41 83
41 100
41 101
42 81
42 96
42 111
42 84
42 85
42 101
42 102
43 81
43 96
43 112
43 127
43 86
43 87
43 102
43 103
44 82
44 97
44 112
44 88
44 89
44 103
44 104
45 82
45 97
45 113
45 128
46 83
46 98
46 113
47 83
47 98
47 114
47 129
48 84
48 99
48 114
48 105
49 84
49 99
49 115
49 130
49 106
49 107
50 85
50 100
50 115
50 108
50 109
51 85
51 100
51 116
51 131
51 110
51 111
52 86
52 101
52 116
52 112
52 113
53 86
53 101
53 117
53 132
53 114
53 115
54 87
54 102
54 117
54 116
55 87
55 102
55 118
55 133
55 119
56 88
56 103
56 118
56 120
56 121
57 88
57 103
57 119
57 134
57 122
57 123
58 89
58 104
58 119
58 124
58 125
59 89
59 104
59 105
59 120
59 126
60 135
60 150
60 90
61 105
61 120
61 91
62 136
62 151
62 92
63 106
63 121
63 93
64 137
64 152
64 94
65 107
65 122
65 95
66 138
66 153
66 96
67 108
67 123
67 97
68 139
68 154
68 98
69 109
69 124
69 99
70 140
70 155
70 100
71 110
71 125
71 101
72 141
72 156
72 102
73 111
73 126
73 103
74 142
74 157
74 104
75 112
75 127
75 128
76 143
76 158
76 129
76 130
77 113
77 128
77 131
77 132
78 144
78 159
78 133
78 134
79 114
79 129
79 135
79 136
80 145
80 160
80 137
80 138
81 115
81 130
81 139
81 140
82 146
82 161
82 141
82 142
83 116
83 131
83 143
83 144
84 147
84 162
84 145
84 146
85 117
85 132
85 147
85 148
86 148
86 163
86 149
86 150
87 118
87 133
87 151
87 152
88 149
88 164
88 153
88 154
89 119
89 134
89 155
89 156
105 165
106 165
107 166
108 166
109 167
110 167
110 190
111 168
111 191
112 168
112 192
113 169
113 193
114 169
114 194
115 170
115 195
116 170
116 196
117 171
118 171
119 172
120 172
121 173
122 173
123 174
123 190
124 174
124 190
124 191
125 175
125 191
125 192
126 175
126 192
126 193
127 176
127 193
127 194
128 177
128 194
128 195
129 177
129 195
129 196
130 178
130 196
131 178
132 179
133 179
134 180
135 180
135 182
136 181
136 184
137 181
137 186
138 182
138 188
139 182
140 183
141 183
142 184
143 184
144 185
145 185
146 186
147 186
148 187
149 187
150 188
150 183
151 188
151 185
152 189
152 187
153 189
154 190
155 190
156 176
161 191
163 191
163 192
165 192
165 193
167 193
167 194
169 194
169 195
171 195
171 196
173 196
173 197
175 197
191 198
192 198
193 198
195 198
196 198
197 198
