128 1170
0 119
0 109
0 108
0 107
0 102
0 101
0 97
0 89
0 79
0 78
0 71
0 66
0 56
0 54
0 43
0 30
119 30
119 43
119 46
119 54
119 56
119 71
119 97
119 102
119 118
109 7
109 26
109 38
109 42
109 54
109 63
109 67
109 73
109 75
109 77
109 78
109 79
109 87
109 89
109 97
109 101
109 104
109 107
109 108
109 127
109 116
109 113
108 26
108 30
108 43
108 54
108 56
108 73
108 78
108 79
108 89
108 97
108 101
108 102
108 107
107 26
107 30
107 54
107 56
107 63
107 66
107 73
107 75
107 78
107 79
107 87
107 89
107 97
107 101
107 102
107 127
107 113
102 30
102 43
102 54
102 56
102 63
102 66
102 71
102 79
102 97
102 118
101 11
101 15
101 26
101 30
101 32
101 73
101 78
101 79
101 89
101 96
101 97
101 127
101 116
101 113
101 104
97 30
97 43
97 54
97 56
97 66
97 71
97 78
97 79
97 89
97 118
89 26
89 30
89 32
89 38
89 73
89 75
89 78
89 79
89 87
89 127
89 116
89 113
89 104
89 96
79 11
79 26
79 30
79 32
79 43
79 54
79 73
79 78
79 116
79 104
78 26
78 38
78 42
78 73
78 75
78 77
78 127
78 124
78 116
78 113
78 104
78 99
78 96
78 87
71 30
71 43
71 54
71 56
71 118
66 22
66 43
66 54
66 56
66 63
66 121
66 69
56 30
56 43
56 54
56 121
56 118
56 69
56 63
54 30
54 43
54 121
54 118
54 69
54 63
43 30
43 118
30 11
30 118
30 46
1 126
1 125
1 122
1 115
1 114
1 112
1 110
1 106
1 95
1 93
1 92
1 91
1 83
1 81
1 74
1 68
1 67
1 65
1 60
1 57
1 52
1 51
1 44
1 40
1 37
1 29
1 27
1 24
1 23
1 19
1 9
126 5
126 9
126 12
126 19
126 23
126 29
126 37
126 40
126 44
126 67
126 70
126 74
126 83
126 88
126 91
126 92
126 95
126 106
126 110
126 112
126 114
126 122
126 125
125 6
125 7
125 9
125 19
125 23
125 24
125 27
125 29
125 37
125 40
125 44
125 45
125 51
125 52
125 57
125 60
125 61
125 65
125 67
125 68
125 74
125 75
125 81
125 82
125 87
125 90
125 91
125 92
125 93
125 98
125 106
125 110
125 112
125 114
125 115
125 122
122 6
122 7
122 9
122 19
122 23
122 24
122 27
122 29
122 37
122 40
122 44
122 45
122 51
122 52
122 57
122 61
122 65
122 67
122 68
122 74
122 75
122 82
122 87
122 90
122 91
122 92
122 93
122 98
122 106
122 110
122 112
122 114
122 115
122 127
115 9
115 19
115 21
115 23
115 24
115 29
115 35
115 37
115 40
115 44
115 45
115 51
115 52
115 57
115 60
115 65
115 68
115 74
115 81
115 82
115 85
115 92
115 93
115 110
115 112
115 114
115 117
114 6
114 7
114 9
114 19
114 23
114 24
114 27
114 29
114 37
114 40
114 42
114 44
114 45
114 51
114 52
114 57
114 61
114 65
114 67
114 68
114 74
114 75
114 81
114 82
114 87
114 90
114 91
114 92
114 93
114 98
114 106
114 112
112 9
112 19
112 23
112 24
112 27
112 29
112 35
112 37
112 40
112 44
112 45
112 51
112 52
112 57
112 60
112 65
112 67
112 68
112 74
112 81
112 82
112 83
112 85
112 91
112 92
112 93
112 95
112 106
112 110
112 117
110 5
110 9
110 12
110 19
110 23
110 29
110 37
110 40
110 44
110 52
110 70
110 74
110 83
110 92
110 95
110 106
106 9
106 27
106 44
106 51
106 61
106 65
106 67
106 68
106 70
106 74
106 75
106 83
106 87
106 90
106 91
106 92
106 95
106 98
95 5
95 9
95 12
95 22
95 40
95 59
95 69
95 70
95 74
95 83
95 88
95 92
95 121
93 9
93 19
93 21
93 23
93 24
93 27
93 29
93 35
93 37
93 40
93 44
93 45
93 51
93 52
93 57
93 60
93 65
93 67
93 68
93 81
93 82
93 85
93 91
93 92
93 117
93 98
92 9
92 12
92 19
92 23
92 24
92 29
92 37
92 40
92 44
92 52
92 57
92 60
92 65
92 68
92 74
92 81
92 83
92 85
91 6
91 7
91 9
91 19
91 26
91 27
91 29
91 42
91 44
91 51
91 61
91 65
91 67
91 68
91 74
91 75
91 82
91 87
91 90
91 127
91 99
91 98
83 5
83 9
83 12
83 23
83 29
83 40
83 59
83 70
83 74
83 88
81 9
81 19
81 21
81 23
81 24
81 29
81 35
81 37
81 40
81 44
81 45
81 52
81 57
81 60
81 65
81 68
81 117
81 85
81 82
74 9
74 12
74 19
74 23
74 27
74 29
74 37
74 40
74 44
74 51
74 52
74 65
74 67
74 68
74 70
68 9
68 19
68 23
68 24
68 27
68 29
68 35
68 37
68 40
68 44
68 45
68 51
68 52
68 57
68 60
68 61
68 65
68 67
68 117
68 98
68 90
68 85
68 82
67 6
67 7
67 19
67 26
67 27
67 42
67 44
67 51
67 61
67 65
67 127
67 99
67 98
67 90
67 87
67 82
67 75
67 72
65 6
65 7
65 9
65 19
65 23
65 24
65 27
65 29
65 37
65 40
65 42
65 44
65 45
65 51
65 52
65 57
65 61
65 98
65 90
65 87
65 82
65 75
60 9
60 19
60 21
60 23
60 24
60 29
60 35
60 37
60 40
60 44
60 45
60 52
60 57
60 117
60 85
60 82
57 9
57 19
57 21
57 23
57 24
57 27
57 29
57 35
57 37
57 40
57 44
57 45
57 51
57 52
57 117
57 85
57 82
52 9
52 19
52 21
52 23
52 24
52 27
52 29
52 35
52 37
52 40
52 44
52 45
52 51
52 117
52 85
52 82
51 6
51 7
51 9
51 13
51 19
51 23
51 24
51 26
51 27
51 29
51 42
51 44
51 45
51 127
51 99
51 98
51 90
51 87
51 82
51 75
51 61
44 9
44 19
44 23
44 24
44 27
44 29
44 37
44 40
44 98
44 90
44 87
44 82
44 75
44 61
44 45
40 9
40 19
40 23
40 24
40 29
40 35
40 37
40 117
40 85
40 45
37 9
37 19
37 21
37 23
37 24
37 29
37 35
37 117
37 85
37 82
37 45
29 9
29 19
29 21
29 23
29 24
29 27
29 117
29 85
29 82
29 45
29 35
27 6
27 7
27 9
27 13
27 19
27 26
27 127
27 99
27 98
27 90
27 87
27 82
27 75
27 72
27 61
27 42
24 9
24 19
24 21
24 23
24 117
24 85
24 82
24 45
24 35
23 9
23 19
23 21
23 117
23 85
23 82
23 45
23 35
19 9
19 117
19 85
19 82
19 45
19 35
19 21
9 117
9 85
9 45
9 35
2 86
2 80
2 47
2 8
2 4
86 4
86 15
86 31
86 32
86 34
86 47
80 10
80 16
80 41
80 48
80 49
80 58
80 62
80 84
47 4
47 31
8 3
8 123
8 103
8 48
8 39
8 28
8 25
8 20
8 17
4 31
3 123
3 103
3 76
3 53
3 48
3 39
3 28
3 25
3 20
3 17
3 14
123 14
123 17
123 20
123 25
123 28
123 39
123 48
123 76
123 103
103 17
103 20
103 25
103 39
103 48
103 58
76 14
76 17
76 20
76 25
76 28
76 39
76 53
53 14
53 25
53 28
53 39
53 111
48 17
48 20
48 25
48 39
48 58
39 14
39 17
39 20
39 25
39 28
28 14
28 20
28 25
28 111
25 14
25 17
25 20
20 14
20 17
17 14
31 11
31 15
31 46
31 36
31 32
5 121
5 105
5 94
5 88
5 70
5 69
5 59
5 55
5 22
5 12
121 12
121 22
121 26
121 63
121 69
121 70
121 75
121 88
105 12
105 22
105 55
105 59
105 70
105 88
105 94
94 12
94 22
94 55
94 59
94 70
94 88
88 12
88 22
88 55
88 59
88 63
88 69
88 70
70 12
70 22
70 55
70 59
70 63
70 69
69 12
69 22
69 59
69 63
59 12
59 22
59 55
55 12
55 22
22 12
22 63
6 127
6 100
6 98
6 90
6 87
6 82
6 72
6 61
6 42
6 18
6 13
6 7
127 7
127 18
127 26
127 38
127 42
127 61
127 63
127 72
127 73
127 75
127 77
127 87
127 90
127 98
127 99
127 100
127 113
100 7
100 13
100 18
100 38
100 42
100 61
100 64
100 72
100 73
100 77
100 90
100 96
100 99
100 124
100 113
100 104
98 7
98 13
98 42
98 61
98 75
98 82
98 87
98 90
98 99
90 7
90 13
90 18
90 26
90 38
90 42
90 61
90 72
90 75
90 82
90 87
90 113
90 99
87 7
87 18
87 26
87 42
87 61
87 63
87 72
87 75
87 113
87 99
82 21
82 45
82 61
82 117
82 85
72 7
72 13
72 18
72 26
72 38
72 42
72 61
72 124
72 113
72 104
72 99
72 96
72 77
72 75
72 73
61 7
61 13
61 18
61 26
61 38
61 42
61 113
61 99
61 75
42 7
42 13
42 18
42 26
42 38
42 124
42 116
42 113
42 104
42 99
42 77
42 75
42 73
18 7
18 13
18 124
18 113
18 104
18 99
18 96
18 77
18 73
18 64
18 38
13 7
13 99
7 124
7 113
7 99
7 77
7 75
7 73
7 38
7 26
124 38
124 50
124 64
124 73
124 77
124 96
124 99
124 104
124 113
124 116
113 26
113 38
113 64
113 73
113 75
113 77
113 96
113 99
113 104
113 116
99 26
99 38
99 73
99 75
99 77
99 96
99 116
99 104
77 38
77 50
77 64
77 73
77 116
77 104
77 96
75 26
75 63
73 15
73 32
73 38
73 64
73 116
73 104
73 96
38 26
38 116
38 104
38 96
38 64
26 63
117 21
117 35
117 45
117 85
85 21
85 35
85 45
45 21
45 35
35 21
10 84
10 62
10 58
10 49
10 41
10 16
84 16
84 41
84 49
84 58
84 62
62 16
62 41
62 49
62 58
58 16
58 41
58 49
49 16
49 41
41 16
11 46
11 36
11 32
11 15
46 36
46 111
36 32
32 15
32 116
32 34
15 116
15 34
116 64
116 96
116 104
104 50
104 64
104 96
96 50
96 64
64 33
64 50
64 120
33 120
33 50
120 50
