144 2596
0 13
0 26
0 39
0 52
0 65
0 78
0 91
0 104
0 117
0 130
0 143
0 1
0 2
0 3
0 4
0 5
0 6
0 7
0 8
0 9
0 10
0 11
0 12
0 24
0 36
0 48
0 60
0 72
0 84
0 96
0 108
0 120
0 132
13 1
13 2
13 12
13 26
13 39
13 52
13 65
13 78
13 91
13 104
13 117
13 130
13 143
13 24
13 14
13 15
13 16
13 17
13 18
13 19
13 20
13 21
13 22
13 23
13 25
13 37
13 49
13 61
13 73
13 85
13 97
13 109
13 121
13 133
26 2
26 4
26 14
26 15
26 24
26 25
26 39
26 52
26 65
26 78
26 91
26 104
26 117
26 130
26 143
26 37
26 48
26 27
26 28
26 29
26 30
26 31
26 32
26 33
26 34
26 35
26 38
26 50
26 62
26 74
26 86
26 98
26 110
26 122
26 134
39 3
39 6
39 15
39 17
39 27
39 28
39 36
39 37
39 38
39 52
39 65
39 78
39 91
39 104
39 117
39 130
39 143
39 50
39 61
39 72
39 40
39 41
39 42
39 43
39 44
39 45
39 46
39 47
39 51
39 63
39 75
39 87
39 99
39 111
39 123
39 135
52 4
52 8
52 16
52 19
52 28
52 30
52 40
52 41
52 48
52 49
52 50
52 51
52 65
52 78
52 91
52 104
52 117
52 130
52 143
52 63
52 74
52 85
52 96
52 53
52 54
52 55
52 56
52 57
52 58
52 59
52 64
52 76
52 88
52 100
52 112
52 124
52 136
65 5
65 10
65 17
65 21
65 29
65 32
65 41
65 43
65 53
65 54
65 60
65 61
65 62
65 63
65 64
65 78
65 91
65 104
65 117
65 130
65 143
65 76
65 87
65 98
65 109
65 120
65 66
65 67
65 68
65 69
65 70
65 71
65 77
65 89
65 101
65 113
65 125
65 137
78 6
78 18
78 23
78 30
78 34
78 42
78 45
78 54
78 56
78 66
78 67
78 72
78 73
78 74
78 75
78 76
78 77
78 91
78 104
78 117
78 130
78 143
78 89
78 100
78 111
78 122
78 133
78 79
78 80
78 81
78 82
78 83
78 90
78 102
78 114
78 126
78 138
91 7
91 19
91 31
91 43
91 47
91 55
91 58
91 67
91 69
91 79
91 80
91 84
91 85
91 86
91 87
91 88
91 89
91 90
91 104
91 117
91 130
91 143
91 102
91 113
91 124
91 135
91 92
91 93
91 94
91 95
91 103
91 115
91 127
91 139
104 8
104 20
104 32
104 44
104 56
104 68
104 71
104 80
104 82
104 92
104 93
104 96
104 97
104 98
104 99
104 100
104 101
104 102
104 103
104 117
104 130
104 143
104 115
104 126
104 137
104 105
104 106
104 107
104 116
104 128
104 140
117 9
117 21
117 33
117 45
117 57
117 69
117 81
117 93
117 95
117 105
117 106
117 108
117 109
117 110
117 111
117 112
117 113
117 114
117 115
117 116
117 130
117 143
117 128
117 139
117 118
117 119
117 129
117 141
130 10
130 22
130 34
130 46
130 58
130 70
130 82
130 94
130 106
130 118
130 119
130 120
130 121
130 122
130 123
130 124
130 125
130 126
130 127
130 128
130 129
130 143
130 141
130 131
130 142
143 11
143 23
143 35
143 47
143 59
143 71
143 83
143 95
143 107
143 119
143 131
143 132
143 133
143 134
143 135
143 136
143 137
143 138
143 139
143 140
143 141
143 142
1 14
1 27
1 40
1 53
1 66
1 79
1 92
1 105
1 118
1 131
1 12
1 2
1 3
1 4
1 5
1 6
1 7
1 8
1 9
1 10
1 11
1 25
1 37
1 49
1 61
1 73
1 85
1 97
1 109
1 121
1 133
2 15
2 28
2 41
2 54
2 67
2 80
2 93
2 106
2 119
2 24
2 3
2 4
2 5
2 6
2 7
2 8
2 9
2 10
2 11
2 14
2 38
2 50
2 62
2 74
2 86
2 98
2 110
2 122
2 134
3 16
3 29
3 42
3 55
3 68
3 81
3 94
3 107
3 14
3 25
3 36
3 4
3 5
3 6
3 7
3 8
3 9
3 10
3 11
3 15
3 27
3 51
3 63
3 75
3 87
3 99
3 111
3 123
3 135
4 17
4 30
4 43
4 56
4 69
4 82
4 95
4 15
4 37
4 48
4 5
4 6
4 7
4 8
4 9
4 10
4 11
4 16
4 28
4 40
4 64
4 76
4 88
4 100
4 112
4 124
4 136
5 18
5 31
5 44
5 57
5 70
5 83
5 16
5 27
5 38
5 49
5 60
5 6
5 7
5 8
5 9
5 10
5 11
5 17
5 29
5 41
5 53
5 77
5 89
5 101
5 113
5 125
5 137
6 19
6 32
6 45
6 58
6 71
6 17
6 28
6 50
6 61
6 72
6 7
6 8
6 9
6 10
6 11
6 18
6 30
6 42
6 54
6 66
6 90
6 102
6 114
6 126
6 138
7 20
7 33
7 46
7 59
7 18
7 29
7 40
7 51
7 62
7 73
7 84
7 8
7 9
7 10
7 11
7 19
7 31
7 43
7 55
7 67
7 79
7 103
7 115
7 127
7 139
8 21
8 34
8 47
8 19
8 30
8 41
8 63
8 74
8 85
8 96
8 9
8 10
8 11
8 20
8 32
8 44
8 56
8 68
8 80
8 92
8 116
8 128
8 140
9 22
9 35
9 20
9 31
9 42
9 53
9 64
9 75
9 86
9 97
9 108
9 10
9 11
9 21
9 33
9 45
9 57
9 69
9 81
9 93
9 105
9 129
9 141
10 23
10 21
10 32
10 43
10 54
10 76
10 87
10 98
10 109
10 120
10 11
10 22
10 34
10 46
10 58
10 70
10 82
10 94
10 106
10 118
10 142
11 22
11 33
11 44
11 55
11 66
11 77
11 88
11 99
11 110
11 121
11 132
11 23
11 35
11 47
11 59
11 71
11 83
11 95
11 107
11 119
11 131
12 25
12 38
12 51
12 64
12 77
12 90
12 103
12 116
12 129
12 142
12 14
12 15
12 16
12 17
12 18
12 19
12 20
12 21
12 22
12 23
12 24
12 36
12 48
12 60
12 72
12 84
12 96
12 108
12 120
12 132
24 37
24 50
24 63
24 76
24 89
24 102
24 115
24 128
24 141
24 25
24 27
24 28
24 29
24 30
24 31
24 32
24 33
24 34
24 35
24 36
24 48
24 60
24 72
24 84
24 96
24 108
24 120
24 132
36 14
36 25
36 49
36 62
36 75
36 88
36 101
36 114
36 127
36 140
36 37
36 38
36 40
36 41
36 42
36 43
36 44
36 45
36 46
36 47
36 48
36 60
36 72
36 84
36 96
36 108
36 120
36 132
48 15
48 37
48 61
48 74
48 87
48 100
48 113
48 126
48 139
48 49
48 50
48 51
48 53
48 54
48 55
48 56
48 57
48 58
48 59
48 60
48 72
48 84
48 96
48 108
48 120
48 132
60 16
60 27
60 38
60 49
60 73
60 86
60 99
60 112
60 125
60 138
60 61
60 62
60 63
60 64
60 66
60 67
60 68
60 69
60 70
60 71
60 72
60 84
60 96
60 108
60 120
60 132
72 17
72 28
72 50
72 61
72 85
72 98
72 111
72 124
72 137
72 73
72 74
72 75
72 76
72 77
72 79
72 80
72 81
72 82
72 83
72 84
72 96
72 108
72 120
72 132
84 18
84 29
84 40
84 51
84 62
84 73
84 97
84 110
84 123
84 136
84 85
84 86
84 87
84 88
84 89
84 90
84 92
84 93
84 94
84 95
84 96
84 108
84 120
84 132
96 19
96 30
96 41
96 63
96 74
96 85
96 109
96 122
96 135
96 97
96 98
96 99
96 100
96 101
96 102
96 103
96 105
96 106
96 107
96 108
96 120
96 132
108 20
108 31
108 42
108 53
108 64
108 75
108 86
108 97
108 121
108 134
108 109
108 110
108 111
108 112
108 113
108 114
108 115
108 116
108 118
108 119
108 120
108 132
120 21
120 32
120 43
120 54
120 76
120 87
120 98
120 109
120 133
120 121
120 122
120 123
120 124
120 125
120 126
120 127
120 128
120 129
120 131
120 132
132 22
132 33
132 44
132 55
132 66
132 77
132 88
132 99
132 110
132 121
132 133
132 134
132 135
132 136
132 137
132 138
132 139
132 140
132 141
132 142
14 27
14 40
14 53
14 66
14 79
14 92
14 105
14 118
14 131
14 25
14 15
14 16
14 17
14 18
14 19
14 20
14 21
14 22
14 23
14 38
14 50
14 62
14 74
14 86
14 98
14 110
14 122
14 134
27 15
27 16
27 25
27 40
27 53
27 66
27 79
27 92
27 105
27 118
27 131
27 38
27 49
27 28
27 29
27 30
27 31
27 32
27 33
27 34
27 35
27 51
27 63
27 75
27 87
27 99
27 111
27 123
27 135
40 16
40 18
40 28
40 29
40 37
40 38
40 53
40 66
40 79
40 92
40 105
40 118
40 131
40 51
40 62
40 73
40 41
40 42
40 43
40 44
40 45
40 46
40 47
40 64
40 76
40 88
40 100
40 112
40 124
40 136
53 17
53 20
53 29
53 31
53 41
53 42
53 49
53 50
53 51
53 66
53 79
53 92
53 105
53 118
53 131
53 64
53 75
53 86
53 97
53 54
53 55
53 56
53 57
53 58
53 59
53 77
53 89
53 101
53 113
53 125
53 137
66 18
66 22
66 30
66 33
66 42
66 44
66 54
66 55
66 61
66 62
66 63
66 64
66 79
66 92
66 105
66 118
66 131
66 77
66 88
66 99
66 110
66 121
66 67
66 68
66 69
66 70
66 71
66 90
66 102
66 114
66 126
66 138
79 19
79 31
79 35
79 43
79 46
79 55
79 57
79 67
79 68
79 73
79 74
79 75
79 76
79 77
79 92
79 105
79 118
79 131
79 90
79 101
79 112
79 123
79 134
79 80
79 81
79 82
79 83
79 103
79 115
79 127
79 139
92 20
92 32
92 44
92 56
92 59
92 68
92 70
92 80
92 81
92 85
92 86
92 87
92 88
92 89
92 90
92 105
92 118
92 131
92 103
92 114
92 125
92 136
92 93
92 94
92 95
92 116
92 128
92 140
105 21
105 33
105 45
105 57
105 69
105 81
105 83
105 93
105 94
105 97
105 98
105 99
105 100
105 101
105 102
105 103
105 118
105 131
105 116
105 127
105 138
105 106
105 107
105 129
105 141
118 22
118 34
118 46
118 58
118 70
118 82
118 94
118 106
118 107
118 109
118 110
118 111
118 112
118 113
118 114
118 115
118 116
118 131
118 129
118 140
118 119
118 142
131 23
131 35
131 47
131 59
131 71
131 83
131 95
131 107
131 119
131 121
131 122
131 123
131 124
131 125
131 126
131 127
131 128
131 129
131 142
25 38
25 51
25 64
25 77
25 90
25 103
25 116
25 129
25 142
25 28
25 29
25 30
25 31
25 32
25 33
25 34
25 35
25 37
25 49
25 61
25 73
25 85
25 97
25 109
25 121
25 133
37 15
37 50
37 63
37 76
37 89
37 102
37 115
37 128
37 141
37 38
37 41
37 42
37 43
37 44
37 45
37 46
37 47
37 49
37 61
37 73
37 85
37 97
37 109
37 121
37 133
49 16
49 38
49 62
49 75
49 88
49 101
49 114
49 127
49 140
49 50
49 51
49 54
49 55
49 56
49 57
49 58
49 59
49 61
49 73
49 85
49 97
49 109
49 121
49 133
61 17
61 28
61 50
61 74
61 87
61 100
61 113
61 126
61 139
61 62
61 63
61 64
61 67
61 68
61 69
61 70
61 71
61 73
61 85
61 97
61 109
61 121
61 133
73 18
73 29
73 51
73 62
73 86
73 99
73 112
73 125
73 138
73 74
73 75
73 76
73 77
73 80
73 81
73 82
73 83
73 85
73 97
73 109
73 121
73 133
85 19
85 30
85 41
85 63
85 74
85 98
85 111
85 124
85 137
85 86
85 87
85 88
85 89
85 90
85 93
85 94
85 95
85 97
85 109
85 121
85 133
97 20
97 31
97 42
97 64
97 75
97 86
97 110
97 123
97 136
97 98
97 99
97 100
97 101
97 102
97 103
97 106
97 107
97 109
97 121
97 133
109 21
109 32
109 43
109 54
109 76
109 87
109 98
109 122
109 135
109 110
109 111
109 112
109 113
109 114
109 115
109 116
109 119
109 121
109 133
121 22
121 33
121 44
121 55
121 77
121 88
121 99
121 110
121 134
121 122
121 123
121 124
121 125
121 126
121 127
121 128
121 129
121 133
133 23
133 34
133 45
133 56
133 67
133 89
133 100
133 111
133 122
133 134
133 135
133 136
133 137
133 138
133 139
133 140
133 141
133 142
15 28
15 41
15 54
15 67
15 80
15 93
15 106
15 119
15 16
15 17
15 18
15 19
15 20
15 21
15 22
15 23
15 51
15 63
15 75
15 87
15 99
15 111
15 123
15 135
28 16
28 17
28 41
28 54
28 67
28 80
28 93
28 106
28 119
28 50
28 29
28 30
28 31
28 32
28 33
28 34
28 35
28 64
28 76
28 88
28 100
28 112
28 124
28 136
41 17
41 19
41 29
41 30
41 38
41 54
41 67
41 80
41 93
41 106
41 119
41 63
41 74
41 42
41 43
41 44
41 45
41 46
41 47
41 77
41 89
41 101
41 113
41 125
41 137
54 18
54 21
54 30
54 32
54 42
54 43
54 50
54 51
54 67
54 80
54 93
54 106
54 119
54 76
54 87
54 98
54 55
54 56
54 57
54 58
54 59
54 90
54 102
54 114
54 126
54 138
67 19
67 23
67 31
67 34
67 43
67 45
67 55
67 56
67 62
67 63
67 64
67 80
67 93
67 106
67 119
67 89
67 100
67 111
67 122
67 68
67 69
67 70
67 71
67 103
67 115
67 127
67 139
80 20
80 32
80 44
80 47
80 56
80 58
80 68
80 69
80 74
80 75
80 76
80 77
80 93
80 106
80 119
80 102
80 113
80 124
80 135
80 81
80 82
80 83
80 116
80 128
80 140
93 21
93 33
93 45
93 57
93 69
93 71
93 81
93 82
93 86
93 87
93 88
93 89
93 90
93 106
93 119
93 115
93 126
93 137
93 94
93 95
93 129
93 141
106 22
106 34
106 46
106 58
106 70
106 82
106 94
106 95
106 98
106 99
106 100
106 101
106 102
106 103
106 119
106 128
106 139
106 107
106 142
119 23
119 35
119 47
119 59
119 71
119 83
119 95
119 107
119 110
119 111
119 112
119 113
119 114
119 115
119 116
119 141
38 16
38 51
38 64
38 77
38 90
38 103
38 116
38 129
38 142
38 42
38 43
38 44
38 45
38 46
38 47
38 50
38 62
38 74
38 86
38 98
38 110
38 122
38 134
50 17
50 63
50 76
50 89
50 102
50 115
50 128
50 141
50 51
50 55
50 56
50 57
50 58
50 59
50 62
50 74
50 86
50 98
50 110
50 122
50 134
62 18
62 29
62 51
62 75
62 88
62 101
62 114
62 127
62 140
62 63
62 64
62 68
62 69
62 70
62 71
62 74
62 86
62 98
62 110
62 122
62 134
74 19
74 30
74 63
74 87
74 100
74 113
74 126
74 139
74 75
74 76
74 77
74 81
74 82
74 83
74 86
74 98
74 110
74 122
74 134
86 20
86 31
86 42
86 64
86 75
86 99
86 112
86 125
86 138
86 87
86 88
86 89
86 90
86 94
86 95
86 98
86 110
86 122
86 134
98 21
98 32
98 43
98 76
98 87
98 111
98 124
98 137
98 99
98 100
98 101
98 102
98 103
98 107
98 110
98 122
98 134
110 22
110 33
110 44
110 55
110 77
110 88
110 99
110 123
110 136
110 111
110 112
110 113
110 114
110 115
110 116
110 122
110 134
122 23
122 34
122 45
122 56
122 89
122 100
122 111
122 135
122 123
122 124
122 125
122 126
122 127
122 128
122 129
122 134
134 35
134 46
134 57
134 68
134 90
134 101
134 112
134 123
134 135
134 136
134 137
134 138
134 139
134 140
134 141
134 142
16 29
16 42
16 55
16 68
16 81
16 94
16 107
16 17
16 18
16 19
16 20
16 21
16 22
16 23
16 64
16 76
16 88
16 100
16 112
16 124
16 136
29 17
29 18
29 42
29 55
29 68
29 81
29 94
29 107
29 51
29 30
29 31
29 32
29 33
29 34
29 35
29 77
29 89
29 101
29 113
29 125
29 137
42 18
42 20
42 30
42 31
42 55
42 68
42 81
42 94
42 107
42 64
42 75
42 43
42 44
42 45
42 46
42 47
42 90
42 102
42 114
42 126
42 138
55 19
55 22
55 31
55 33
55 43
55 44
55 51
55 68
55 81
55 94
55 107
55 77
55 88
55 99
55 56
55 57
55 58
55 59
55 103
55 115
55 127
55 139
68 20
68 32
68 35
68 44
68 46
68 56
68 57
68 63
68 64
68 81
68 94
68 107
68 90
68 101
68 112
68 123
68 69
68 70
68 71
68 116
68 128
68 140
81 21
81 33
81 45
81 57
81 59
81 69
81 70
81 75
81 76
81 77
81 94
81 107
81 103
81 114
81 125
81 136
81 82
81 83
81 129
81 141
94 22
94 34
94 46
94 58
94 70
94 82
94 83
94 87
94 88
94 89
94 90
94 107
94 116
94 127
94 138
94 95
94 142
107 23
107 35
107 47
107 59
107 71
107 83
107 95
107 99
107 100
107 101
107 102
107 103
107 129
107 140
51 18
51 64
51 77
51 90
51 103
51 116
51 129
51 142
51 56
51 57
51 58
51 59
51 63
51 75
51 87
51 99
51 111
51 123
51 135
63 19
63 30
63 76
63 89
63 102
63 115
63 128
63 141
63 64
63 69
63 70
63 71
63 75
63 87
63 99
63 111
63 123
63 135
75 20
75 31
75 64
75 88
75 101
75 114
75 127
75 140
75 76
75 77
75 82
75 83
75 87
75 99
75 111
75 123
75 135
87 21
87 32
87 43
87 76
87 100
87 113
87 126
87 139
87 88
87 89
87 90
87 95
87 99
87 111
87 123
87 135
99 22
99 33
99 44
99 77
99 88
99 112
99 125
99 138
99 100
99 101
99 102
99 103
99 111
99 123
99 135
111 23
111 34
111 45
111 56
111 89
111 100
111 124
111 137
111 112
111 113
111 114
111 115
111 116
111 123
111 135
123 35
123 46
123 57
123 90
123 101
123 112
123 136
123 124
123 125
123 126
123 127
123 128
123 129
123 135
135 47
135 58
135 69
135 102
135 113
135 124
135 136
135 137
135 138
135 139
135 140
135 141
135 142
17 30
17 43
17 56
17 69
17 82
17 95
17 18
17 19
17 20
17 21
17 22
17 23
17 77
17 89
17 101
17 113
17 125
17 137
30 18
30 19
30 43
30 56
30 69
30 82
30 95
30 31
30 32
30 33
30 34
30 35
30 90
30 102
30 114
30 126
30 138
43 19
43 21
43 31
43 32
43 56
43 69
43 82
43 95
43 76
43 44
43 45
43 46
43 47
43 103
43 115
43 127
43 139
56 20
56 23
56 32
56 34
56 44
56 45
56 69
56 82
56 95
56 89
56 100
56 57
56 58
56 59
56 116
56 128
56 140
69 21
69 33
69 45
69 47
69 57
69 58
69 64
69 82
69 95
69 102
69 113
69 124
69 70
69 71
69 129
69 141
82 22
82 34
82 46
82 58
82 70
82 71
82 76
82 77
82 95
82 115
82 126
82 137
82 83
82 142
95 23
95 35
95 47
95 59
95 71
95 83
95 88
95 89
95 90
95 128
95 139
64 20
64 31
64 77
64 90
64 103
64 116
64 129
64 142
64 70
64 71
64 76
64 88
64 100
64 112
64 124
64 136
76 21
76 32
76 89
76 102
76 115
76 128
76 141
76 77
76 83
76 88
76 100
76 112
76 124
76 136
88 22
88 33
88 44
88 77
88 101
88 114
88 127
88 140
88 89
88 90
88 100
88 112
88 124
88 136
100 23
100 34
100 45
100 89
100 113
100 126
100 139
100 101
100 102
100 103
100 112
100 124
100 136
112 35
112 46
112 57
112 90
112 101
112 125
112 138
112 113
112 114
112 115
112 116
112 124
112 136
124 47
124 58
124 102
124 113
124 137
124 125
124 126
124 127
124 128
124 129
124 136
136 59
136 70
136 103
136 114
136 125
136 137
136 138
136 139
136 140
136 141
136 142
18 31
18 44
18 57
18 70
18 83
18 19
18 20
18 21
18 22
18 23
18 90
18 102
18 114
18 126
18 138
31 19
31 20
31 44
31 57
31 70
31 83
31 32
31 33
31 34
31 35
31 103
31 115
31 127
31 139
44 20
44 22
44 32
44 33
44 57
44 70
44 83
44 77
44 45
44 46
44 47
44 116
44 128
44 140
57 21
57 33
57 35
57 45
57 46
57 70
57 83
57 90
57 101
57 58
57 59
57 129
57 141
70 22
70 34
70 46
70 58
70 59
70 83
70 103
70 114
70 125
70 71
70 142
83 23
83 35
83 47
83 59
83 71
83 77
83 116
83 127
83 138
77 22
77 33
77 90
77 103
77 116
77 129
77 142
77 89
77 101
77 113
77 125
77 137
89 23
89 34
89 45
89 102
89 115
89 128
89 141
89 90
89 101
89 113
89 125
89 137
101 35
101 46
101 90
101 114
101 127
101 140
101 102
101 103
101 113
101 125
101 137
113 47
113 58
113 102
113 126
113 139
113 114
113 115
113 116
113 125
113 137
125 59
125 103
125 114
125 138
125 126
125 127
125 128
125 129
125 137
137 71
137 115
137 126
137 138
137 139
137 140
137 141
137 142
19 32
19 45
19 58
19 71
19 20
19 21
19 22
19 23
19 103
19 115
19 127
19 139
32 20
32 21
32 45
32 58
32 71
32 33
32 34
32 35
32 116
32 128
32 140
45 21
45 23
45 33
45 34
45 58
45 71
45 46
45 47
45 129
45 141
58 22
58 34
58 46
58 47
58 71
58 102
58 59
58 142
71 23
71 35
71 47
71 59
71 115
71 126
90 35
90 46
90 103
90 116
90 129
90 142
90 102
90 114
90 126
90 138
102 47
102 115
102 128
102 141
102 103
102 114
102 126
102 138
114 59
114 103
114 127
114 140
114 115
114 116
114 126
114 138
126 115
126 139
126 127
126 128
126 129
126 138
138 116
138 127
138 139
138 140
138 141
138 142
20 33
20 46
20 59
20 21
20 22
20 23
20 116
20 128
20 140
33 21
33 22
33 46
33 59
33 34
33 35
33 129
33 141
46 22
46 34
46 35
46 59
46 47
46 142
59 23
59 35
59 47
59 103
103 116
103 129
103 142
103 115
103 127
103 139
115 128
115 141
115 116
115 127
115 139
127 116
127 140
127 128
127 129
127 139
139 128
139 140
139 141
139 142
21 34
21 47
21 22
21 23
21 129
21 141
34 22
34 23
34 47
34 35
34 142
47 23
47 35
116 129
116 142
116 128
116 140
128 141
128 129
128 140
140 129
140 141
140 142
22 35
22 23
22 142
35 23
129 142
129 141
141 142
