125 387
0 106
0 95
0 77
0 52
0 30
106 77
106 87
106 95
106 105
95 30
95 42
95 52
95 54
95 100
77 99
77 87
52 100
52 64
52 54
30 116
30 100
30 42
1 123
1 119
1 109
1 108
1 90
1 72
1 43
1 9
123 72
123 81
123 90
123 93
123 104
123 108
119 27
119 43
119 49
119 63
119 65
119 66
119 89
119 109
119 111
119 122
109 9
109 19
109 23
109 29
109 36
109 43
109 50
109 72
109 90
109 122
109 112
109 111
108 9
108 72
108 81
108 90
108 93
90 9
90 23
90 29
90 72
90 81
72 9
72 104
43 9
43 19
43 122
43 111
43 89
43 66
43 63
43 49
9 112
9 50
9 39
9 36
9 29
9 23
9 19
2 4
4 84
4 46
3 120
3 101
3 38
3 25
3 20
3 17
3 8
120 8
120 17
120 20
120 25
120 38
120 101
101 8
101 17
101 20
101 25
101 47
38 14
38 17
38 20
38 25
25 17
25 20
20 8
20 17
20 47
17 8
5 86
5 68
5 57
5 22
5 12
86 12
86 22
86 53
86 57
86 68
68 12
68 22
68 57
68 93
57 12
57 22
57 53
57 103
57 92
22 53
12 93
6 96
6 88
6 13
96 27
96 49
96 59
96 88
88 7
88 27
88 41
88 49
88 59
88 65
88 85
88 89
7 124
7 97
7 85
7 70
7 59
7 41
7 18
124 26
124 41
124 73
124 85
97 18
97 37
97 41
97 70
97 75
97 110
97 98
85 26
85 59
85 65
85 73
85 89
70 18
70 37
70 41
70 98
70 75
59 27
59 41
59 49
59 89
59 73
59 65
41 18
41 110
18 98
18 75
18 37
112 19
112 23
112 24
112 29
112 36
112 39
112 50
112 55
112 58
112 79
112 83
112 91
50 19
50 23
50 24
50 29
50 36
50 39
50 44
50 91
50 83
50 79
50 66
50 58
50 55
39 23
39 29
39 36
36 19
36 23
36 24
36 29
36 34
36 83
36 79
36 58
29 19
29 23
29 24
29 79
29 58
29 55
23 19
23 58
19 122
19 111
19 91
19 79
19 66
19 55
19 44
19 24
10 82
10 56
10 48
10 40
10 16
82 16
82 40
82 48
82 56
56 40
48 16
48 40
48 78
48 60
40 78
40 60
11 35
11 31
35 31
35 45
93 81
14 74
14 51
14 28
74 28
74 51
51 28
15 32
98 75
75 37
75 121
75 110
75 102
75 94
37 121
37 110
37 102
122 27
122 49
122 63
122 66
122 89
122 111
111 27
111 49
111 63
111 66
111 89
91 24
91 44
91 55
91 66
91 79
91 80
79 21
79 24
79 34
79 44
79 55
79 58
79 114
79 83
66 49
66 55
66 63
66 80
55 24
55 44
55 114
55 83
55 80
55 58
44 24
44 114
44 80
24 114
24 83
24 58
24 34
21 114
21 83
21 58
21 34
114 34
114 58
114 83
83 34
83 58
58 34
53 103
53 92
26 107
26 105
26 73
107 76
107 87
107 105
105 76
105 87
73 65
73 89
27 89
27 65
27 63
27 49
89 49
89 63
89 65
89 104
65 49
65 63
63 49
116 42
116 69
100 42
100 54
42 115
42 69
42 54
33 117
121 62
121 94
121 102
110 71
102 71
102 94
102 113
78 60
115 69
54 64
64 61
64 118
103 92
61 118
61 67
118 67
62 94
94 71
94 113
71 113
71 76
76 99
76 87
99 87
