36 290
0 7
0 14
0 21
0 28
0 35
0 1
0 2
0 3
0 4
0 5
0 6
0 12
0 18
0 24
0 30
7 1
7 2
7 6
7 14
7 21
7 28
7 35
7 12
7 8
7 9
7 10
7 11
7 13
7 19
7 25
7 31
14 2
14 4
14 8
14 9
14 12
14 13
14 21
14 28
14 35
14 19
14 24
14 15
14 16
14 17
14 20
14 26
14 32
21 3
21 9
21 11
21 15
21 16
21 18
21 19
21 20
21 28
21 35
21 26
21 31
21 22
21 23
21 27
21 33
28 4
28 10
28 16
28 22
28 23
28 24
28 25
28 26
28 27
28 35
28 33
28 29
28 34
35 5
35 11
35 17
35 23
35 29
35 30
35 31
35 32
35 33
35 34
1 8
1 15
1 22
1 29
1 6
1 2
1 3
1 4
1 5
1 13
1 19
1 25
1 31
2 9
2 16
2 23
2 12
2 3
2 4
2 5
2 8
2 20
2 26
2 32
3 10
3 17
3 8
3 13
3 18
3 4
3 5
3 9
3 15
3 27
3 33
4 11
4 9
4 19
4 24
4 5
4 10
4 16
4 22
4 34
5 10
5 15
5 20
5 25
5 30
5 11
5 17
5 23
5 29
6 13
6 20
6 27
6 34
6 8
6 9
6 10
6 11
6 12
6 18
6 24
6 30
12 19
12 26
12 33
12 13
12 15
12 16
12 17
12 18
12 24
12 30
18 8
18 13
18 25
18 32
18 19
18 20
18 22
18 23
18 24
18 30
24 9
24 19
24 31
24 25
24 26
24 27
24 29
24 30
30 10
30 15
30 20
30 25
30 31
30 32
30 33
30 34
8 15
8 22
8 29
8 13
8 9
8 10
8 11
8 20
8 26
8 32
15 9
15 10
15 13
15 22
15 29
15 20
15 25
15 16
15 17
15 27
15 33
22 10
22 16
22 17
22 19
22 20
22 29
22 27
22 32
22 23
22 34
29 11
29 17
29 23
29 25
29 26
29 27
29 34
13 20
13 27
13 34
13 16
13 17
13 19
13 25
13 31
19 9
19 26
19 33
19 20
19 23
19 25
19 31
25 10
25 20
25 32
25 26
25 27
25 31
31 11
31 16
31 26
31 32
31 33
31 34
9 16
9 23
9 10
9 11
9 27
9 33
16 10
16 11
16 23
16 26
16 17
16 34
23 11
23 17
23 20
23 33
20 10
20 27
20 34
20 26
20 32
26 11
26 33
26 27
26 32
32 17
32 27
32 33
32 34
10 17
10 11
10 34
17 11
17 27
27 34
27 33
33 34
