250 3218
4 1
4 18
4 19
4 23
4 34
4 37
4 49
4 57
4 65
4 68
4 84
4 92
4 93
4 94
4 102
4 111
4 112
4 115
4 129
4 134
4 137
4 139
4 146
4 163
4 168
4 185
4 192
4 198
4 199
4 208
4 210
4 217
4 223
4 237
4 247
1 16
1 40
1 43
1 50
1 60
1 77
1 80
1 86
1 97
1 127
1 152
1 163
1 186
1 195
1 196
1 199
1 205
1 210
1 217
1 241
1 248
5 2
5 3
5 7
5 27
5 33
5 38
5 52
5 61
5 62
5 92
5 93
5 96
5 99
5 108
5 110
5 116
5 117
5 144
5 159
5 168
5 177
5 233
5 243
2 6
2 12
2 13
2 19
2 33
2 44
2 47
2 51
2 58
2 65
2 68
2 79
2 93
2 111
2 116
2 117
2 127
2 157
2 173
2 176
2 183
2 188
2 220
3 18
3 39
3 40
3 56
3 68
3 70
3 89
3 108
3 116
3 129
3 131
3 140
3 144
3 185
3 189
3 190
3 194
3 209
3 219
3 223
3 237
3 242
3 248
6 15
6 48
6 58
6 66
6 68
6 83
6 98
6 105
6 106
6 118
6 122
6 153
6 164
6 165
6 168
6 177
6 194
6 205
6 213
6 217
6 220
6 225
6 228
6 229
6 245
7 9
7 14
7 38
7 48
7 61
7 67
7 80
7 89
7 100
7 106
7 120
7 138
7 147
7 149
7 168
7 174
7 176
7 195
7 196
7 207
7 225
7 231
7 240
7 242
9 17
9 38
9 43
9 54
9 64
9 69
9 75
9 77
9 90
9 93
9 94
9 97
9 107
9 142
9 173
9 183
9 197
9 204
9 218
9 220
9 222
9 228
12 28
12 31
12 34
12 35
12 44
12 45
12 49
12 56
12 70
12 75
12 82
12 87
12 88
12 92
12 100
12 102
12 114
12 118
12 119
12 132
12 134
12 143
12 153
12 171
12 172
12 178
12 186
12 212
12 229
12 238
13 18
13 36
13 37
13 38
13 39
13 56
13 81
13 97
13 102
13 110
13 113
13 114
13 128
13 132
13 133
13 150
13 152
13 163
13 165
13 174
13 187
13 188
13 214
13 227
13 236
14 25
14 27
14 32
14 45
14 52
14 55
14 57
14 70
14 86
14 90
14 94
14 100
14 115
14 128
14 137
14 140
14 142
14 144
14 152
14 158
14 160
14 221
14 231
15 28
15 30
15 62
15 70
15 90
15 98
15 101
15 116
15 121
15 125
15 131
15 139
15 145
15 148
15 149
15 170
15 173
15 187
15 188
15 225
15 229
15 240
15 248
16 18
16 21
16 32
16 39
16 45
16 51
16 68
16 70
16 72
16 86
16 95
16 97
16 113
16 120
16 138
16 156
16 158
16 187
16 203
16 208
16 211
16 216
16 225
16 243
17 28
17 37
17 40
17 54
17 62
17 63
17 79
17 84
17 91
17 127
17 145
17 147
17 159
17 161
17 162
17 165
17 167
17 177
17 181
17 187
17 188
17 190
17 195
17 203
17 207
17 208
17 214
17 225
17 239
17 240
18 23
18 26
18 35
18 44
18 49
18 55
18 68
18 80
18 90
18 96
18 97
18 98
18 102
18 110
18 121
18 124
18 129
18 130
18 139
18 140
18 142
18 145
18 159
18 177
18 196
18 205
18 216
18 240
18 241
18 246
19 26
19 38
19 42
19 61
19 113
19 118
19 123
19 127
19 128
19 131
19 134
19 140
19 152
19 161
19 162
19 165
19 168
19 170
19 186
19 193
19 198
19 217
19 218
19 219
19 227
19 230
19 241
19 249
20 0
20 8
20 31
20 41
20 55
20 57
20 60
20 89
20 99
20 100
20 110
20 119
20 133
20 152
20 156
20 163
20 172
20 203
20 218
20 222
20 238
20 239
20 243
0 33
0 44
0 47
0 64
0 69
0 73
0 78
0 84
0 87
0 89
0 92
0 96
0 102
0 109
0 111
0 116
0 122
0 130
0 131
0 132
0 133
0 152
0 166
0 167
0 173
0 176
0 191
0 194
0 195
0 197
0 202
0 221
0 230
0 240
0 241
0 244
8 32
8 50
8 59
8 65
8 66
8 86
8 108
8 109
8 110
8 123
8 145
8 155
8 157
8 158
8 159
8 171
8 174
8 200
8 231
8 240
8 247
8 248
21 27
21 40
21 44
21 48
21 64
21 67
21 70
21 84
21 108
21 120
21 121
21 125
21 126
21 128
21 131
21 140
21 143
21 161
21 207
21 213
21 224
21 244
23 11
23 22
23 31
23 53
23 65
23 70
23 73
23 100
23 107
23 118
23 121
23 127
23 133
23 135
23 153
23 154
23 156
23 168
23 179
23 248
11 26
11 28
11 60
11 61
11 71
11 83
11 101
11 103
11 111
11 113
11 116
11 123
11 147
11 171
11 185
11 188
11 190
11 203
11 242
22 28
22 35
22 39
22 56
22 57
22 74
22 83
22 85
22 90
22 100
22 102
22 114
22 120
22 138
22 143
22 152
22 153
22 156
22 178
22 187
22 190
22 201
22 211
22 223
22 237
22 239
22 246
25 39
25 40
25 47
25 55
25 96
25 101
25 103
25 106
25 112
25 123
25 157
25 159
25 173
25 179
25 182
25 197
25 200
25 247
26 32
26 35
26 41
26 47
26 49
26 70
26 78
26 95
26 109
26 126
26 144
26 151
26 158
26 176
26 199
26 204
26 212
26 215
26 221
26 237
26 244
27 10
27 34
27 41
27 45
27 50
27 51
27 52
27 60
27 72
27 73
27 94
27 120
27 124
27 125
27 128
27 132
27 136
27 144
27 153
27 154
27 167
27 195
27 201
27 204
27 214
27 215
27 218
27 223
27 241
10 33
10 45
10 64
10 84
10 87
10 88
10 106
10 109
10 114
10 116
10 143
10 146
10 159
10 163
10 168
10 182
10 204
10 229
10 237
10 239
28 39
28 54
28 57
28 66
28 68
28 71
28 79
28 93
28 100
28 114
28 115
28 130
28 138
28 147
28 160
28 165
28 169
28 172
28 191
28 198
28 212
28 216
28 226
28 231
28 233
28 234
28 239
28 244
28 249
30 31
30 32
30 34
30 45
30 57
30 58
30 62
30 104
30 110
30 116
30 119
30 142
30 147
30 159
30 178
30 199
30 202
30 216
30 218
30 249
31 32
31 33
31 39
31 48
31 49
31 55
31 58
31 62
31 68
31 76
31 87
31 94
31 118
31 122
31 124
31 131
31 142
31 147
31 152
31 160
31 162
31 172
31 202
31 207
31 215
31 227
31 235
31 237
32 33
32 42
32 49
32 58
32 64
32 68
32 80
32 101
32 123
32 142
32 148
32 155
32 173
32 186
32 191
32 194
32 209
32 210
32 214
32 233
32 237
32 242
32 245
33 47
33 52
33 57
33 64
33 68
33 93
33 118
33 120
33 156
33 165
33 170
33 181
33 203
33 205
33 211
33 227
34 35
34 47
34 55
34 59
34 60
34 61
34 71
34 73
34 78
34 91
34 95
34 98
34 127
34 128
34 129
34 134
34 151
34 153
34 154
34 171
34 175
34 182
34 187
34 193
34 206
34 207
34 208
34 212
34 218
34 230
34 242
35 63
35 71
35 86
35 87
35 89
35 92
35 101
35 103
35 106
35 113
35 130
35 139
35 140
35 146
35 153
35 156
35 185
35 229
35 243
36 47
36 53
36 55
36 60
36 64
36 74
36 81
36 87
36 97
36 104
36 120
36 126
36 132
36 133
36 139
36 151
36 155
36 160
36 166
36 182
36 189
36 201
36 204
36 224
36 232
36 239
36 243
37 38
37 84
37 86
37 100
37 113
37 123
37 129
37 132
37 148
37 152
37 153
37 154
37 160
37 161
37 168
37 189
37 200
37 212
37 243
38 40
38 42
38 56
38 67
38 72
38 75
38 77
38 88
38 89
38 92
38 93
38 98
38 114
38 122
38 129
38 138
38 160
38 197
38 206
38 212
38 231
38 245
38 249
39 29
39 46
39 54
39 70
39 75
39 84
39 99
39 103
39 165
39 168
39 190
39 197
39 198
39 199
39 211
39 226
39 227
39 231
39 232
39 236
29 50
29 52
29 58
29 67
29 75
29 86
29 96
29 102
29 117
29 118
29 129
29 132
29 137
29 141
29 147
29 154
29 157
29 182
29 186
29 193
29 204
29 223
29 228
29 231
29 234
29 240
40 24
40 59
40 70
40 72
40 74
40 99
40 104
40 121
40 151
40 187
40 201
40 217
40 218
40 222
40 223
40 232
40 237
40 239
24 43
24 51
24 56
24 66
24 83
24 87
24 92
24 93
24 99
24 103
24 104
24 111
24 126
24 190
24 240
24 242
24 248
41 53
41 55
41 65
41 66
41 86
41 91
41 96
41 97
41 110
41 120
41 161
41 162
41 166
41 171
41 185
41 207
41 218
41 231
41 245
42 43
42 69
42 84
42 86
42 98
42 125
42 129
42 144
42 146
42 153
42 164
42 171
42 186
42 193
42 202
42 223
42 226
42 243
42 246
43 52
43 53
43 55
43 56
43 57
43 71
43 75
43 90
43 92
43 93
43 101
43 103
43 109
43 114
43 156
43 157
43 163
43 175
43 190
43 198
43 199
43 205
43 210
43 219
43 226
43 243
43 248
43 249
44 56
44 58
44 90
44 99
44 103
44 132
44 202
44 210
44 220
44 221
44 222
44 225
44 226
44 231
44 235
44 237
44 242
44 248
45 56
45 60
45 62
45 80
45 96
45 112
45 113
45 127
45 143
45 151
45 157
45 167
45 168
45 172
45 203
45 204
45 206
45 209
45 213
45 227
45 237
45 239
46 52
46 55
46 56
46 87
46 111
46 117
46 140
46 148
46 186
46 197
46 207
46 218
46 219
46 230
46 235
46 244
47 48
47 58
47 73
47 75
47 84
47 85
47 94
47 110
47 129
47 131
47 132
47 145
47 158
47 173
47 176
47 188
47 200
47 212
47 217
47 224
47 225
47 230
47 233
47 240
48 51
48 80
48 85
48 100
48 104
48 113
48 123
48 126
48 134
48 157
48 167
48 168
48 170
48 177
48 187
48 202
48 203
48 207
48 210
48 215
48 235
48 244
49 76
49 82
49 100
49 127
49 132
49 135
49 142
49 170
49 182
49 191
49 201
49 212
49 226
49 227
49 241
49 244
50 63
50 80
50 89
50 112
50 124
50 133
50 134
50 168
50 171
50 180
50 184
50 197
50 199
50 202
50 206
50 211
50 233
50 235
51 70
51 93
51 124
51 138
51 149
51 152
51 161
51 170
51 180
51 183
51 195
51 199
51 202
51 207
51 223
51 232
51 236
51 246
51 249
52 65
52 87
52 89
52 128
52 136
52 140
52 143
52 149
52 151
52 155
52 193
52 194
52 198
52 217
52 237
53 60
53 65
53 68
53 90
53 101
53 109
53 110
53 112
53 122
53 123
53 125
53 132
53 159
53 168
53 181
53 188
53 198
53 199
53 207
53 219
53 223
53 224
54 55
54 84
54 97
54 99
54 101
54 104
54 106
54 128
54 131
54 143
54 146
54 152
54 171
54 196
54 201
54 204
54 210
54 214
54 216
54 223
55 60
55 65
55 69
55 73
55 74
55 77
55 78
55 80
55 83
55 103
55 105
55 122
55 129
55 143
55 150
55 159
55 183
55 185
55 206
56 62
56 78
56 91
56 94
56 99
56 103
56 107
56 110
56 111
56 112
56 116
56 118
56 132
56 136
56 141
56 151
56 165
56 177
56 208
56 215
56 222
57 60
57 65
57 78
57 79
57 109
57 113
57 126
57 128
57 130
57 145
57 165
57 169
57 173
57 187
57 203
57 205
57 227
57 239
57 242
57 243
58 62
58 73
58 75
58 86
58 93
58 120
58 127
58 137
58 173
58 178
58 181
58 186
58 188
58 225
58 230
58 247
59 61
59 70
59 83
59 84
59 86
59 102
59 112
59 126
59 127
59 147
59 156
59 160
59 204
59 219
59 224
59 229
59 233
59 235
59 237
60 62
60 78
60 79
60 84
60 91
60 92
60 100
60 106
60 126
60 127
60 132
60 143
60 172
60 190
60 210
60 217
60 218
60 234
60 236
61 86
61 97
61 99
61 102
61 105
61 106
61 115
61 118
61 122
61 123
61 131
61 135
61 145
61 149
61 154
61 173
61 178
61 183
61 188
61 196
61 197
61 198
61 202
61 212
61 215
61 224
61 234
61 237
62 71
62 86
62 90
62 108
62 114
62 118
62 137
62 140
62 142
62 148
62 150
62 157
62 158
62 187
62 188
62 204
62 213
62 214
62 223
63 64
63 68
63 70
63 75
63 82
63 91
63 95
63 112
63 118
63 119
63 122
63 145
63 153
63 155
63 182
63 189
63 198
63 209
63 218
63 220
63 221
63 244
64 75
64 85
64 94
64 96
64 97
64 99
64 100
64 106
64 114
64 125
64 127
64 134
64 144
64 145
64 151
64 169
64 179
64 181
64 186
64 193
64 199
64 204
64 205
64 220
64 222
64 227
64 235
65 82
65 97
65 156
65 174
65 178
65 179
65 181
65 193
65 199
65 210
65 211
65 220
65 227
65 228
65 230
65 234
66 80
66 87
66 108
66 113
66 141
66 148
66 160
66 170
66 190
66 213
66 218
66 247
67 69
67 86
67 113
67 136
67 138
67 163
67 165
67 169
67 193
67 198
67 225
67 231
67 235
67 242
67 243
67 244
68 78
68 96
68 107
68 108
68 121
68 128
68 130
68 135
68 136
68 153
68 157
68 186
68 188
68 193
68 194
68 196
68 212
68 222
68 224
68 229
68 235
68 240
68 244
68 249
69 78
69 108
69 116
69 119
69 121
69 136
69 138
69 146
69 158
69 178
69 179
69 184
69 189
69 190
69 194
69 205
69 210
69 213
69 221
69 234
69 236
69 240
69 248
70 74
70 75
70 93
70 103
70 134
70 137
70 144
70 147
70 148
70 152
70 156
70 158
70 193
70 200
70 212
70 229
70 231
70 239
70 241
70 242
70 246
71 89
71 94
71 95
71 99
71 116
71 117
71 123
71 130
71 131
71 142
71 145
71 151
71 154
71 165
71 184
71 188
71 194
71 204
71 207
71 208
71 234
71 244
71 246
72 79
72 81
72 92
72 94
72 95
72 111
72 112
72 116
72 118
72 119
72 126
72 136
72 146
72 154
72 228
72 233
72 247
73 90
73 112
73 115
73 130
73 148
73 169
73 172
73 177
73 178
73 181
73 198
73 200
73 204
73 218
73 220
73 240
74 75
74 85
74 87
74 103
74 108
74 113
74 122
74 128
74 141
74 144
74 148
74 168
74 173
74 207
74 210
74 224
74 226
74 232
74 233
74 237
74 240
74 242
74 244
75 108
75 124
75 125
75 150
75 155
75 160
75 164
75 170
75 176
75 177
75 179
75 187
75 204
75 233
75 234
75 240
76 87
76 88
76 91
76 93
76 102
76 103
76 109
76 123
76 125
76 137
76 177
76 203
76 204
76 213
76 222
76 233
76 247
77 96
77 143
77 150
77 172
77 183
77 185
77 195
77 200
77 201
77 233
77 235
78 88
78 100
78 109
78 124
78 133
78 153
78 171
78 174
78 215
78 225
78 237
79 82
79 84
79 107
79 110
79 134
79 157
79 158
79 181
79 184
79 185
79 186
79 192
79 199
79 200
79 206
79 214
79 216
79 222
80 85
80 88
80 95
80 103
80 113
80 130
80 134
80 150
80 157
80 158
80 171
80 181
80 186
80 195
80 203
80 213
80 217
80 244
80 247
81 96
81 106
81 107
81 113
81 125
81 134
81 138
81 153
81 162
81 166
81 167
81 200
81 203
81 206
81 233
81 235
81 237
81 238
82 89
82 139
82 160
82 161
82 175
82 176
82 181
82 190
82 192
82 197
82 214
82 216
82 223
82 227
82 246
82 247
83 86
83 105
83 115
83 117
83 129
83 134
83 139
83 145
83 150
83 155
83 178
83 182
83 185
83 188
83 206
83 232
83 244
83 248
83 249
84 119
84 130
84 134
84 147
84 151
84 161
84 176
84 185
84 186
84 198
84 204
84 209
84 219
84 224
84 229
84 239
85 90
85 97
85 98
85 107
85 122
85 123
85 134
85 142
85 173
85 183
85 197
85 213
85 215
85 231
86 111
86 114
86 118
86 120
86 124
86 127
86 129
86 143
86 153
86 156
86 163
86 194
86 207
86 208
86 209
86 210
86 214
86 218
86 235
86 247
87 90
87 91
87 101
87 107
87 128
87 133
87 152
87 153
87 166
87 168
87 195
87 199
87 202
88 106
88 119
88 124
88 127
88 129
88 132
88 139
88 145
88 150
88 172
88 178
88 190
88 192
88 233
88 243
89 90
89 97
89 102
89 105
89 136
89 144
89 150
89 151
89 158
89 160
89 163
89 176
89 197
89 198
89 207
89 211
89 228
89 229
89 231
89 239
89 243
89 244
90 91
90 96
90 138
90 146
90 152
90 155
90 164
90 172
90 174
90 202
90 223
90 227
90 235
90 247
90 248
91 95
91 96
91 104
91 106
91 132
91 133
91 148
91 159
91 173
91 175
91 181
91 190
91 209
91 225
91 232
91 235
92 108
92 114
92 117
92 118
92 119
92 128
92 134
92 137
92 138
92 150
92 153
92 160
92 170
92 174
92 200
92 204
92 212
92 226
92 243
93 94
93 102
93 105
93 114
93 125
93 134
93 147
93 148
93 175
93 194
93 199
93 204
93 207
93 220
93 240
94 101
94 114
94 118
94 124
94 133
94 134
94 135
94 155
94 165
94 189
94 217
94 221
94 228
95 97
95 104
95 109
95 145
95 151
95 157
95 167
95 192
95 211
95 219
95 236
96 102
96 118
96 125
96 130
96 136
96 169
96 205
96 245
96 249
97 102
97 117
97 123
97 147
97 148
97 164
97 172
97 198
97 200
97 208
97 210
97 217
97 221
97 243
97 246
98 112
98 119
98 148
98 154
98 159
98 161
98 173
98 175
98 187
98 195
98 201
98 222
98 226
98 229
99 104
99 108
99 140
99 142
99 162
99 167
99 170
99 182
99 183
99 185
99 203
99 204
99 212
99 214
99 227
99 238
99 247
99 248
100 102
100 114
100 117
100 120
100 138
100 147
100 153
100 156
100 157
100 158
100 162
100 166
100 168
100 171
100 173
100 175
100 218
100 219
100 227
101 108
101 118
101 123
101 141
101 161
101 167
101 182
101 198
101 220
101 222
101 230
101 233
101 238
101 249
102 125
102 145
102 169
102 181
102 187
102 189
102 198
102 199
102 214
102 220
102 223
102 227
102 244
103 110
103 120
103 121
103 124
103 128
103 159
103 170
103 181
103 182
103 195
103 208
103 223
103 248
104 112
104 114
104 116
104 147
104 151
104 155
104 157
104 159
104 172
104 182
104 208
104 214
104 222
104 225
104 239
105 109
105 111
105 124
105 128
105 135
105 137
105 145
105 153
105 158
105 167
105 179
105 181
105 186
105 197
105 198
105 208
105 209
105 210
105 215
105 217
105 222
105 228
105 234
105 237
105 239
105 241
105 242
106 109
106 114
106 121
106 145
106 147
106 151
106 154
106 156
106 178
106 196
106 202
106 205
107 125
107 126
107 133
107 148
107 156
107 168
107 173
107 180
107 182
107 184
107 191
107 193
107 195
107 205
107 209
107 214
107 229
107 234
107 244
108 150
108 153
108 157
108 167
108 172
108 175
108 210
108 223
108 231
109 114
109 117
109 124
109 133
109 138
109 146
109 155
109 156
109 179
109 191
109 228
109 241
110 119
110 125
110 131
110 171
110 175
110 176
110 200
110 204
111 113
111 131
111 133
111 142
111 150
111 161
111 164
111 180
111 188
111 196
111 197
111 217
111 226
111 237
111 246
112 131
112 135
112 148
112 154
112 160
112 173
112 178
112 193
113 128
113 191
113 193
113 198
113 200
113 214
113 225
113 229
113 230
113 240
113 247
114 119
114 135
114 143
114 144
114 149
114 150
114 160
114 162
114 167
114 174
114 179
114 198
114 201
114 210
114 217
114 218
114 227
114 240
115 127
115 131
115 149
115 153
115 156
115 172
115 174
115 196
115 202
115 203
115 204
115 218
115 224
115 227
115 230
115 233
115 238
116 122
116 127
116 133
116 135
116 142
116 146
116 152
116 158
116 162
116 167
116 174
116 175
116 176
116 182
116 187
116 198
116 210
116 225
116 231
116 238
116 239
116 241
116 243
117 118
117 124
117 126
117 128
117 137
117 142
117 148
117 154
117 163
117 177
117 182
117 184
117 191
117 201
117 217
117 222
117 228
117 246
118 122
118 129
118 131
118 158
118 159
118 161
118 162
118 163
118 166
118 181
118 186
118 198
118 205
118 223
118 225
118 232
119 122
119 143
119 155
119 156
119 170
119 186
119 191
119 195
119 199
119 200
119 218
119 222
119 235
119 240
120 121
120 122
120 140
120 151
120 154
120 163
120 186
120 196
120 203
120 208
120 211
120 241
121 160
121 163
121 165
121 169
121 185
121 195
121 207
121 211
121 214
121 239
121 244
122 129
122 133
122 139
122 142
122 146
122 148
122 162
122 166
122 169
122 175
122 198
122 199
122 203
122 225
122 229
122 237
122 239
122 240
122 242
123 125
123 143
123 150
123 151
123 166
123 168
123 171
123 173
123 182
123 196
123 207
123 215
123 222
123 242
123 245
124 125
124 136
124 162
124 174
124 181
124 189
124 196
124 205
124 218
124 229
124 234
124 248
125 131
125 147
125 152
125 166
125 187
125 193
125 194
125 215
125 229
125 237
125 245
126 153
126 164
126 171
126 187
126 197
126 199
126 216
126 218
126 227
126 242
127 129
127 140
127 153
127 190
127 192
127 206
127 218
127 241
127 242
128 131
128 146
128 149
128 170
128 180
128 184
128 187
128 189
128 191
128 193
128 209
128 243
128 245
128 248
129 141
129 152
129 156
129 160
129 168
129 175
129 200
129 214
129 231
130 135
130 148
130 178
130 180
130 205
130 209
130 214
130 241
131 149
131 153
131 163
131 165
131 200
131 205
131 216
131 245
131 249
132 148
132 152
132 177
132 202
132 213
132 221
132 223
132 231
132 234
132 244
133 145
133 146
133 147
133 157
133 159
133 160
133 174
133 184
133 187
133 211
133 227
133 233
133 244
133 248
134 143
134 151
134 158
134 166
134 170
134 195
134 196
134 209
134 212
134 213
134 222
134 233
134 238
134 246
135 145
135 151
135 176
135 179
135 188
135 210
135 220
135 224
135 230
135 247
136 138
136 142
136 143
136 150
136 151
136 155
136 170
136 178
136 184
136 185
136 201
136 202
136 213
136 214
136 229
136 249
137 170
137 178
137 181
137 189
137 190
137 205
137 230
137 236
137 238
137 249
138 143
138 148
138 154
138 156
138 170
138 178
138 189
138 192
138 196
138 204
138 222
138 237
138 239
139 140
139 160
139 170
139 173
139 181
139 196
139 203
139 234
139 244
140 143
140 156
140 157
140 175
140 178
140 183
140 188
140 196
140 205
140 226
140 239
141 148
141 189
141 191
141 192
141 200
141 223
141 226
141 247
142 164
142 167
142 175
142 179
142 194
142 195
142 196
142 207
142 214
142 219
142 237
142 238
143 150
143 151
143 152
143 158
143 179
143 205
143 212
143 223
143 235
143 244
143 247
144 149
144 154
144 171
144 176
144 182
144 186
144 196
144 202
144 204
144 218
144 227
145 153
145 164
145 190
145 191
145 201
145 211
145 220
145 228
145 230
145 234
145 240
146 150
146 151
146 155
146 159
146 165
146 174
146 182
146 183
146 197
146 219
146 221
146 227
146 237
146 240
146 246
147 165
147 166
147 171
147 208
147 227
148 159
148 163
148 179
148 180
148 186
149 152
149 164
149 182
149 205
149 206
149 213
149 221
149 222
149 229
149 231
149 237
149 240
149 244
149 249
150 151
150 163
150 174
150 177
150 178
150 180
150 185
150 192
150 220
150 224
150 230
150 243
151 167
151 168
151 172
151 190
151 194
151 218
151 226
151 234
152 153
152 155
152 170
152 172
152 175
152 179
152 180
152 188
152 194
152 209
152 211
152 237
152 238
152 243
152 247
153 166
153 190
153 192
153 204
153 211
153 218
153 225
153 226
153 230
153 234
153 239
153 248
154 156
154 160
154 168
154 180
154 196
154 235
154 239
154 242
154 246
155 157
155 163
155 166
155 169
155 170
155 185
155 186
155 188
155 190
155 191
155 199
155 203
155 207
155 228
155 236
155 238
155 242
155 243
156 157
156 161
156 163
156 165
156 196
156 198
156 206
156 208
156 220
156 224
156 247
157 162
157 166
157 178
157 182
157 185
157 188
157 195
157 196
157 207
157 224
157 234
158 166
158 167
158 169
158 181
158 188
158 200
158 203
158 211
158 217
158 223
158 224
158 233
158 234
158 237
158 239
158 244
158 246
158 249
159 162
159 180
159 181
159 189
159 194
159 223
159 225
159 227
160 171
160 180
160 191
160 202
160 203
160 207
160 211
160 216
160 220
160 226
160 230
160 235
160 241
160 243
161 163
161 174
161 185
161 187
161 216
161 237
161 238
161 240
161 243
161 245
161 246
161 249
162 187
162 197
162 211
162 216
162 228
162 248
163 174
163 178
163 181
163 185
163 189
163 203
163 205
163 216
163 222
163 229
163 234
163 240
163 245
164 167
164 195
164 231
164 234
164 244
164 248
165 177
165 183
165 197
165 203
165 205
165 211
165 221
165 229
165 239
165 244
165 247
165 248
166 197
166 199
167 169
167 179
167 181
167 197
167 209
167 212
167 235
168 173
168 188
168 189
168 209
168 216
168 219
168 227
168 232
168 243
168 249
169 171
169 175
169 185
169 235
170 176
170 210
170 211
170 228
170 233
170 234
170 236
170 242
170 246
171 182
171 192
171 203
171 208
171 212
171 228
171 231
171 235
171 246
172 182
172 188
172 211
172 221
172 231
172 249
173 176
173 183
173 194
173 203
173 213
173 217
173 218
173 233
173 239
174 203
174 214
174 215
174 236
175 176
175 193
175 206
175 227
175 236
175 237
175 241
176 188
176 192
176 200
176 219
176 227
176 231
176 237
176 240
176 246
177 194
177 198
178 183
178 192
178 211
178 215
178 241
178 244
179 197
179 233
180 188
180 208
180 209
180 236
180 237
181 182
181 190
181 202
181 205
181 212
181 216
181 218
181 224
181 231
181 233
181 235
181 239
181 248
182 188
182 194
182 202
182 217
182 234
182 235
182 239
182 247
183 223
183 236
183 240
184 187
184 204
184 213
184 230
185 194
185 216
185 232
185 237
186 190
186 224
186 232
186 235
186 238
186 239
186 241
186 244
186 249
187 192
187 197
187 209
187 220
187 224
187 246
188 202
188 219
188 226
188 231
189 213
189 217
189 224
189 239
189 241
189 247
190 197
190 204
190 208
191 198
191 200
191 235
191 243
192 197
192 230
192 235
193 205
193 213
193 219
193 236
194 199
194 202
194 205
194 207
194 209
194 216
194 239
194 247
195 199
195 205
195 212
195 221
195 222
195 235
195 237
195 241
195 243
195 248
196 201
196 203
196 210
196 214
196 232
196 246
196 249
197 198
197 209
197 222
197 231
197 241
197 244
197 245
198 204
198 209
198 224
198 241
199 202
199 207
199 213
199 216
199 229
199 242
200 201
200 206
200 207
200 218
200 240
200 241
200 242
201 220
201 225
201 231
202 214
202 222
202 226
202 229
202 231
202 234
202 236
203 207
203 213
203 233
203 237
203 240
204 220
204 227
204 244
204 246
204 247
205 213
205 218
205 221
205 237
205 240
205 243
206 221
206 232
206 233
206 238
206 241
207 249
208 214
208 216
208 218
208 233
208 235
208 244
208 248
209 215
209 222
209 230
209 231
209 232
209 235
210 218
210 223
210 224
210 246
210 247
211 223
211 243
212 219
212 223
212 224
212 232
212 237
212 240
212 241
212 243
212 244
213 222
213 240
213 248
214 221
214 233
214 234
214 248
214 249
215 231
215 236
216 219
216 226
216 228
216 244
216 246
217 236
217 242
219 229
219 232
219 234
219 237
219 246
220 236
220 240
221 228
221 241
221 242
221 244
222 233
222 237
222 242
222 248
223 234
224 229
224 233
224 246
225 226
225 235
225 239
225 246
226 232
226 234
227 242
228 235
228 236
229 236
229 240
229 241
230 236
230 239
230 240
230 242
232 239
232 240
233 236
233 241
234 237
234 247
234 249
235 247
236 240
236 248
238 243
239 242
239 245
239 249
241 245
242 248
245 247
247 248
248 249
