363 8691
0 1
0 2
0 3
0 4
0 5
0 6
0 7
0 8
0 9
0 10
0 11
0 12
0 13
0 14
0 15
0 37
0 61
0 62
0 63
0 64
0 65
0 66
0 67
0 68
0 69
0 103
0 143
0 169
0 170
0 171
0 172
0 173
0 174
0 175
0 176
0 195
0 196
0 197
0 198
0 199
0 233
0 234
0 293
0 294
0 295
0 313
0 314
0 331
0 344
0 345
0 346
0 357
0 78
0 77
0 76
0 75
0 74
0 73
0 32
0 72
0 71
0 70
0 60
0 59
0 58
0 57
0 56
0 55
0 54
0 53
0 362
0 113
0 112
0 111
0 110
0 109
0 108
0 107
0 106
0 105
0 359
0 36
0 361
0 356
0 47
0 355
0 354
0 353
0 352
0 351
0 350
0 349
0 348
0 358
0 38
0 33
0 203
0 202
0 201
0 343
0 342
0 48
0 341
0 340
0 339
0 338
0 337
0 336
0 335
0 334
0 333
0 347
0 204
0 247
0 246
0 245
0 244
0 243
0 242
0 241
0 240
0 239
0 238
0 237
0 236
0 249
0 248
0 322
0 41
0 321
0 320
0 319
0 318
0 317
0 316
0 315
0 324
0 323
0 50
0 330
0 329
0 328
0 327
0 332
0 326
0 325
0 260
0 259
0 258
0 257
0 256
0 255
0 254
0 253
0 252
0 251
0 250
0 35
0 270
0 40
0 269
0 268
0 267
0 266
0 275
0 274
0 273
0 272
0 271
0 51
0 310
0 309
0 308
0 307
0 306
0 305
0 304
0 303
0 302
0 301
0 300
0 299
0 298
0 297
0 311
0 312
0 279
0 278
0 277
0 276
0 52
0 292
0 291
0 290
0 289
0 288
0 287
0 286
0 285
0 284
0 283
0 296
0 282
0 281
0 280
0 264
0 263
0 262
0 261
0 265
0 230
0 229
0 228
0 39
0 227
0 226
0 225
0 224
0 223
0 222
0 221
0 220
0 232
0 49
0 235
0 231
0 219
0 218
0 217
0 216
0 215
0 214
0 213
0 212
0 211
0 210
0 209
0 208
0 207
0 206
0 205
0 360
0 115
0 114
0 117
0 116
0 34
0 131
0 138
0 137
0 136
0 135
0 134
0 133
0 132
0 45
0 194
0 193
0 192
0 191
0 190
0 189
0 188
0 187
0 186
0 185
0 184
0 183
0 182
0 181
0 180
0 179
0 178
0 200
0 139
0 46
0 168
0 167
0 166
0 165
0 164
0 163
0 162
0 161
0 160
0 159
0 158
0 157
0 156
0 155
0 154
0 153
0 152
0 151
0 150
0 149
0 148
0 147
0 146
0 145
0 144
0 142
0 177
0 141
0 140
0 129
0 128
0 127
0 126
0 125
0 124
0 123
0 122
0 121
0 120
0 119
0 118
0 130
0 95
0 94
0 93
0 92
0 91
0 90
0 89
0 88
0 42
0 43
0 87
0 86
0 85
0 84
0 83
0 82
0 81
0 80
0 79
0 96
0 102
0 101
0 100
0 44
0 99
0 104
0 98
0 97
1 2
1 3
1 4
1 5
1 6
1 7
1 8
1 9
1 10
1 11
1 12
1 13
1 14
1 15
1 37
1 61
1 62
1 63
1 64
1 65
1 66
1 67
1 68
1 69
1 103
1 143
1 169
1 170
1 171
1 172
1 173
1 174
1 175
1 176
1 195
1 196
1 197
1 198
1 199
1 233
1 234
1 293
1 294
1 295
1 313
1 314
1 331
1 344
1 345
1 346
1 357
1 78
1 77
1 76
1 75
1 74
1 73
1 32
1 72
1 71
1 70
1 60
1 59
1 58
1 57
1 56
1 55
1 54
1 53
1 362
1 113
1 112
1 111
1 110
1 109
1 108
1 107
1 106
1 105
1 359
1 36
1 361
1 356
1 47
1 355
1 354
1 353
1 352
1 351
1 350
1 349
1 348
1 358
1 38
1 33
1 203
1 202
1 201
1 343
1 342
1 48
1 341
1 340
1 339
1 338
1 337
1 336
1 335
1 334
1 333
1 347
1 204
1 247
1 246
1 245
1 244
1 243
1 242
1 241
1 240
1 239
1 238
1 237
1 236
1 249
1 248
1 322
1 41
1 321
1 320
1 319
1 318
1 317
1 316
1 315
1 324
1 323
1 50
1 330
1 329
1 328
1 327
1 332
1 326
1 325
1 260
1 259
1 258
1 257
1 256
1 255
1 254
1 253
1 252
1 251
1 250
1 35
1 270
1 40
1 269
1 268
1 267
1 266
1 275
1 274
1 273
1 272
1 271
1 51
1 310
1 309
1 308
1 307
1 306
1 305
1 304
1 303
1 302
1 301
1 300
1 299
1 298
1 297
1 311
1 312
1 279
1 278
1 277
1 276
1 52
1 292
1 291
1 290
1 289
1 288
1 287
1 286
1 285
1 284
1 283
1 296
1 282
1 281
1 280
1 264
1 263
1 262
1 261
1 265
1 230
1 229
1 228
1 39
1 227
1 226
1 225
1 224
1 223
1 222
1 221
1 220
1 232
1 49
1 235
1 231
1 219
1 218
1 217
1 216
1 215
1 214
1 213
1 212
1 211
1 210
1 209
1 208
1 207
1 206
1 205
1 360
1 115
1 114
1 117
1 116
1 34
1 131
1 138
1 137
1 136
1 135
1 134
1 133
1 132
1 45
1 194
1 193
1 192
1 191
1 190
1 189
1 188
1 187
1 186
1 185
1 184
1 183
1 182
1 181
1 180
1 179
1 178
1 200
1 139
1 46
1 168
1 167
1 166
1 165
1 164
1 163
1 162
1 161
1 160
1 159
1 158
1 157
1 156
1 155
1 154
1 153
1 152
1 151
1 150
1 149
1 148
1 147
1 146
1 145
1 144
1 142
1 177
1 141
1 140
1 129
1 128
1 127
1 126
1 125
1 124
1 123
1 122
1 121
1 120
1 119
1 118
1 130
1 95
1 94
1 93
1 92
1 91
1 90
1 89
1 88
1 42
1 43
1 87
1 86
1 85
1 84
1 83
1 82
1 81
1 80
1 79
1 96
1 102
1 101
1 100
1 44
1 99
1 104
1 98
1 97
2 3
2 4
2 5
2 6
2 7
2 8
2 9
2 10
2 11
2 12
2 13
2 14
2 15
2 37
2 61
2 62
2 63
2 64
2 65
2 66
2 67
2 68
2 69
2 103
2 143
2 169
2 170
2 171
2 172
2 173
2 174
2 175
2 176
2 195
2 196
2 197
2 198
2 199
2 233
2 234
2 293
2 294
2 295
2 313
2 314
2 331
2 344
2 345
2 346
2 357
3 4
3 5
3 6
3 7
3 8
3 9
3 10
3 11
3 12
3 13
3 14
3 15
3 37
3 61
3 62
3 63
3 64
3 65
3 66
3 67
3 68
3 69
3 103
3 143
3 169
3 170
3 171
3 172
3 173
3 174
3 175
3 176
3 195
3 196
3 197
3 198
3 199
3 233
3 234
3 293
3 294
3 295
3 313
3 314
3 331
3 344
3 345
3 346
3 357
4 5
4 6
4 7
4 8
4 9
4 10
4 11
4 12
4 13
4 14
4 15
4 37
4 61
4 62
4 63
4 64
4 65
4 66
4 67
4 68
4 69
4 103
4 143
4 169
4 170
4 171
4 172
4 173
4 174
4 175
4 176
4 195
4 196
4 197
4 198
4 199
4 233
4 234
4 293
4 294
4 295
4 313
4 314
4 331
4 344
4 345
4 346
4 357
4 53
4 219
5 6
5 7
5 8
5 9
5 10
5 11
5 12
5 13
5 14
5 15
5 37
5 61
5 62
5 63
5 64
5 65
5 66
5 67
5 68
5 69
5 103
5 143
5 169
5 170
5 171
5 172
5 173
5 174
5 175
5 176
5 195
5 196
5 197
5 198
5 199
5 233
5 234
5 293
5 294
5 295
5 313
5 314
5 331
5 344
5 345
5 346
5 357
5 54
5 53
5 218
5 219
6 7
6 8
6 9
6 10
6 11
6 12
6 13
6 14
6 15
6 37
6 61
6 62
6 63
6 64
6 65
6 66
6 67
6 68
6 69
6 103
6 143
6 169
6 170
6 171
6 172
6 173
6 174
6 175
6 176
6 195
6 196
6 197
6 198
6 199
6 233
6 234
6 293
6 294
6 295
6 313
6 314
6 331
6 344
6 345
6 346
6 357
6 55
6 54
6 53
6 217
6 218
6 219
7 8
7 9
7 10
7 11
7 12
7 13
7 14
7 15
7 37
7 61
7 62
7 63
7 64
7 65
7 66
7 67
7 68
7 69
7 103
7 143
7 169
7 170
7 171
7 172
7 173
7 174
7 175
7 176
7 195
7 196
7 197
7 198
7 199
7 233
7 234
7 293
7 294
7 295
7 313
7 314
7 331
7 344
7 345
7 346
7 357
7 56
7 55
7 54
7 53
7 216
7 217
7 218
7 219
8 9
8 10
8 11
8 12
8 13
8 14
8 15
8 37
8 61
8 62
8 63
8 64
8 65
8 66
8 67
8 68
8 69
8 103
8 143
8 169
8 170
8 171
8 172
8 173
8 174
8 175
8 176
8 195
8 196
8 197
8 198
8 199
8 233
8 234
8 293
8 294
8 295
8 313
8 314
8 331
8 344
8 345
8 346
8 357
8 57
8 56
8 55
8 54
8 53
8 215
8 216
8 217
8 218
8 219
9 10
9 11
9 12
9 13
9 14
9 15
9 37
9 61
9 62
9 63
9 64
9 65
9 66
9 67
9 68
9 69
9 103
9 143
9 169
9 170
9 171
9 172
9 173
9 174
9 175
9 176
9 195
9 196
9 197
9 198
9 199
9 233
9 234
9 293
9 294
9 295
9 313
9 314
9 331
9 344
9 345
9 346
9 357
9 58
9 57
9 56
9 55
9 54
9 53
9 214
9 215
9 216
9 217
9 218
9 219
10 11
10 12
10 13
10 14
10 15
10 37
10 61
10 62
10 63
10 64
10 65
10 66
10 67
10 68
10 69
10 103
10 143
10 169
10 170
10 171
10 172
10 173
10 174
10 175
10 176
10 195
10 196
10 197
10 198
10 199
10 233
10 234
10 293
10 294
10 295
10 313
10 314
10 331
10 344
10 345
10 346
10 357
10 60
10 59
10 58
10 57
10 56
10 55
10 54
10 53
10 77
10 72
10 40
10 274
10 35
10 244
10 115
10 134
10 34
10 137
11 12
11 13
11 14
11 15
11 37
11 61
11 62
11 63
11 64
11 65
11 66
11 67
11 68
11 69
11 103
11 143
11 169
11 170
11 171
11 172
11 173
11 174
11 175
11 176
11 195
11 196
11 197
11 198
11 199
11 233
11 234
11 293
11 294
11 295
11 313
11 314
11 331
11 344
11 345
11 346
11 357
11 71
11 70
11 60
11 59
11 58
11 57
11 56
11 55
11 54
11 53
11 77
11 72
11 40
11 274
11 35
11 244
11 115
11 134
11 34
11 137
12 13
12 14
12 15
12 37
12 61
12 62
12 63
12 64
12 65
12 66
12 67
12 68
12 69
12 103
12 143
12 169
12 170
12 171
12 172
12 173
12 174
12 175
12 176
12 195
12 196
12 197
12 198
12 199
12 233
12 234
12 293
12 294
12 295
12 313
12 314
12 331
12 344
12 345
12 346
12 357
12 32
12 72
12 71
12 70
12 60
12 59
12 58
12 57
12 56
12 55
12 54
12 53
12 77
12 40
12 274
12 35
12 244
12 115
12 134
12 34
12 137
13 14
13 15
13 37
13 61
13 62
13 63
13 64
13 65
13 66
13 67
13 68
13 69
13 103
13 143
13 169
13 170
13 171
13 172
13 173
13 174
13 175
13 176
13 195
13 196
13 197
13 198
13 199
13 233
13 234
13 293
13 294
13 295
13 313
13 314
13 331
13 344
13 345
13 346
13 357
13 74
13 73
13 32
13 72
13 71
13 70
13 60
13 59
13 58
13 57
13 56
13 55
13 54
13 53
13 77
13 40
13 274
13 35
13 244
13 115
13 134
13 34
13 137
14 15
14 37
14 61
14 62
14 63
14 64
14 65
14 66
14 67
14 68
14 69
14 103
14 143
14 169
14 170
14 171
14 172
14 173
14 174
14 175
14 176
14 195
14 196
14 197
14 198
14 199
14 233
14 234
14 293
14 294
14 295
14 313
14 314
14 331
14 344
14 345
14 346
14 357
14 77
14 72
14 40
14 274
14 35
14 244
14 115
14 134
14 34
14 137
15 37
15 61
15 62
15 63
15 64
15 65
15 66
15 67
15 68
15 69
15 103
15 143
15 169
15 170
15 171
15 172
15 173
15 174
15 175
15 176
15 195
15 196
15 197
15 198
15 199
15 233
15 234
15 293
15 294
15 295
15 313
15 314
15 331
15 344
15 345
15 346
15 357
15 59
15 58
15 57
15 56
15 55
15 54
15 53
15 77
15 72
15 40
15 274
15 35
15 244
15 214
15 215
15 216
15 217
15 218
15 219
15 213
15 115
15 134
15 34
15 137
37 16
37 69
37 68
37 67
37 66
37 65
37 64
37 63
37 62
37 61
37 314
37 313
61 16
61 18
61 19
61 20
61 21
61 22
61 23
61 24
61 25
61 26
61 27
61 28
61 29
61 30
61 31
61 69
61 68
61 67
61 66
61 65
61 64
61 63
61 62
61 357
61 346
61 345
61 344
61 331
61 314
61 313
61 295
61 294
61 293
61 234
61 233
61 199
61 198
61 197
61 196
61 195
61 143
61 176
61 175
61 174
61 173
61 172
61 171
61 170
61 169
61 103
62 16
62 19
62 20
62 21
62 22
62 23
62 24
62 25
62 26
62 27
62 28
62 29
62 30
62 31
62 69
62 68
62 67
62 66
62 65
62 64
62 63
62 357
62 346
62 345
62 344
62 331
62 314
62 313
62 295
62 294
62 293
62 234
62 233
62 199
62 198
62 197
62 196
62 195
62 143
62 176
62 175
62 174
62 173
62 172
62 171
62 170
62 169
62 103
63 16
63 20
63 21
63 22
63 23
63 24
63 25
63 26
63 27
63 28
63 29
63 30
63 31
63 69
63 68
63 67
63 66
63 65
63 64
63 357
63 346
63 345
63 344
63 331
63 314
63 313
63 295
63 294
63 293
63 234
63 233
63 199
63 198
63 197
63 196
63 195
63 143
63 176
63 175
63 174
63 173
63 172
63 171
63 170
63 169
63 103
64 16
64 21
64 22
64 23
64 24
64 25
64 26
64 27
64 28
64 29
64 30
64 31
64 69
64 68
64 67
64 66
64 65
64 357
64 346
64 345
64 344
64 331
64 314
64 313
64 295
64 294
64 293
64 234
64 233
64 199
64 198
64 197
64 196
64 195
64 143
64 176
64 175
64 174
64 173
64 172
64 171
64 170
64 169
64 103
65 16
65 22
65 23
65 24
65 25
65 26
65 27
65 28
65 29
65 30
65 31
65 69
65 68
65 67
65 66
65 357
65 346
65 345
65 344
65 331
65 314
65 313
65 295
65 294
65 293
65 234
65 233
65 199
65 198
65 197
65 196
65 195
65 143
65 176
65 175
65 174
65 173
65 172
65 171
65 170
65 169
65 103
66 16
66 23
66 24
66 25
66 26
66 27
66 28
66 29
66 30
66 31
66 69
66 68
66 67
66 357
66 346
66 345
66 344
66 331
66 314
66 313
66 295
66 294
66 293
66 234
66 233
66 199
66 198
66 197
66 196
66 195
66 143
66 176
66 175
66 174
66 173
66 172
66 171
66 170
66 169
66 103
67 16
67 24
67 25
67 26
67 27
67 28
67 29
67 30
67 31
67 69
67 68
67 357
67 346
67 345
67 344
67 331
67 314
67 313
67 295
67 294
67 293
67 234
67 233
67 199
67 198
67 197
67 196
67 195
67 143
67 176
67 175
67 174
67 173
67 172
67 171
67 170
67 169
67 103
68 16
68 25
68 26
68 27
68 28
68 29
68 30
68 31
68 69
68 357
68 346
68 345
68 344
68 331
68 314
68 313
68 295
68 294
68 293
68 234
68 233
68 199
68 198
68 197
68 196
68 195
68 143
68 176
68 175
68 174
68 173
68 172
68 171
68 170
68 169
68 103
69 16
69 26
69 27
69 28
69 29
69 30
69 31
69 357
69 346
69 345
69 344
69 331
69 314
69 313
69 295
69 294
69 293
69 234
69 233
69 199
69 198
69 197
69 196
69 195
69 143
69 176
69 175
69 174
69 173
69 172
69 171
69 170
69 169
69 103
103 16
143 16
143 176
143 175
143 174
143 173
143 172
143 171
143 170
143 169
169 16
169 170
170 16
171 16
171 174
171 173
171 172
172 16
172 173
173 16
174 16
174 175
175 16
176 16
195 16
195 196
196 16
197 16
197 198
198 16
199 16
233 16
234 16
293 16
293 294
294 16
295 16
313 16
314 16
331 16
344 16
344 345
345 16
346 16
357 16
78 16
78 17
78 18
78 19
78 20
78 21
78 22
78 23
78 24
78 25
78 26
78 27
78 28
78 29
78 30
78 31
78 32
78 72
78 77
77 16
77 17
77 18
77 19
77 20
77 21
77 22
77 23
77 24
77 25
77 26
77 27
77 28
77 29
77 30
77 31
77 32
77 33
77 34
77 35
77 36
77 38
77 40
77 41
77 42
77 43
77 44
77 45
77 46
77 47
77 48
77 50
77 51
77 52
77 72
77 74
77 362
77 113
77 112
77 111
77 110
77 109
77 108
77 107
77 106
77 105
77 359
77 361
77 356
77 355
77 354
77 353
77 352
77 351
77 350
77 349
77 348
77 358
77 203
77 202
77 201
77 343
77 342
77 341
77 340
77 339
77 338
77 337
77 336
77 335
77 334
77 333
77 347
77 204
77 247
77 246
77 245
77 244
77 243
77 242
77 241
77 240
77 239
77 238
77 237
77 236
77 249
77 248
77 322
77 321
77 320
77 319
77 318
77 317
77 316
77 315
77 324
77 323
77 330
77 329
77 328
77 327
77 332
77 326
77 325
77 260
77 259
77 258
77 257
77 256
77 255
77 254
77 253
77 252
77 251
77 250
77 270
77 269
77 268
77 267
77 266
77 275
77 274
77 273
77 272
77 271
77 310
77 309
77 308
77 307
77 306
77 305
77 304
77 303
77 302
77 301
77 300
77 299
77 298
77 297
77 311
77 312
77 279
77 278
77 277
77 276
77 292
77 291
77 290
77 289
77 288
77 287
77 286
77 285
77 284
77 283
77 296
77 282
77 281
77 280
77 264
77 263
77 262
77 261
77 360
77 115
77 114
77 117
77 116
77 131
77 138
77 137
77 136
77 135
77 134
77 133
77 132
77 194
77 193
77 192
77 191
77 190
77 189
77 188
77 187
77 186
77 185
77 184
77 183
77 182
77 181
77 180
77 179
77 178
77 200
77 139
77 168
77 167
77 166
77 165
77 164
77 163
77 162
77 161
77 160
77 159
77 158
77 157
77 156
77 155
77 154
77 153
77 152
77 151
77 150
77 149
77 148
77 147
77 146
77 145
77 144
77 142
77 177
77 141
77 140
77 129
77 128
77 127
77 126
77 125
77 124
77 123
77 122
77 121
77 120
77 119
77 118
77 130
77 95
77 94
77 93
77 92
77 91
77 90
77 89
77 88
77 87
77 86
77 85
77 84
77 83
77 82
77 81
77 80
77 79
77 96
77 102
77 101
77 100
77 99
77 104
77 98
77 97
76 16
76 17
76 18
76 19
76 20
76 21
76 22
76 23
76 24
76 25
76 26
76 27
76 28
76 29
76 30
76 31
76 32
76 72
76 74
75 16
75 17
75 18
75 19
75 20
75 21
75 22
75 23
75 24
75 25
75 26
75 27
75 28
75 29
75 30
75 31
75 32
75 72
75 74
74 16
74 17
74 18
74 19
74 20
74 21
74 22
74 23
74 24
74 25
74 26
74 27
74 28
74 29
74 30
74 31
74 32
74 72
73 16
73 17
73 18
73 19
73 20
73 21
73 22
73 23
73 24
73 25
73 26
73 27
73 28
73 29
73 30
73 31
73 32
73 72
32 16
32 17
32 18
32 19
32 20
32 21
32 22
32 23
32 24
32 25
32 26
32 27
32 28
32 29
32 30
32 31
32 72
32 362
32 113
32 112
32 111
32 110
32 109
32 108
32 107
32 106
32 105
32 359
32 36
32 361
32 356
32 47
32 355
32 354
32 353
32 352
32 351
32 350
32 349
32 348
32 358
32 201
32 360
32 115
32 114
32 117
32 116
32 34
32 131
32 138
32 137
32 136
32 135
32 134
32 133
32 132
32 45
32 194
32 193
32 192
32 191
32 190
32 189
32 188
32 187
32 186
32 185
32 184
32 183
32 182
32 181
32 180
32 179
32 178
32 200
32 139
32 46
32 168
32 167
32 166
32 165
32 164
32 163
32 162
32 161
32 160
32 159
32 158
32 157
32 156
32 155
32 154
32 153
32 152
32 151
32 150
32 149
32 148
32 147
32 146
32 145
32 144
32 142
32 177
32 141
32 140
32 129
32 128
32 127
32 126
32 125
32 124
32 123
32 122
32 121
32 120
32 119
32 118
32 130
32 95
32 94
32 93
32 92
32 91
32 90
32 89
32 88
32 42
32 43
32 87
32 86
32 85
32 84
32 83
32 82
32 81
32 80
32 79
32 96
32 102
32 101
32 100
32 44
32 99
32 104
32 98
32 97
72 16
72 17
72 18
72 19
72 20
72 21
72 22
72 23
72 24
72 25
72 26
72 27
72 28
72 29
72 30
72 31
72 33
72 34
72 35
72 36
72 38
72 39
72 40
72 41
72 42
72 43
72 44
72 45
72 46
72 47
72 48
72 49
72 50
72 51
72 52
72 362
72 113
72 112
72 111
72 110
72 109
72 108
72 107
72 106
72 105
72 359
72 361
72 356
72 355
72 354
72 353
72 352
72 351
72 350
72 349
72 348
72 358
72 203
72 202
72 201
72 343
72 342
72 341
72 340
72 339
72 338
72 337
72 336
72 335
72 334
72 333
72 347
72 204
72 247
72 246
72 245
72 244
72 243
72 242
72 241
72 240
72 239
72 238
72 237
72 236
72 249
72 248
72 322
72 321
72 320
72 319
72 318
72 317
72 316
72 315
72 324
72 323
72 330
72 329
72 328
72 327
72 332
72 326
72 325
72 260
72 259
72 258
72 257
72 256
72 255
72 254
72 253
72 252
72 251
72 250
72 270
72 269
72 268
72 267
72 266
72 275
72 274
72 273
72 272
72 271
72 310
72 309
72 308
72 307
72 306
72 305
72 304
72 303
72 302
72 301
72 300
72 299
72 298
72 297
72 311
72 312
72 279
72 278
72 277
72 276
72 292
72 291
72 290
72 289
72 288
72 287
72 286
72 285
72 284
72 283
72 296
72 282
72 281
72 280
72 264
72 263
72 262
72 261
72 265
72 230
72 229
72 228
72 227
72 226
72 225
72 224
72 223
72 222
72 221
72 220
72 232
72 235
72 231
72 207
72 206
72 205
72 360
72 115
72 114
72 117
72 116
72 131
72 138
72 137
72 136
72 135
72 134
72 133
72 132
72 194
72 193
72 192
72 191
72 190
72 189
72 188
72 187
72 186
72 185
72 184
72 183
72 182
72 181
72 180
72 179
72 178
72 200
72 139
72 168
72 167
72 166
72 165
72 164
72 163
72 162
72 161
72 160
72 159
72 158
72 157
72 156
72 155
72 154
72 153
72 152
72 151
72 150
72 149
72 148
72 147
72 146
72 145
72 144
72 142
72 177
72 141
72 140
72 129
72 128
72 127
72 126
72 125
72 124
72 123
72 122
72 121
72 120
72 119
72 118
72 130
72 95
72 94
72 93
72 92
72 91
72 90
72 89
72 88
72 87
72 86
72 85
72 84
72 83
72 82
72 81
72 80
72 79
72 96
72 102
72 101
72 100
72 99
72 104
72 98
72 97
71 16
71 17
71 18
71 19
71 20
71 21
71 22
71 23
71 24
71 25
71 26
71 27
71 28
71 29
71 30
71 31
70 16
70 17
70 18
70 19
70 20
70 21
70 22
70 23
70 24
70 25
70 26
70 27
70 28
70 29
70 30
70 31
60 16
60 17
60 18
60 19
60 20
60 21
60 22
60 23
60 24
60 25
60 26
60 27
60 28
60 29
60 30
60 31
59 16
59 17
59 18
59 19
59 20
59 21
59 22
59 23
59 24
59 25
59 26
59 27
59 28
59 29
59 30
59 31
58 16
58 17
58 18
58 19
58 20
58 21
58 22
58 23
58 24
58 25
58 26
58 27
58 28
58 29
58 30
58 31
57 16
57 17
57 18
57 19
57 20
57 21
57 22
57 23
57 24
57 25
57 26
57 27
57 28
57 29
57 30
57 31
56 16
56 17
56 18
56 19
56 20
56 21
56 22
56 23
56 24
56 25
56 26
56 27
56 28
56 29
56 30
56 31
55 16
55 17
55 18
55 19
55 20
55 21
55 22
55 23
55 24
55 25
55 26
55 27
55 28
55 29
55 30
55 31
54 16
54 17
54 18
54 19
54 20
54 21
54 22
54 23
54 24
54 25
54 26
54 27
54 28
54 29
54 30
54 31
53 16
53 17
53 18
53 19
53 20
53 21
53 22
53 23
53 24
53 25
53 26
53 27
53 28
53 29
53 30
53 31
362 16
362 17
362 18
362 19
362 20
362 21
362 22
362 23
362 24
362 25
362 26
362 27
362 28
362 29
362 30
362 31
113 16
113 17
113 18
113 19
113 20
113 21
113 22
113 23
113 24
113 25
113 26
113 27
113 28
113 29
113 30
113 31
113 112
112 16
112 17
112 18
112 19
112 20
112 21
112 22
112 23
112 24
112 25
112 26
112 27
112 28
112 29
112 30
112 31
111 16
111 17
111 18
111 19
111 20
111 21
111 22
111 23
111 24
111 25
111 26
111 27
111 28
111 29
111 30
111 31
110 16
110 17
110 18
110 19
110 20
110 21
110 22
110 23
110 24
110 25
110 26
110 27
110 28
110 29
110 30
110 31
109 16
109 17
109 18
109 19
109 20
109 21
109 22
109 23
109 24
109 25
109 26
109 27
109 28
109 29
109 30
109 31
109 108
108 16
108 17
108 18
108 19
108 20
108 21
108 22
108 23
108 24
108 25
108 26
108 27
108 28
108 29
108 30
108 31
107 16
107 17
107 18
107 19
107 20
107 21
107 22
107 23
107 24
107 25
107 26
107 27
107 28
107 29
107 30
107 31
107 106
106 16
106 17
106 18
106 19
106 20
106 21
106 22
106 23
106 24
106 25
106 26
106 27
106 28
106 29
106 30
106 31
106 105
105 16
105 17
105 18
105 19
105 20
105 21
105 22
105 23
105 24
105 25
105 26
105 27
105 28
105 29
105 30
105 31
359 16
359 17
359 18
359 19
359 20
359 21
359 22
359 23
359 24
359 25
359 26
359 27
359 28
359 29
359 30
359 31
36 16
36 17
36 18
36 19
36 20
36 21
36 22
36 23
36 24
36 25
36 26
36 27
36 28
36 29
36 30
36 31
36 34
36 356
36 47
36 355
36 354
36 353
36 352
36 351
36 350
36 349
36 348
36 358
36 201
36 115
36 117
36 116
36 131
36 138
36 137
36 136
36 135
36 134
36 133
36 132
36 45
36 194
36 193
36 192
36 191
36 190
36 189
36 188
36 187
36 186
36 185
36 184
36 183
36 182
36 181
36 180
36 179
36 178
36 200
36 139
36 46
36 168
36 167
36 166
36 165
36 164
36 163
36 162
36 161
36 160
36 159
36 158
36 157
36 156
36 155
36 154
36 153
36 152
36 151
36 150
36 149
36 148
36 147
36 146
36 145
36 144
36 142
36 177
36 141
36 140
36 129
36 128
36 127
36 126
36 125
36 124
36 123
36 122
36 121
36 120
36 119
36 118
36 130
361 16
361 17
361 18
361 19
361 20
361 21
361 22
361 23
361 24
361 25
361 26
361 27
361 28
361 29
361 30
361 31
356 16
356 17
356 18
356 19
356 20
356 21
356 22
356 23
356 24
356 25
356 26
356 27
356 28
356 29
356 30
356 31
356 47
356 352
356 355
356 358
47 16
47 17
47 18
47 19
47 20
47 21
47 22
47 23
47 24
47 25
47 26
47 27
47 28
47 29
47 30
47 31
47 355
47 352
47 358
355 16
355 17
355 18
355 19
355 20
355 21
355 22
355 23
355 24
355 25
355 26
355 27
355 28
355 29
355 30
355 31
355 352
355 358
354 16
354 17
354 18
354 19
354 20
354 21
354 22
354 23
354 24
354 25
354 26
354 27
354 28
354 29
354 30
354 31
354 352
354 353
353 16
353 17
353 18
353 19
353 20
353 21
353 22
353 23
353 24
353 25
353 26
353 27
353 28
353 29
353 30
353 31
353 352
352 16
352 17
352 18
352 19
352 20
352 21
352 22
352 23
352 24
352 25
352 26
352 27
352 28
352 29
352 30
352 31
352 351
352 358
351 16
351 17
351 18
351 19
351 20
351 21
351 22
351 23
351 24
351 25
351 26
351 27
351 28
351 29
351 30
351 31
350 16
350 17
350 18
350 19
350 20
350 21
350 22
350 23
350 24
350 25
350 26
350 27
350 28
350 29
350 30
350 31
349 16
349 17
349 18
349 19
349 20
349 21
349 22
349 23
349 24
349 25
349 26
349 27
349 28
349 29
349 30
349 31
348 16
348 17
348 18
348 19
348 20
348 21
348 22
348 23
348 24
348 25
348 26
348 27
348 28
348 29
348 30
348 31
358 16
358 17
358 18
358 19
358 20
358 21
358 22
358 23
358 24
358 25
358 26
358 27
358 28
358 29
358 30
358 31
38 16
38 17
38 18
38 19
38 20
38 21
38 22
38 23
38 24
38 25
38 26
38 27
38 28
38 29
38 30
38 31
38 33
38 35
38 343
38 342
38 48
38 341
38 340
38 339
38 338
38 337
38 336
38 335
38 334
38 333
38 347
38 204
38 247
38 246
38 245
38 244
38 243
38 242
38 241
38 240
38 239
38 238
38 237
38 236
38 249
38 248
38 322
38 41
38 321
38 320
38 319
38 318
38 317
38 316
38 315
38 324
38 323
38 50
38 330
38 329
38 328
38 327
38 332
38 326
38 325
38 260
38 259
38 258
38 257
38 256
38 255
38 254
38 253
38 252
38 251
38 250
38 270
38 40
38 269
38 268
38 267
38 266
38 275
38 274
38 273
38 272
38 271
38 52
38 292
38 291
38 290
38 289
38 288
38 287
38 286
38 285
38 284
38 283
38 296
38 282
38 281
38 280
38 264
38 263
38 262
38 261
38 265
38 230
38 229
38 228
38 39
38 227
38 226
38 225
38 224
38 223
38 222
38 221
38 220
38 232
38 49
38 235
38 231
38 205
33 16
33 17
33 18
33 19
33 20
33 21
33 22
33 23
33 24
33 25
33 26
33 27
33 28
33 29
33 30
33 31
33 343
33 342
33 48
33 341
33 340
33 339
33 338
33 337
33 336
33 335
33 334
33 333
33 347
33 204
33 247
33 246
33 245
33 244
33 243
33 242
33 241
33 240
33 239
33 238
33 237
33 236
33 249
33 248
33 322
33 41
33 321
33 320
33 319
33 318
33 317
33 316
33 315
33 324
33 323
33 50
33 330
33 329
33 328
33 327
33 332
33 326
33 325
33 260
33 259
33 258
33 257
33 256
33 255
33 254
33 253
33 252
33 251
33 250
33 35
33 270
33 40
33 269
33 268
33 267
33 266
33 275
33 274
33 273
33 272
33 271
33 51
33 310
33 309
33 308
33 307
33 306
33 305
33 304
33 303
33 302
33 301
33 300
33 299
33 298
33 297
33 311
33 312
33 277
33 276
33 52
33 292
33 291
33 290
33 289
33 288
33 287
33 286
33 285
33 284
33 283
33 296
33 282
33 281
33 280
33 264
33 263
33 262
33 261
33 265
33 230
33 229
33 228
33 39
33 227
33 226
33 225
33 224
33 223
33 222
33 221
33 220
33 232
33 49
33 235
33 231
33 207
33 206
33 205
203 16
203 17
203 18
203 19
203 20
203 21
203 22
203 23
203 24
203 25
203 26
203 27
203 28
203 29
203 30
203 31
202 16
202 17
202 18
202 19
202 20
202 21
202 22
202 23
202 24
202 25
202 26
202 27
202 28
202 29
202 30
202 31
201 16
201 17
201 18
201 19
201 20
201 21
201 22
201 23
201 24
201 25
201 26
201 27
201 28
201 29
201 30
201 31
343 16
343 17
343 18
343 19
343 20
343 21
343 22
343 23
343 24
343 25
343 26
343 27
343 28
343 29
343 30
343 31
343 48
343 337
343 340
343 342
343 347
342 16
342 17
342 18
342 19
342 20
342 21
342 22
342 23
342 24
342 25
342 26
342 27
342 28
342 29
342 30
342 31
342 48
342 337
342 340
342 341
342 347
48 16
48 17
48 18
48 19
48 20
48 21
48 22
48 23
48 24
48 25
48 26
48 27
48 28
48 29
48 30
48 31
48 341
48 340
48 337
48 347
341 16
341 17
341 18
341 19
341 20
341 21
341 22
341 23
341 24
341 25
341 26
341 27
341 28
341 29
341 30
341 31
341 337
341 340
340 16
340 17
340 18
340 19
340 20
340 21
340 22
340 23
340 24
340 25
340 26
340 27
340 28
340 29
340 30
340 31
340 337
340 347
339 16
339 17
339 18
339 19
339 20
339 21
339 22
339 23
339 24
339 25
339 26
339 27
339 28
339 29
339 30
339 31
339 337
339 338
338 16
338 17
338 18
338 19
338 20
338 21
338 22
338 23
338 24
338 25
338 26
338 27
338 28
338 29
338 30
338 31
338 337
337 16
337 17
337 18
337 19
337 20
337 21
337 22
337 23
337 24
337 25
337 26
337 27
337 28
337 29
337 30
337 31
337 336
337 347
336 16
336 17
336 18
336 19
336 20
336 21
336 22
336 23
336 24
336 25
336 26
336 27
336 28
336 29
336 30
336 31
335 16
335 17
335 18
335 19
335 20
335 21
335 22
335 23
335 24
335 25
335 26
335 27
335 28
335 29
335 30
335 31
334 16
334 17
334 18
334 19
334 20
334 21
334 22
334 23
334 24
334 25
334 26
334 27
334 28
334 29
334 30
334 31
333 16
333 17
333 18
333 19
333 20
333 21
333 22
333 23
333 24
333 25
333 26
333 27
333 28
333 29
333 30
333 31
347 16
347 17
347 18
347 19
347 20
347 21
347 22
347 23
347 24
347 25
347 26
347 27
347 28
347 29
347 30
347 31
204 16
204 17
204 18
204 19
204 20
204 21
204 22
204 23
204 24
204 25
204 26
204 27
204 28
204 29
204 30
204 31
247 16
247 17
247 18
247 19
247 20
247 21
247 22
247 23
247 24
247 25
247 26
247 27
247 28
247 29
247 30
247 31
247 244
246 16
246 17
246 18
246 19
246 20
246 21
246 22
246 23
246 24
246 25
246 26
246 27
246 28
246 29
246 30
246 31
246 244
245 16
245 17
245 18
245 19
245 20
245 21
245 22
245 23
245 24
245 25
245 26
245 27
245 28
245 29
245 30
245 31
245 240
245 242
245 244
244 16
244 17
244 18
244 19
244 20
244 21
244 22
244 23
244 24
244 25
244 26
244 27
244 28
244 29
244 30
244 31
244 35
244 40
244 41
244 50
244 51
244 52
244 240
244 241
244 242
244 249
244 248
244 322
244 321
244 320
244 319
244 318
244 317
244 316
244 315
244 324
244 323
244 330
244 329
244 328
244 327
244 332
244 326
244 325
244 260
244 259
244 258
244 257
244 256
244 255
244 254
244 253
244 252
244 251
244 250
244 270
244 269
244 268
244 267
244 266
244 275
244 274
244 273
244 272
244 271
244 310
244 309
244 308
244 307
244 306
244 305
244 304
244 303
244 302
244 301
244 300
244 299
244 298
244 297
244 311
244 312
244 279
244 278
244 277
244 276
244 292
244 291
244 290
244 289
244 288
244 287
244 286
244 285
244 284
244 283
244 296
244 282
244 281
244 280
244 264
244 263
244 262
244 261
243 16
243 17
243 18
243 19
243 20
243 21
243 22
243 23
243 24
243 25
243 26
243 27
243 28
243 29
243 30
243 31
243 240
243 241
243 242
242 16
242 17
242 18
242 19
242 20
242 21
242 22
242 23
242 24
242 25
242 26
242 27
242 28
242 29
242 30
242 31
242 240
242 241
241 16
241 17
241 18
241 19
241 20
241 21
241 22
241 23
241 24
241 25
241 26
241 27
241 28
241 29
241 30
241 31
241 240
240 16
240 17
240 18
240 19
240 20
240 21
240 22
240 23
240 24
240 25
240 26
240 27
240 28
240 29
240 30
240 31
239 16
239 17
239 18
239 19
239 20
239 21
239 22
239 23
239 24
239 25
239 26
239 27
239 28
239 29
239 30
239 31
239 238
238 16
238 17
238 18
238 19
238 20
238 21
238 22
238 23
238 24
238 25
238 26
238 27
238 28
238 29
238 30
238 31
238 236
237 16
237 17
237 18
237 19
237 20
237 21
237 22
237 23
237 24
237 25
237 26
237 27
237 28
237 29
237 30
237 31
237 236
236 16
236 17
236 18
236 19
236 20
236 21
236 22
236 23
236 24
236 25
236 26
236 27
236 28
236 29
236 30
236 31
249 16
249 17
249 18
249 19
249 20
249 21
249 22
249 23
249 24
249 25
249 26
249 27
249 28
249 29
249 30
249 31
248 16
248 17
248 18
248 19
248 20
248 21
248 22
248 23
248 24
248 25
248 26
248 27
248 28
248 29
248 30
248 31
322 16
322 17
322 18
322 19
322 20
322 21
322 22
322 23
322 24
322 25
322 26
322 27
322 28
322 29
322 30
322 31
322 41
322 50
322 317
322 321
322 324
322 323
322 330
322 329
322 328
322 327
322 332
322 326
322 325
41 16
41 17
41 18
41 19
41 20
41 21
41 22
41 23
41 24
41 25
41 26
41 27
41 28
41 29
41 30
41 31
41 320
41 321
41 317
41 324
41 323
41 50
41 330
41 329
41 328
41 327
41 332
41 326
41 325
321 16
321 17
321 18
321 19
321 20
321 21
321 22
321 23
321 24
321 25
321 26
321 27
321 28
321 29
321 30
321 31
321 50
321 317
321 320
321 324
321 323
321 330
321 329
321 328
321 327
321 332
321 326
321 325
320 16
320 17
320 18
320 19
320 20
320 21
320 22
320 23
320 24
320 25
320 26
320 27
320 28
320 29
320 30
320 31
320 317
320 319
319 16
319 17
319 18
319 19
319 20
319 21
319 22
319 23
319 24
319 25
319 26
319 27
319 28
319 29
319 30
319 31
319 316
319 317
319 318
318 16
318 17
318 18
318 19
318 20
318 21
318 22
318 23
318 24
318 25
318 26
318 27
318 28
318 29
318 30
318 31
318 315
318 316
318 317
317 16
317 17
317 18
317 19
317 20
317 21
317 22
317 23
317 24
317 25
317 26
317 27
317 28
317 29
317 30
317 31
317 50
317 315
317 316
317 324
317 323
317 330
317 329
317 328
317 327
317 332
317 326
317 325
316 16
316 17
316 18
316 19
316 20
316 21
316 22
316 23
316 24
316 25
316 26
316 27
316 28
316 29
316 30
316 31
316 315
315 16
315 17
315 18
315 19
315 20
315 21
315 22
315 23
315 24
315 25
315 26
315 27
315 28
315 29
315 30
315 31
324 16
324 17
324 18
324 19
324 20
324 21
324 22
324 23
324 24
324 25
324 26
324 27
324 28
324 29
324 30
324 31
324 323
324 329
324 328
324 327
323 16
323 17
323 18
323 19
323 20
323 21
323 22
323 23
323 24
323 25
323 26
323 27
323 28
323 29
323 30
323 31
323 327
50 16
50 17
50 18
50 19
50 20
50 21
50 22
50 23
50 24
50 25
50 26
50 27
50 28
50 29
50 30
50 31
50 330
50 328
50 332
330 16
330 17
330 18
330 19
330 20
330 21
330 22
330 23
330 24
330 25
330 26
330 27
330 28
330 29
330 30
330 31
330 328
330 332
329 16
329 17
329 18
329 19
329 20
329 21
329 22
329 23
329 24
329 25
329 26
329 27
329 28
329 29
329 30
329 31
329 328
328 16
328 17
328 18
328 19
328 20
328 21
328 22
328 23
328 24
328 25
328 26
328 27
328 28
328 29
328 30
328 31
328 332
327 16
327 17
327 18
327 19
327 20
327 21
327 22
327 23
327 24
327 25
327 26
327 27
327 28
327 29
327 30
327 31
332 16
332 17
332 18
332 19
332 20
332 21
332 22
332 23
332 24
332 25
332 26
332 27
332 28
332 29
332 30
332 31
326 16
326 17
326 18
326 19
326 20
326 21
326 22
326 23
326 24
326 25
326 26
326 27
326 28
326 29
326 30
326 31
325 16
325 17
325 18
325 19
325 20
325 21
325 22
325 23
325 24
325 25
325 26
325 27
325 28
325 29
325 30
325 31
260 16
260 17
260 18
260 19
260 20
260 21
260 22
260 23
260 24
260 25
260 26
260 27
260 28
260 29
260 30
260 31
259 16
259 17
259 18
259 19
259 20
259 21
259 22
259 23
259 24
259 25
259 26
259 27
259 28
259 29
259 30
259 31
259 255
258 16
258 17
258 18
258 19
258 20
258 21
258 22
258 23
258 24
258 25
258 26
258 27
258 28
258 29
258 30
258 31
258 255
257 16
257 17
257 18
257 19
257 20
257 21
257 22
257 23
257 24
257 25
257 26
257 27
257 28
257 29
257 30
257 31
257 255
257 256
256 16
256 17
256 18
256 19
256 20
256 21
256 22
256 23
256 24
256 25
256 26
256 27
256 28
256 29
256 30
256 31
256 255
255 16
255 17
255 18
255 19
255 20
255 21
255 22
255 23
255 24
255 25
255 26
255 27
255 28
255 29
255 30
255 31
254 16
254 17
254 18
254 19
254 20
254 21
254 22
254 23
254 24
254 25
254 26
254 27
254 28
254 29
254 30
254 31
253 16
253 17
253 18
253 19
253 20
253 21
253 22
253 23
253 24
253 25
253 26
253 27
253 28
253 29
253 30
253 31
252 16
252 17
252 18
252 19
252 20
252 21
252 22
252 23
252 24
252 25
252 26
252 27
252 28
252 29
252 30
252 31
251 16
251 17
251 18
251 19
251 20
251 21
251 22
251 23
251 24
251 25
251 26
251 27
251 28
251 29
251 30
251 31
251 250
250 16
250 17
250 18
250 19
250 20
250 21
250 22
250 23
250 24
250 25
250 26
250 27
250 28
250 29
250 30
250 31
35 16
35 17
35 18
35 19
35 20
35 21
35 22
35 23
35 24
35 25
35 26
35 27
35 28
35 29
35 30
35 31
35 40
35 275
35 274
35 273
35 272
35 271
35 51
35 310
35 309
35 308
35 307
35 306
35 305
35 304
35 303
35 302
35 301
35 300
35 299
35 298
35 297
35 311
35 312
35 279
35 278
35 277
35 276
35 52
35 292
35 291
35 290
35 289
35 288
35 287
35 286
35 285
35 284
35 283
35 296
35 282
35 281
35 280
270 16
270 17
270 18
270 19
270 20
270 21
270 22
270 23
270 24
270 25
270 26
270 27
270 28
270 29
270 30
270 31
270 40
40 16
40 17
40 18
40 19
40 20
40 21
40 22
40 23
40 24
40 25
40 26
40 27
40 28
40 29
40 30
40 31
40 275
40 274
40 273
40 272
40 271
40 51
40 310
40 309
40 308
40 307
40 306
40 305
40 304
40 303
40 302
40 301
40 300
40 299
40 298
40 297
40 311
40 312
40 279
40 278
40 277
40 276
40 52
40 292
40 291
40 290
40 289
40 288
40 287
40 286
40 285
40 284
40 283
40 296
40 282
40 281
40 280
269 16
269 17
269 18
269 19
269 20
269 21
269 22
269 23
269 24
269 25
269 26
269 27
269 28
269 29
269 30
269 31
268 16
268 17
268 18
268 19
268 20
268 21
268 22
268 23
268 24
268 25
268 26
268 27
268 28
268 29
268 30
268 31
267 16
267 17
267 18
267 19
267 20
267 21
267 22
267 23
267 24
267 25
267 26
267 27
267 28
267 29
267 30
267 31
267 266
266 16
266 17
266 18
266 19
266 20
266 21
266 22
266 23
266 24
266 25
266 26
266 27
266 28
266 29
266 30
266 31
275 16
275 17
275 18
275 19
275 20
275 21
275 22
275 23
275 24
275 25
275 26
275 27
275 28
275 29
275 30
275 31
275 273
275 274
274 16
274 17
274 18
274 19
274 20
274 21
274 22
274 23
274 24
274 25
274 26
274 27
274 28
274 29
274 30
274 31
274 51
274 272
274 273
274 310
274 309
274 308
274 307
274 306
274 305
274 304
274 303
274 302
274 301
274 300
274 299
274 298
274 297
274 311
274 312
274 279
274 278
274 277
274 276
274 291
274 290
274 289
274 288
274 287
274 286
274 285
274 284
274 283
273 16
273 17
273 18
273 19
273 20
273 21
273 22
273 23
273 24
273 25
273 26
273 27
273 28
273 29
273 30
273 31
273 271
273 272
273 305
273 304
273 303
273 302
273 301
273 300
273 299
273 298
273 297
272 16
272 17
272 18
272 19
272 20
272 21
272 22
272 23
272 24
272 25
272 26
272 27
272 28
272 29
272 30
272 31
272 271
271 16
271 17
271 18
271 19
271 20
271 21
271 22
271 23
271 24
271 25
271 26
271 27
271 28
271 29
271 30
271 31
51 16
51 17
51 18
51 19
51 20
51 21
51 22
51 23
51 24
51 25
51 26
51 27
51 28
51 29
51 30
51 31
51 310
51 309
51 306
51 303
51 301
51 311
51 312
310 16
310 17
310 18
310 19
310 20
310 21
310 22
310 23
310 24
310 25
310 26
310 27
310 28
310 29
310 30
310 31
310 301
310 303
310 306
310 309
310 311
310 312
309 16
309 17
309 18
309 19
309 20
309 21
309 22
309 23
309 24
309 25
309 26
309 27
309 28
309 29
309 30
309 31
309 301
309 303
309 304
309 306
309 308
309 311
309 312
308 16
308 17
308 18
308 19
308 20
308 21
308 22
308 23
308 24
308 25
308 26
308 27
308 28
308 29
308 30
308 31
308 301
308 303
308 304
308 306
308 307
307 16
307 17
307 18
307 19
307 20
307 21
307 22
307 23
307 24
307 25
307 26
307 27
307 28
307 29
307 30
307 31
307 301
307 303
307 304
307 306
306 16
306 17
306 18
306 19
306 20
306 21
306 22
306 23
306 24
306 25
306 26
306 27
306 28
306 29
306 30
306 31
306 301
306 303
306 304
306 311
306 312
305 16
305 17
305 18
305 19
305 20
305 21
305 22
305 23
305 24
305 25
305 26
305 27
305 28
305 29
305 30
305 31
305 301
305 303
305 304
304 16
304 17
304 18
304 19
304 20
304 21
304 22
304 23
304 24
304 25
304 26
304 27
304 28
304 29
304 30
304 31
304 301
304 303
303 16
303 17
303 18
303 19
303 20
303 21
303 22
303 23
303 24
303 25
303 26
303 27
303 28
303 29
303 30
303 31
303 301
303 302
303 311
303 312
302 16
302 17
302 18
302 19
302 20
302 21
302 22
302 23
302 24
302 25
302 26
302 27
302 28
302 29
302 30
302 31
302 301
301 16
301 17
301 18
301 19
301 20
301 21
301 22
301 23
301 24
301 25
301 26
301 27
301 28
301 29
301 30
301 31
301 299
301 311
301 312
300 16
300 17
300 18
300 19
300 20
300 21
300 22
300 23
300 24
300 25
300 26
300 27
300 28
300 29
300 30
300 31
300 299
299 16
299 17
299 18
299 19
299 20
299 21
299 22
299 23
299 24
299 25
299 26
299 27
299 28
299 29
299 30
299 31
298 16
298 17
298 18
298 19
298 20
298 21
298 22
298 23
298 24
298 25
298 26
298 27
298 28
298 29
298 30
298 31
297 16
297 17
297 18
297 19
297 20
297 21
297 22
297 23
297 24
297 25
297 26
297 27
297 28
297 29
297 30
297 31
311 16
311 17
311 18
311 19
311 20
311 21
311 22
311 23
311 24
311 25
311 26
311 27
311 28
311 29
311 30
311 31
312 16
312 17
312 18
312 19
312 20
312 21
312 22
312 23
312 24
312 25
312 26
312 27
312 28
312 29
312 30
312 31
279 16
279 17
279 18
279 19
279 20
279 21
279 22
279 23
279 24
279 25
279 26
279 27
279 28
279 29
279 30
279 31
278 16
278 17
278 18
278 19
278 20
278 21
278 22
278 23
278 24
278 25
278 26
278 27
278 28
278 29
278 30
278 31
277 16
277 17
277 18
277 19
277 20
277 21
277 22
277 23
277 24
277 25
277 26
277 27
277 28
277 29
277 30
277 31
277 276
276 16
276 17
276 18
276 19
276 20
276 21
276 22
276 23
276 24
276 25
276 26
276 27
276 28
276 29
276 30
276 31
52 16
52 17
52 18
52 19
52 20
52 21
52 22
52 23
52 24
52 25
52 26
52 27
52 28
52 29
52 30
52 31
52 292
52 290
52 287
52 296
292 16
292 17
292 18
292 19
292 20
292 21
292 22
292 23
292 24
292 25
292 26
292 27
292 28
292 29
292 30
292 31
292 287
292 290
292 296
291 16
291 17
291 18
291 19
291 20
291 21
291 22
291 23
291 24
291 25
291 26
291 27
291 28
291 29
291 30
291 31
291 287
291 290
290 16
290 17
290 18
290 19
290 20
290 21
290 22
290 23
290 24
290 25
290 26
290 27
290 28
290 29
290 30
290 31
290 287
290 296
289 16
289 17
289 18
289 19
289 20
289 21
289 22
289 23
289 24
289 25
289 26
289 27
289 28
289 29
289 30
289 31
289 287
289 288
288 16
288 17
288 18
288 19
288 20
288 21
288 22
288 23
288 24
288 25
288 26
288 27
288 28
288 29
288 30
288 31
288 287
287 16
287 17
287 18
287 19
287 20
287 21
287 22
287 23
287 24
287 25
287 26
287 27
287 28
287 29
287 30
287 31
287 286
287 296
286 16
286 17
286 18
286 19
286 20
286 21
286 22
286 23
286 24
286 25
286 26
286 27
286 28
286 29
286 30
286 31
285 16
285 17
285 18
285 19
285 20
285 21
285 22
285 23
285 24
285 25
285 26
285 27
285 28
285 29
285 30
285 31
284 16
284 17
284 18
284 19
284 20
284 21
284 22
284 23
284 24
284 25
284 26
284 27
284 28
284 29
284 30
284 31
283 16
283 17
283 18
283 19
283 20
283 21
283 22
283 23
283 24
283 25
283 26
283 27
283 28
283 29
283 30
283 31
296 16
296 17
296 18
296 19
296 20
296 21
296 22
296 23
296 24
296 25
296 26
296 27
296 28
296 29
296 30
296 31
282 16
282 17
282 18
282 19
282 20
282 21
282 22
282 23
282 24
282 25
282 26
282 27
282 28
282 29
282 30
282 31
281 16
281 17
281 18
281 19
281 20
281 21
281 22
281 23
281 24
281 25
281 26
281 27
281 28
281 29
281 30
281 31
280 16
280 17
280 18
280 19
280 20
280 21
280 22
280 23
280 24
280 25
280 26
280 27
280 28
280 29
280 30
280 31
264 16
264 17
264 18
264 19
264 20
264 21
264 22
264 23
264 24
264 25
264 26
264 27
264 28
264 29
264 30
264 31
263 16
263 17
263 18
263 19
263 20
263 21
263 22
263 23
263 24
263 25
263 26
263 27
263 28
263 29
263 30
263 31
263 262
262 16
262 17
262 18
262 19
262 20
262 21
262 22
262 23
262 24
262 25
262 26
262 27
262 28
262 29
262 30
262 31
261 16
261 17
261 18
261 19
261 20
261 21
261 22
261 23
261 24
261 25
261 26
261 27
261 28
261 29
261 30
261 31
265 16
265 17
265 18
265 19
265 20
265 21
265 22
265 23
265 24
265 25
265 26
265 27
265 28
265 29
265 30
265 31
230 16
230 17
230 18
230 19
230 20
230 21
230 22
230 23
230 24
230 25
230 26
230 27
230 28
230 29
230 30
230 31
230 39
230 49
230 222
230 225
230 227
230 232
230 235
230 231
229 16
229 17
229 18
229 19
229 20
229 21
229 22
229 23
229 24
229 25
229 26
229 27
229 28
229 29
229 30
229 31
229 39
229 222
229 225
229 227
229 228
228 16
228 17
228 18
228 19
228 20
228 21
228 22
228 23
228 24
228 25
228 26
228 27
228 28
228 29
228 30
228 31
228 39
228 222
228 225
228 227
39 16
39 17
39 18
39 19
39 20
39 21
39 22
39 23
39 24
39 25
39 26
39 27
39 28
39 29
39 30
39 31
39 225
39 222
39 224
39 232
39 49
39 235
39 231
39 227
227 16
227 17
227 18
227 19
227 20
227 21
227 22
227 23
227 24
227 25
227 26
227 27
227 28
227 29
227 30
227 31
227 49
227 222
227 224
227 225
227 232
227 235
227 231
226 16
226 17
226 18
226 19
226 20
226 21
226 22
226 23
226 24
226 25
226 26
226 27
226 28
226 29
226 30
226 31
226 222
226 224
226 225
225 16
225 17
225 18
225 19
225 20
225 21
225 22
225 23
225 24
225 25
225 26
225 27
225 28
225 29
225 30
225 31
225 49
225 222
225 224
225 232
225 235
225 231
224 16
224 17
224 18
224 19
224 20
224 21
224 22
224 23
224 24
224 25
224 26
224 27
224 28
224 29
224 30
224 31
224 222
224 223
223 16
223 17
223 18
223 19
223 20
223 21
223 22
223 23
223 24
223 25
223 26
223 27
223 28
223 29
223 30
223 31
223 221
223 222
222 16
222 17
222 18
222 19
222 20
222 21
222 22
222 23
222 24
222 25
222 26
222 27
222 28
222 29
222 30
222 31
222 49
222 220
222 221
222 232
222 235
222 231
221 16
221 17
221 18
221 19
221 20
221 21
221 22
221 23
221 24
221 25
221 26
221 27
221 28
221 29
221 30
221 31
221 220
220 16
220 17
220 18
220 19
220 20
220 21
220 22
220 23
220 24
220 25
220 26
220 27
220 28
220 29
220 30
220 31
232 16
232 17
232 18
232 19
232 20
232 21
232 22
232 23
232 24
232 25
232 26
232 27
232 28
232 29
232 30
232 31
232 49
232 235
49 16
49 17
49 18
49 19
49 20
49 21
49 22
49 23
49 24
49 25
49 26
49 27
49 28
49 29
49 30
49 31
49 235
235 16
235 17
235 18
235 19
235 20
235 21
235 22
235 23
235 24
235 25
235 26
235 27
235 28
235 29
235 30
235 31
231 16
231 17
231 18
231 19
231 20
231 21
231 22
231 23
231 24
231 25
231 26
231 27
231 28
231 29
231 30
231 31
219 16
219 17
219 18
219 19
219 20
219 21
219 22
219 23
219 24
219 25
219 26
219 27
219 28
219 29
219 30
219 31
219 212
219 213
219 214
219 215
219 216
219 217
219 218
218 16
218 17
218 18
218 19
218 20
218 21
218 22
218 23
218 24
218 25
218 26
218 27
218 28
218 29
218 30
218 31
218 212
218 213
218 214
218 215
218 216
218 217
217 16
217 17
217 18
217 19
217 20
217 21
217 22
217 23
217 24
217 25
217 26
217 27
217 28
217 29
217 30
217 31
217 212
217 213
217 214
217 215
217 216
216 16
216 17
216 18
216 19
216 20
216 21
216 22
216 23
216 24
216 25
216 26
216 27
216 28
216 29
216 30
216 31
216 212
216 213
216 214
216 215
215 16
215 17
215 18
215 19
215 20
215 21
215 22
215 23
215 24
215 25
215 26
215 27
215 28
215 29
215 30
215 31
215 212
215 213
215 214
214 16
214 17
214 18
214 19
214 20
214 21
214 22
214 23
214 24
214 25
214 26
214 27
214 28
214 29
214 30
214 31
214 212
214 213
213 16
213 17
213 18
213 19
213 20
213 21
213 22
213 23
213 24
213 25
213 26
213 27
213 28
213 29
213 30
213 31
213 212
212 16
212 17
212 18
212 19
212 20
212 21
212 22
212 23
212 24
212 25
212 26
212 27
212 28
212 29
212 30
212 31
211 16
211 17
211 18
211 19
211 20
211 21
211 22
211 23
211 24
211 25
211 26
211 27
211 28
211 29
211 30
211 31
211 210
210 16
210 17
210 18
210 19
210 20
210 21
210 22
210 23
210 24
210 25
210 26
210 27
210 28
210 29
210 30
210 31
209 16
209 17
209 18
209 19
209 20
209 21
209 22
209 23
209 24
209 25
209 26
209 27
209 28
209 29
209 30
209 31
209 208
208 16
208 17
208 18
208 19
208 20
208 21
208 22
208 23
208 24
208 25
208 26
208 27
208 28
208 29
208 30
208 31
207 16
207 17
207 18
207 19
207 20
207 21
207 22
207 23
207 24
207 25
207 26
207 27
207 28
207 29
207 30
207 31
207 206
206 16
206 17
206 18
206 19
206 20
206 21
206 22
206 23
206 24
206 25
206 26
206 27
206 28
206 29
206 30
206 31
205 16
205 17
205 18
205 19
205 20
205 21
205 22
205 23
205 24
205 25
205 26
205 27
205 28
205 29
205 30
205 31
360 16
360 17
360 18
360 19
360 20
360 21
360 22
360 23
360 24
360 25
360 26
360 27
360 28
360 29
360 30
360 31
115 16
115 17
115 18
115 19
115 20
115 21
115 22
115 23
115 24
115 25
115 26
115 27
115 28
115 29
115 30
115 31
115 34
115 45
115 46
115 114
115 117
115 116
115 131
115 138
115 137
115 136
115 135
115 134
115 133
115 132
115 194
115 193
115 192
115 191
115 190
115 189
115 188
115 187
115 186
115 185
115 184
115 183
115 182
115 181
115 180
115 179
115 178
115 200
115 139
115 168
115 167
115 166
115 165
115 164
115 163
115 162
115 161
115 160
115 159
115 158
115 157
115 156
115 155
115 154
115 153
115 152
115 151
115 150
115 149
115 148
115 147
115 146
115 145
115 144
115 142
115 177
115 141
115 140
115 129
115 128
115 127
115 126
115 125
115 124
115 123
115 122
115 121
115 120
115 119
115 118
114 16
114 17
114 18
114 19
114 20
114 21
114 22
114 23
114 24
114 25
114 26
114 27
114 28
114 29
114 30
114 31
117 16
117 17
117 18
117 19
117 20
117 21
117 22
117 23
117 24
117 25
117 26
117 27
117 28
117 29
117 30
117 31
116 16
116 17
116 18
116 19
116 20
116 21
116 22
116 23
116 24
116 25
116 26
116 27
116 28
116 29
116 30
116 31
34 16
34 17
34 18
34 19
34 20
34 21
34 22
34 23
34 24
34 25
34 26
34 27
34 28
34 29
34 30
34 31
34 138
34 137
34 136
34 135
34 134
34 133
34 132
34 45
34 194
34 193
34 192
34 191
34 190
34 189
34 188
34 187
34 186
34 185
34 184
34 183
34 182
34 181
34 180
34 179
34 178
34 200
34 139
34 46
34 168
34 167
34 166
34 165
34 164
34 163
34 162
34 161
34 160
34 159
34 158
34 157
34 156
34 155
34 154
34 153
34 152
34 151
34 150
34 149
34 148
34 147
34 146
34 145
34 144
34 142
34 177
34 141
34 140
131 16
131 17
131 18
131 19
131 20
131 21
131 22
131 23
131 24
131 25
131 26
131 27
131 28
131 29
131 30
131 31
138 16
138 17
138 18
138 19
138 20
138 21
138 22
138 23
138 24
138 25
138 26
138 27
138 28
138 29
138 30
138 31
138 134
138 136
138 137
137 16
137 17
137 18
137 19
137 20
137 21
137 22
137 23
137 24
137 25
137 26
137 27
137 28
137 29
137 30
137 31
137 45
137 134
137 135
137 136
137 194
137 193
137 192
137 191
137 190
137 189
137 188
137 187
137 186
137 185
137 184
137 183
137 182
137 181
137 180
137 179
137 178
137 200
137 139
137 145
137 144
137 142
136 16
136 17
136 18
136 19
136 20
136 21
136 22
136 23
136 24
136 25
136 26
136 27
136 28
136 29
136 30
136 31
136 134
136 135
135 16
135 17
135 18
135 19
135 20
135 21
135 22
135 23
135 24
135 25
135 26
135 27
135 28
135 29
135 30
135 31
135 134
134 16
134 17
134 18
134 19
134 20
134 21
134 22
134 23
134 24
134 25
134 26
134 27
134 28
134 29
134 30
134 31
134 45
134 194
134 193
134 192
134 191
134 190
134 189
134 188
134 187
134 186
134 185
134 184
134 183
134 182
134 181
134 180
134 179
134 178
134 200
134 139
134 144
134 142
133 16
133 17
133 18
133 19
133 20
133 21
133 22
133 23
133 24
133 25
133 26
133 27
133 28
133 29
133 30
133 31
132 16
132 17
132 18
132 19
132 20
132 21
132 22
132 23
132 24
132 25
132 26
132 27
132 28
132 29
132 30
132 31
45 16
45 17
45 18
45 19
45 20
45 21
45 22
45 23
45 24
45 25
45 26
45 27
45 28
45 29
45 30
45 31
45 194
45 192
45 190
45 185
45 200
194 16
194 17
194 18
194 19
194 20
194 21
194 22
194 23
194 24
194 25
194 26
194 27
194 28
194 29
194 30
194 31
194 185
194 190
194 192
194 200
193 16
193 17
193 18
193 19
193 20
193 21
193 22
193 23
193 24
193 25
193 26
193 27
193 28
193 29
193 30
193 31
193 185
193 186
193 190
193 192
192 16
192 17
192 18
192 19
192 20
192 21
192 22
192 23
192 24
192 25
192 26
192 27
192 28
192 29
192 30
192 31
192 185
192 186
192 190
192 200
191 16
191 17
191 18
191 19
191 20
191 21
191 22
191 23
191 24
191 25
191 26
191 27
191 28
191 29
191 30
191 31
191 185
191 186
191 188
191 190
190 16
190 17
190 18
190 19
190 20
190 21
190 22
190 23
190 24
190 25
190 26
190 27
190 28
190 29
190 30
190 31
190 185
190 186
190 188
190 200
189 16
189 17
189 18
189 19
189 20
189 21
189 22
189 23
189 24
189 25
189 26
189 27
189 28
189 29
189 30
189 31
189 185
189 186
189 187
189 188
188 16
188 17
188 18
188 19
188 20
188 21
188 22
188 23
188 24
188 25
188 26
188 27
188 28
188 29
188 30
188 31
188 185
188 186
188 187
187 16
187 17
187 18
187 19
187 20
187 21
187 22
187 23
187 24
187 25
187 26
187 27
187 28
187 29
187 30
187 31
187 183
187 185
187 186
186 16
186 17
186 18
186 19
186 20
186 21
186 22
186 23
186 24
186 25
186 26
186 27
186 28
186 29
186 30
186 31
186 182
186 183
186 185
185 16
185 17
185 18
185 19
185 20
185 21
185 22
185 23
185 24
185 25
185 26
185 27
185 28
185 29
185 30
185 31
185 182
185 183
185 184
185 200
184 16
184 17
184 18
184 19
184 20
184 21
184 22
184 23
184 24
184 25
184 26
184 27
184 28
184 29
184 30
184 31
184 182
184 183
183 16
183 17
183 18
183 19
183 20
183 21
183 22
183 23
183 24
183 25
183 26
183 27
183 28
183 29
183 30
183 31
183 181
183 182
182 16
182 17
182 18
182 19
182 20
182 21
182 22
182 23
182 24
182 25
182 26
182 27
182 28
182 29
182 30
182 31
182 180
182 181
181 16
181 17
181 18
181 19
181 20
181 21
181 22
181 23
181 24
181 25
181 26
181 27
181 28
181 29
181 30
181 31
181 179
181 180
180 16
180 17
180 18
180 19
180 20
180 21
180 22
180 23
180 24
180 25
180 26
180 27
180 28
180 29
180 30
180 31
180 179
179 16
179 17
179 18
179 19
179 20
179 21
179 22
179 23
179 24
179 25
179 26
179 27
179 28
179 29
179 30
179 31
178 16
178 17
178 18
178 19
178 20
178 21
178 22
178 23
178 24
178 25
178 26
178 27
178 28
178 29
178 30
178 31
200 16
200 17
200 18
200 19
200 20
200 21
200 22
200 23
200 24
200 25
200 26
200 27
200 28
200 29
200 30
200 31
139 16
139 17
139 18
139 19
139 20
139 21
139 22
139 23
139 24
139 25
139 26
139 27
139 28
139 29
139 30
139 31
46 16
46 17
46 18
46 19
46 20
46 21
46 22
46 23
46 24
46 25
46 26
46 27
46 28
46 29
46 30
46 31
46 168
46 166
46 164
46 163
46 160
46 154
46 177
168 16
168 17
168 18
168 19
168 20
168 21
168 22
168 23
168 24
168 25
168 26
168 27
168 28
168 29
168 30
168 31
168 154
168 160
168 163
168 164
168 166
168 177
167 16
167 17
167 18
167 19
167 20
167 21
167 22
167 23
167 24
167 25
167 26
167 27
167 28
167 29
167 30
167 31
167 154
167 156
167 160
167 163
167 164
167 166
166 16
166 17
166 18
166 19
166 20
166 21
166 22
166 23
166 24
166 25
166 26
166 27
166 28
166 29
166 30
166 31
166 154
166 156
166 160
166 163
166 164
166 177
165 16
165 17
165 18
165 19
165 20
165 21
165 22
165 23
165 24
165 25
165 26
165 27
165 28
165 29
165 30
165 31
165 154
165 156
165 158
165 160
165 163
165 164
164 16
164 17
164 18
164 19
164 20
164 21
164 22
164 23
164 24
164 25
164 26
164 27
164 28
164 29
164 30
164 31
164 154
164 156
164 158
164 160
164 163
164 177
163 16
163 17
163 18
163 19
163 20
163 21
163 22
163 23
163 24
163 25
163 26
163 27
163 28
163 29
163 30
163 31
163 154
163 156
163 157
163 158
163 160
163 162
163 177
162 16
162 17
162 18
162 19
162 20
162 21
162 22
162 23
162 24
162 25
162 26
162 27
162 28
162 29
162 30
162 31
162 154
162 156
162 157
162 158
162 160
162 161
161 16
161 17
161 18
161 19
161 20
161 21
161 22
161 23
161 24
161 25
161 26
161 27
161 28
161 29
161 30
161 31
161 154
161 156
161 157
161 158
161 160
160 16
160 17
160 18
160 19
160 20
160 21
160 22
160 23
160 24
160 25
160 26
160 27
160 28
160 29
160 30
160 31
160 154
160 156
160 157
160 158
160 177
159 16
159 17
159 18
159 19
159 20
159 21
159 22
159 23
159 24
159 25
159 26
159 27
159 28
159 29
159 30
159 31
159 154
159 155
159 156
159 157
159 158
158 16
158 17
158 18
158 19
158 20
158 21
158 22
158 23
158 24
158 25
158 26
158 27
158 28
158 29
158 30
158 31
158 154
158 155
158 156
158 157
157 16
157 17
157 18
157 19
157 20
157 21
157 22
157 23
157 24
157 25
157 26
157 27
157 28
157 29
157 30
157 31
157 153
157 154
157 155
157 156
156 16
156 17
156 18
156 19
156 20
156 21
156 22
156 23
156 24
156 25
156 26
156 27
156 28
156 29
156 30
156 31
156 152
156 153
156 154
156 155
155 16
155 17
155 18
155 19
155 20
155 21
155 22
155 23
155 24
155 25
155 26
155 27
155 28
155 29
155 30
155 31
155 151
155 152
155 153
155 154
154 16
154 17
154 18
154 19
154 20
154 21
154 22
154 23
154 24
154 25
154 26
154 27
154 28
154 29
154 30
154 31
154 150
154 151
154 152
154 153
154 177
153 16
153 17
153 18
153 19
153 20
153 21
153 22
153 23
153 24
153 25
153 26
153 27
153 28
153 29
153 30
153 31
153 150
153 151
153 152
152 16
152 17
152 18
152 19
152 20
152 21
152 22
152 23
152 24
152 25
152 26
152 27
152 28
152 29
152 30
152 31
152 145
152 150
152 151
151 16
151 17
151 18
151 19
151 20
151 21
151 22
151 23
151 24
151 25
151 26
151 27
151 28
151 29
151 30
151 31
151 144
151 145
151 150
150 16
150 17
150 18
150 19
150 20
150 21
150 22
150 23
150 24
150 25
150 26
150 27
150 28
150 29
150 30
150 31
150 144
150 145
150 149
149 16
149 17
149 18
149 19
149 20
149 21
149 22
149 23
149 24
149 25
149 26
149 27
149 28
149 29
149 30
149 31
149 144
149 145
149 146
148 16
148 17
148 18
148 19
148 20
148 21
148 22
148 23
148 24
148 25
148 26
148 27
148 28
148 29
148 30
148 31
148 144
148 145
148 146
147 16
147 17
147 18
147 19
147 20
147 21
147 22
147 23
147 24
147 25
147 26
147 27
147 28
147 29
147 30
147 31
147 144
147 145
147 146
146 16
146 17
146 18
146 19
146 20
146 21
146 22
146 23
146 24
146 25
146 26
146 27
146 28
146 29
146 30
146 31
146 144
146 145
145 16
145 17
145 18
145 19
145 20
145 21
145 22
145 23
145 24
145 25
145 26
145 27
145 28
145 29
145 30
145 31
145 144
144 16
144 17
144 18
144 19
144 20
144 21
144 22
144 23
144 24
144 25
144 26
144 27
144 28
144 29
144 30
144 31
142 16
142 17
142 18
142 19
142 20
142 21
142 22
142 23
142 24
142 25
142 26
142 27
142 28
142 29
142 30
142 31
177 16
177 17
177 18
177 19
177 20
177 21
177 22
177 23
177 24
177 25
177 26
177 27
177 28
177 29
177 30
177 31
141 16
141 17
141 18
141 19
141 20
141 21
141 22
141 23
141 24
141 25
141 26
141 27
141 28
141 29
141 30
141 31
140 16
140 17
140 18
140 19
140 20
140 21
140 22
140 23
140 24
140 25
140 26
140 27
140 28
140 29
140 30
140 31
129 16
129 17
129 18
129 19
129 20
129 21
129 22
129 23
129 24
129 25
129 26
129 27
129 28
129 29
129 30
129 31
128 16
128 17
128 18
128 19
128 20
128 21
128 22
128 23
128 24
128 25
128 26
128 27
128 28
128 29
128 30
128 31
128 127
127 16
127 17
127 18
127 19
127 20
127 21
127 22
127 23
127 24
127 25
127 26
127 27
127 28
127 29
127 30
127 31
126 16
126 17
126 18
126 19
126 20
126 21
126 22
126 23
126 24
126 25
126 26
126 27
126 28
126 29
126 30
126 31
125 16
125 17
125 18
125 19
125 20
125 21
125 22
125 23
125 24
125 25
125 26
125 27
125 28
125 29
125 30
125 31
124 16
124 17
124 18
124 19
124 20
124 21
124 22
124 23
124 24
124 25
124 26
124 27
124 28
124 29
124 30
124 31
123 16
123 17
123 18
123 19
123 20
123 21
123 22
123 23
123 24
123 25
123 26
123 27
123 28
123 29
123 30
123 31
123 122
122 16
122 17
122 18
122 19
122 20
122 21
122 22
122 23
122 24
122 25
122 26
122 27
122 28
122 29
122 30
122 31
121 16
121 17
121 18
121 19
121 20
121 21
121 22
121 23
121 24
121 25
121 26
121 27
121 28
121 29
121 30
121 31
120 16
120 17
120 18
120 19
120 20
120 21
120 22
120 23
120 24
120 25
120 26
120 27
120 28
120 29
120 30
120 31
119 16
119 17
119 18
119 19
119 20
119 21
119 22
119 23
119 24
119 25
119 26
119 27
119 28
119 29
119 30
119 31
119 118
118 16
118 17
118 18
118 19
118 20
118 21
118 22
118 23
118 24
118 25
118 26
118 27
118 28
118 29
118 30
118 31
130 16
130 17
130 18
130 19
130 20
130 21
130 22
130 23
130 24
130 25
130 26
130 27
130 28
130 29
130 30
130 31
95 16
95 17
95 18
95 19
95 20
95 21
95 22
95 23
95 24
95 25
95 26
95 27
95 28
95 29
95 30
95 31
95 42
95 43
95 82
95 86
95 92
95 93
94 16
94 17
94 18
94 19
94 20
94 21
94 22
94 23
94 24
94 25
94 26
94 27
94 28
94 29
94 30
94 31
94 42
94 43
94 82
94 86
94 88
94 92
94 93
93 16
93 17
93 18
93 19
93 20
93 21
93 22
93 23
93 24
93 25
93 26
93 27
93 28
93 29
93 30
93 31
93 42
93 43
93 44
93 82
93 86
93 88
93 92
93 96
93 102
93 101
93 100
93 99
93 104
93 98
93 97
92 16
92 17
92 18
92 19
92 20
92 21
92 22
92 23
92 24
92 25
92 26
92 27
92 28
92 29
92 30
92 31
92 42
92 43
92 44
92 82
92 86
92 88
92 89
92 91
92 96
92 102
92 101
92 100
92 99
92 104
92 98
92 97
91 16
91 17
91 18
91 19
91 20
91 21
91 22
91 23
91 24
91 25
91 26
91 27
91 28
91 29
91 30
91 31
91 42
91 43
91 82
91 86
91 88
91 89
91 90
90 16
90 17
90 18
90 19
90 20
90 21
90 22
90 23
90 24
90 25
90 26
90 27
90 28
90 29
90 30
90 31
90 42
90 43
90 82
90 86
90 88
90 89
89 16
89 17
89 18
89 19
89 20
89 21
89 22
89 23
89 24
89 25
89 26
89 27
89 28
89 29
89 30
89 31
89 42
89 43
89 82
89 86
89 88
88 16
88 17
88 18
88 19
88 20
88 21
88 22
88 23
88 24
88 25
88 26
88 27
88 28
88 29
88 30
88 31
88 42
88 43
88 82
88 85
88 86
42 16
42 17
42 18
42 19
42 20
42 21
42 22
42 23
42 24
42 25
42 26
42 27
42 28
42 29
42 30
42 31
42 86
42 84
42 43
42 85
42 96
42 102
42 101
42 100
42 44
42 99
42 104
42 98
42 82
42 97
43 16
43 17
43 18
43 19
43 20
43 21
43 22
43 23
43 24
43 25
43 26
43 27
43 28
43 29
43 30
43 31
43 82
43 86
43 84
43 85
43 96
43 102
43 101
43 100
43 44
43 99
43 104
43 98
43 97
87 16
87 17
87 18
87 19
87 20
87 21
87 22
87 23
87 24
87 25
87 26
87 27
87 28
87 29
87 30
87 31
87 82
87 84
87 85
87 86
86 16
86 17
86 18
86 19
86 20
86 21
86 22
86 23
86 24
86 25
86 26
86 27
86 28
86 29
86 30
86 31
86 44
86 82
86 84
86 85
86 96
86 102
86 101
86 100
86 99
86 104
86 98
86 97
85 16
85 17
85 18
85 19
85 20
85 21
85 22
85 23
85 24
85 25
85 26
85 27
85 28
85 29
85 30
85 31
85 82
85 83
85 84
84 16
84 17
84 18
84 19
84 20
84 21
84 22
84 23
84 24
84 25
84 26
84 27
84 28
84 29
84 30
84 31
84 80
84 82
84 83
83 16
83 17
83 18
83 19
83 20
83 21
83 22
83 23
83 24
83 25
83 26
83 27
83 28
83 29
83 30
83 31
83 80
83 82
82 16
82 17
82 18
82 19
82 20
82 21
82 22
82 23
82 24
82 25
82 26
82 27
82 28
82 29
82 30
82 31
82 44
82 79
82 80
82 96
82 102
82 101
82 100
82 99
82 104
82 98
82 97
81 16
81 17
81 18
81 19
81 20
81 21
81 22
81 23
81 24
81 25
81 26
81 27
81 28
81 29
81 30
81 31
81 79
81 80
80 16
80 17
80 18
80 19
80 20
80 21
80 22
80 23
80 24
80 25
80 26
80 27
80 28
80 29
80 30
80 31
80 79
79 16
79 17
79 18
79 19
79 20
79 21
79 22
79 23
79 24
79 25
79 26
79 27
79 28
79 29
79 30
79 31
96 16
96 17
96 18
96 19
96 20
96 21
96 22
96 23
96 24
96 25
96 26
96 27
96 28
96 29
96 30
96 31
102 16
102 17
102 18
102 19
102 20
102 21
102 22
102 23
102 24
102 25
102 26
102 27
102 28
102 29
102 30
102 31
102 44
102 100
102 101
102 104
101 16
101 17
101 18
101 19
101 20
101 21
101 22
101 23
101 24
101 25
101 26
101 27
101 28
101 29
101 30
101 31
101 44
101 99
101 100
101 104
100 16
100 17
100 18
100 19
100 20
100 21
100 22
100 23
100 24
100 25
100 26
100 27
100 28
100 29
100 30
100 31
100 44
100 99
100 104
44 16
44 17
44 18
44 19
44 20
44 21
44 22
44 23
44 24
44 25
44 26
44 27
44 28
44 29
44 30
44 31
44 99
44 104
99 16
99 17
99 18
99 19
99 20
99 21
99 22
99 23
99 24
99 25
99 26
99 27
99 28
99 29
99 30
99 31
104 16
104 17
104 18
104 19
104 20
104 21
104 22
104 23
104 24
104 25
104 26
104 27
104 28
104 29
104 30
104 31
98 16
98 17
98 18
98 19
98 20
98 21
98 22
98 23
98 24
98 25
98 26
98 27
98 28
98 29
98 30
98 31
97 16
97 17
97 18
97 19
97 20
97 21
97 22
97 23
97 24
97 25
97 26
97 27
97 28
97 29
97 30
97 31
16 17
16 18
16 19
16 20
16 21
16 22
16 23
16 24
16 25
16 26
16 27
16 28
16 29
16 30
16 31
17 18
17 19
17 20
17 21
17 22
17 23
17 24
17 25
17 26
17 27
17 28
17 29
17 30
17 31
18 19
18 20
18 21
18 22
18 23
18 24
18 25
18 26
18 27
18 28
18 29
18 30
18 31
19 20
19 21
19 22
19 23
19 24
19 25
19 26
19 27
19 28
19 29
19 30
19 31
20 21
20 22
20 23
20 24
20 25
20 26
20 27
20 28
20 29
20 30
20 31
21 22
21 23
21 24
21 25
21 26
21 27
21 28
21 29
21 30
21 31
22 23
22 24
22 25
22 26
22 27
22 28
22 29
22 30
22 31
23 24
23 25
23 26
23 27
23 28
23 29
23 30
23 31
24 25
24 26
24 27
24 28
24 29
24 30
24 31
25 26
25 27
25 28
25 29
25 30
25 31
26 27
26 28
26 29
26 30
26 31
27 28
27 29
27 30
27 31
28 29
28 30
28 31
29 30
29 31
30 31
