269 11654
0 1
0 2
0 3
0 4
0 5
0 6
0 7
0 8
0 9
0 10
0 11
0 12
0 13
0 14
0 15
0 44
0 70
0 71
0 72
0 73
0 74
0 75
0 76
0 77
0 78
0 109
0 127
0 147
0 148
0 149
0 150
0 151
0 152
0 153
0 154
0 170
0 171
0 172
0 173
0 174
0 186
0 187
0 216
0 217
0 218
0 231
0 232
0 244
0 255
0 256
0 257
0 267
0 92
0 91
0 90
0 89
0 88
0 87
0 86
0 85
0 84
0 83
0 82
0 32
0 81
0 80
0 79
0 69
0 68
0 67
0 66
0 65
0 64
0 63
0 62
0 45
0 41
0 36
0 114
0 113
0 112
0 111
0 47
0 38
0 56
0 266
0 265
0 264
0 263
0 262
0 261
0 260
0 259
0 268
0 46
0 33
0 39
0 57
0 254
0 253
0 252
0 251
0 250
0 249
0 248
0 247
0 246
0 258
0 37
0 197
0 196
0 195
0 194
0 193
0 192
0 191
0 190
0 189
0 198
0 238
0 50
0 237
0 236
0 235
0 234
0 233
0 240
0 239
0 59
0 243
0 242
0 245
0 241
0 201
0 40
0 200
0 199
0 35
0 49
0 204
0 203
0 207
0 206
0 205
0 60
0 228
0 227
0 226
0 225
0 224
0 223
0 222
0 221
0 220
0 229
0 230
0 61
0 215
0 214
0 213
0 212
0 211
0 210
0 209
0 219
0 208
0 202
0 43
0 183
0 182
0 48
0 181
0 180
0 179
0 178
0 177
0 176
0 58
0 185
0 188
0 184
0 116
0 115
0 117
0 34
0 124
0 123
0 122
0 121
0 54
0 169
0 168
0 167
0 166
0 165
0 164
0 163
0 162
0 161
0 160
0 159
0 158
0 157
0 156
0 175
0 55
0 146
0 145
0 144
0 143
0 142
0 141
0 140
0 139
0 138
0 137
0 136
0 135
0 134
0 133
0 132
0 131
0 130
0 129
0 128
0 126
0 155
0 125
0 120
0 42
0 119
0 118
0 104
0 103
0 102
0 101
0 100
0 52
0 51
0 99
0 98
0 97
0 96
0 95
0 94
0 93
0 53
0 108
0 107
0 106
0 110
0 105
1 2
1 3
1 4
1 5
1 6
1 7
1 8
1 9
1 10
1 11
1 12
1 13
1 14
1 15
1 44
1 70
1 71
1 72
1 73
1 74
1 75
1 76
1 77
1 78
1 109
1 127
1 147
1 148
1 149
1 150
1 151
1 152
1 153
1 154
1 170
1 171
1 172
1 173
1 174
1 186
1 187
1 216
1 217
1 218
1 231
1 232
1 244
1 255
1 256
1 257
1 267
1 92
1 91
1 90
1 89
1 88
1 87
1 86
1 85
1 84
1 83
1 82
1 32
1 81
1 80
1 79
1 69
1 68
1 67
1 66
1 65
1 64
1 63
1 62
1 45
1 41
1 36
1 114
1 113
1 112
1 111
1 47
1 38
1 40
1 56
1 266
1 265
1 264
1 263
1 262
1 261
1 260
1 259
1 268
1 46
1 33
1 39
1 57
1 254
1 253
1 252
1 251
1 250
1 249
1 248
1 247
1 246
1 258
1 37
1 43
1 197
1 196
1 195
1 194
1 193
1 192
1 191
1 190
1 189
1 198
1 238
1 50
1 237
1 236
1 235
1 234
1 233
1 240
1 239
1 59
1 243
1 242
1 245
1 241
1 201
1 200
1 199
1 35
1 49
1 204
1 203
1 207
1 206
1 205
1 60
1 228
1 227
1 226
1 225
1 224
1 223
1 222
1 221
1 220
1 229
1 230
1 61
1 215
1 214
1 213
1 212
1 211
1 210
1 209
1 219
1 208
1 202
1 183
1 182
1 48
1 181
1 180
1 179
1 178
1 177
1 176
1 58
1 185
1 188
1 184
1 42
1 116
1 115
1 117
1 34
1 124
1 123
1 122
1 121
1 54
1 169
1 168
1 167
1 166
1 165
1 164
1 163
1 162
1 161
1 160
1 159
1 158
1 157
1 156
1 175
1 55
1 146
1 145
1 144
1 143
1 142
1 141
1 140
1 139
1 138
1 137
1 136
1 135
1 134
1 133
1 132
1 131
1 130
1 129
1 128
1 126
1 155
1 125
1 120
1 119
1 118
1 104
1 103
1 102
1 101
1 100
1 52
1 51
1 99
1 98
1 97
1 96
1 95
1 94
1 93
1 53
1 108
1 107
1 106
1 110
1 105
2 3
2 4
2 5
2 6
2 7
2 8
2 9
2 10
2 11
2 12
2 13
2 14
2 15
2 44
2 70
2 71
2 72
2 73
2 74
2 75
2 76
2 77
2 78
2 109
2 127
2 147
2 148
2 149
2 150
2 151
2 152
2 153
2 154
2 170
2 171
2 172
2 173
2 174
2 186
2 187
2 216
2 217
2 218
2 231
2 232
2 244
2 255
2 256
2 257
2 267
3 4
3 5
3 6
3 7
3 8
3 9
3 10
3 11
3 12
3 13
3 14
3 15
3 44
3 70
3 71
3 72
3 73
3 74
3 75
3 76
3 77
3 78
3 109
3 127
3 147
3 148
3 149
3 150
3 151
3 152
3 153
3 154
3 170
3 171
3 172
3 173
3 174
3 186
3 187
3 216
3 217
3 218
3 231
3 232
3 244
3 255
3 256
3 257
3 267
4 5
4 6
4 7
4 8
4 9
4 10
4 11
4 12
4 13
4 14
4 15
4 44
4 70
4 71
4 72
4 73
4 74
4 75
4 76
4 77
4 78
4 109
4 127
4 147
4 148
4 149
4 150
4 151
4 152
4 153
4 154
4 170
4 171
4 172
4 173
4 174
4 186
4 187
4 216
4 217
4 218
4 231
4 232
4 244
4 255
4 256
4 257
4 267
4 62
5 6
5 7
5 8
5 9
5 10
5 11
5 12
5 13
5 14
5 15
5 44
5 70
5 71
5 72
5 73
5 74
5 75
5 76
5 77
5 78
5 109
5 127
5 147
5 148
5 149
5 150
5 151
5 152
5 153
5 154
5 170
5 171
5 172
5 173
5 174
5 186
5 187
5 216
5 217
5 218
5 231
5 232
5 244
5 255
5 256
5 257
5 267
5 63
5 62
6 7
6 8
6 9
6 10
6 11
6 12
6 13
6 14
6 15
6 44
6 70
6 71
6 72
6 73
6 74
6 75
6 76
6 77
6 78
6 109
6 127
6 147
6 148
6 149
6 150
6 151
6 152
6 153
6 154
6 170
6 171
6 172
6 173
6 174
6 186
6 187
6 216
6 217
6 218
6 231
6 232
6 244
6 255
6 256
6 257
6 267
6 64
6 63
6 62
7 8
7 9
7 10
7 11
7 12
7 13
7 14
7 15
7 44
7 70
7 71
7 72
7 73
7 74
7 75
7 76
7 77
7 78
7 109
7 127
7 147
7 148
7 149
7 150
7 151
7 152
7 153
7 154
7 170
7 171
7 172
7 173
7 174
7 186
7 187
7 216
7 217
7 218
7 231
7 232
7 244
7 255
7 256
7 257
7 267
7 65
7 64
7 63
7 62
8 9
8 10
8 11
8 12
8 13
8 14
8 15
8 44
8 70
8 71
8 72
8 73
8 74
8 75
8 76
8 77
8 78
8 109
8 127
8 147
8 148
8 149
8 150
8 151
8 152
8 153
8 154
8 170
8 171
8 172
8 173
8 174
8 186
8 187
8 216
8 217
8 218
8 231
8 232
8 244
8 255
8 256
8 257
8 267
8 66
8 65
8 64
8 63
8 62
9 10
9 11
9 12
9 13
9 14
9 15
9 44
9 70
9 71
9 72
9 73
9 74
9 75
9 76
9 77
9 78
9 109
9 127
9 147
9 148
9 149
9 150
9 151
9 152
9 153
9 154
9 170
9 171
9 172
9 173
9 174
9 186
9 187
9 216
9 217
9 218
9 231
9 232
9 244
9 255
9 256
9 257
9 267
9 67
9 66
9 65
9 64
9 63
9 62
10 11
10 12
10 13
10 14
10 15
10 44
10 70
10 71
10 72
10 73
10 74
10 75
10 76
10 77
10 78
10 109
10 127
10 147
10 148
10 149
10 150
10 151
10 152
10 153
10 154
10 170
10 171
10 172
10 173
10 174
10 186
10 187
10 216
10 217
10 218
10 231
10 232
10 244
10 255
10 256
10 257
10 267
10 69
10 68
10 67
10 66
10 65
10 64
10 63
10 62
10 92
10 90
10 88
10 87
10 86
10 84
10 82
10 81
10 79
10 41
10 40
10 89
10 113
10 111
10 91
10 85
10 83
10 47
10 80
10 196
10 194
10 206
10 192
10 49
10 190
10 204
10 189
10 195
10 207
10 37
10 43
10 197
10 35
10 123
10 115
10 116
10 124
10 122
10 42
10 36
10 34
11 12
11 13
11 14
11 15
11 44
11 70
11 71
11 72
11 73
11 74
11 75
11 76
11 77
11 78
11 109
11 127
11 147
11 148
11 149
11 150
11 151
11 152
11 153
11 154
11 170
11 171
11 172
11 173
11 174
11 186
11 187
11 216
11 217
11 218
11 231
11 232
11 244
11 255
11 256
11 257
11 267
11 80
11 79
11 69
11 68
11 67
11 66
11 65
11 64
11 63
11 62
11 92
11 90
11 88
11 87
11 86
11 84
11 82
11 81
11 41
11 40
11 89
11 113
11 111
11 91
11 85
11 83
11 47
11 196
11 194
11 206
11 192
11 49
11 190
11 204
11 189
11 195
11 207
11 37
11 43
11 197
11 35
11 123
11 115
11 116
11 124
11 122
11 42
11 36
11 34
12 13
12 14
12 15
12 44
12 70
12 71
12 72
12 73
12 74
12 75
12 76
12 77
12 78
12 109
12 127
12 147
12 148
12 149
12 150
12 151
12 152
12 153
12 154
12 170
12 171
12 172
12 173
12 174
12 186
12 187
12 216
12 217
12 218
12 231
12 232
12 244
12 255
12 256
12 257
12 267
12 32
12 81
12 80
12 79
12 69
12 68
12 67
12 66
12 65
12 64
12 63
12 62
12 92
12 90
12 88
12 87
12 86
12 84
12 82
12 41
12 40
12 89
12 113
12 111
12 91
12 85
12 83
12 47
12 196
12 194
12 206
12 192
12 49
12 190
12 204
12 189
12 195
12 207
12 37
12 43
12 197
12 35
12 123
12 115
12 116
12 124
12 122
12 42
12 36
12 34
13 14
13 15
13 44
13 70
13 71
13 72
13 73
13 74
13 75
13 76
13 77
13 78
13 109
13 127
13 147
13 148
13 149
13 150
13 151
13 152
13 153
13 154
13 170
13 171
13 172
13 173
13 174
13 186
13 187
13 216
13 217
13 218
13 231
13 232
13 244
13 255
13 256
13 257
13 267
13 83
13 82
13 32
13 81
13 80
13 79
13 69
13 68
13 67
13 66
13 65
13 64
13 63
13 62
13 92
13 90
13 88
13 87
13 86
13 84
13 41
13 40
13 89
13 113
13 111
13 91
13 85
13 47
13 196
13 194
13 206
13 192
13 49
13 190
13 204
13 189
13 195
13 207
13 37
13 43
13 197
13 35
13 123
13 115
13 116
13 124
13 122
13 42
13 36
13 34
14 15
14 44
14 70
14 71
14 72
14 73
14 74
14 75
14 76
14 77
14 78
14 109
14 127
14 147
14 148
14 149
14 150
14 151
14 152
14 153
14 154
14 170
14 171
14 172
14 173
14 174
14 186
14 187
14 216
14 217
14 218
14 231
14 232
14 244
14 255
14 256
14 257
14 267
14 92
14 90
14 88
14 87
14 86
14 84
14 82
14 81
14 79
14 41
14 40
14 89
14 113
14 111
14 91
14 85
14 83
14 47
14 80
14 69
14 68
14 67
14 66
14 65
14 64
14 63
14 62
14 196
14 194
14 206
14 192
14 49
14 190
14 204
14 189
14 195
14 207
14 37
14 43
14 197
14 35
14 123
14 115
14 116
14 124
14 122
14 42
14 36
14 34
15 44
15 70
15 71
15 72
15 73
15 74
15 75
15 76
15 77
15 78
15 109
15 127
15 147
15 148
15 149
15 150
15 151
15 152
15 153
15 154
15 170
15 171
15 172
15 173
15 174
15 186
15 187
15 216
15 217
15 218
15 231
15 232
15 244
15 255
15 256
15 257
15 267
15 68
15 67
15 66
15 65
15 64
15 63
15 62
15 92
15 90
15 88
15 87
15 86
15 84
15 82
15 81
15 79
15 41
15 40
15 89
15 113
15 111
15 91
15 85
15 83
15 47
15 80
15 69
15 196
15 194
15 206
15 192
15 49
15 190
15 204
15 189
15 195
15 207
15 37
15 43
15 197
15 35
15 123
15 115
15 116
15 124
15 122
15 42
15 36
15 34
44 16
44 78
44 77
44 76
44 75
44 74
44 73
44 72
44 71
44 70
44 232
44 231
70 16
70 18
70 19
70 20
70 21
70 22
70 23
70 24
70 25
70 26
70 27
70 28
70 29
70 30
70 31
70 78
70 77
70 76
70 75
70 74
70 73
70 72
70 71
70 267
70 257
70 256
70 255
70 244
70 232
70 231
70 218
70 217
70 216
70 187
70 186
70 174
70 173
70 172
70 171
70 170
70 127
70 154
70 153
70 152
70 151
70 150
70 149
70 148
70 147
70 109
71 16
71 19
71 20
71 21
71 22
71 23
71 24
71 25
71 26
71 27
71 28
71 29
71 30
71 31
71 78
71 77
71 76
71 75
71 74
71 73
71 72
71 267
71 257
71 256
71 255
71 244
71 232
71 231
71 218
71 217
71 216
71 187
71 186
71 174
71 173
71 172
71 171
71 170
71 127
71 154
71 153
71 152
71 151
71 150
71 149
71 148
71 147
71 109
72 16
72 20
72 21
72 22
72 23
72 24
72 25
72 26
72 27
72 28
72 29
72 30
72 31
72 78
72 77
72 76
72 75
72 74
72 73
72 267
72 257
72 256
72 255
72 244
72 232
72 231
72 218
72 217
72 216
72 187
72 186
72 174
72 173
72 172
72 171
72 170
72 127
72 154
72 153
72 152
72 151
72 150
72 149
72 148
72 147
72 109
73 16
73 21
73 22
73 23
73 24
73 25
73 26
73 27
73 28
73 29
73 30
73 31
73 78
73 77
73 76
73 75
73 74
73 267
73 257
73 256
73 255
73 244
73 232
73 231
73 218
73 217
73 216
73 187
73 186
73 174
73 173
73 172
73 171
73 170
73 127
73 154
73 153
73 152
73 151
73 150
73 149
73 148
73 147
73 109
74 16
74 22
74 23
74 24
74 25
74 26
74 27
74 28
74 29
74 30
74 31
74 78
74 77
74 76
74 75
74 267
74 257
74 256
74 255
74 244
74 232
74 231
74 218
74 217
74 216
74 187
74 186
74 174
74 173
74 172
74 171
74 170
74 127
74 154
74 153
74 152
74 151
74 150
74 149
74 148
74 147
74 109
75 16
75 23
75 24
75 25
75 26
75 27
75 28
75 29
75 30
75 31
75 78
75 77
75 76
75 267
75 257
75 256
75 255
75 244
75 232
75 231
75 218
75 217
75 216
75 187
75 186
75 174
75 173
75 172
75 171
75 170
75 127
75 154
75 153
75 152
75 151
75 150
75 149
75 148
75 147
75 109
76 16
76 24
76 25
76 26
76 27
76 28
76 29
76 30
76 31
76 78
76 77
76 267
76 257
76 256
76 255
76 244
76 232
76 231
76 218
76 217
76 216
76 187
76 186
76 174
76 173
76 172
76 171
76 170
76 127
76 154
76 153
76 152
76 151
76 150
76 149
76 148
76 147
76 109
77 16
77 25
77 26
77 27
77 28
77 29
77 30
77 31
77 78
77 267
77 257
77 256
77 255
77 244
77 232
77 231
77 218
77 217
77 216
77 187
77 186
77 174
77 173
77 172
77 171
77 170
77 127
77 154
77 153
77 152
77 151
77 150
77 149
77 148
77 147
77 109
78 16
78 26
78 27
78 28
78 29
78 30
78 31
78 267
78 257
78 256
78 255
78 244
78 232
78 231
78 218
78 217
78 216
78 187
78 186
78 174
78 173
78 172
78 171
78 170
78 127
78 154
78 153
78 152
78 151
78 150
78 149
78 148
78 147
78 109
109 16
127 16
127 154
127 153
127 152
127 151
127 150
127 149
127 148
127 147
147 16
147 148
148 16
149 16
149 152
149 151
149 150
150 16
150 151
151 16
152 16
152 153
153 16
154 16
170 16
170 171
171 16
172 16
172 173
173 16
174 16
186 16
187 16
216 16
216 217
217 16
218 16
231 16
232 16
244 16
255 16
255 256
256 16
257 16
267 16
92 16
92 17
92 18
92 19
92 20
92 21
92 22
92 23
92 24
92 25
92 26
92 27
92 28
92 29
92 30
92 31
92 32
92 33
92 34
92 35
92 36
92 37
92 38
92 39
92 40
92 41
92 42
92 43
92 45
92 46
92 47
92 49
92 50
92 51
92 52
92 53
92 54
92 55
92 56
92 57
92 59
92 60
92 61
92 62
92 63
92 64
92 65
92 66
92 67
92 68
92 69
92 79
92 80
92 81
92 82
92 83
92 84
92 85
92 86
92 87
92 88
92 89
92 90
92 91
92 114
92 113
92 112
92 111
92 266
92 265
92 264
92 263
92 262
92 261
92 260
92 259
92 268
92 254
92 253
92 252
92 251
92 250
92 249
92 248
92 247
92 246
92 258
92 197
92 196
92 195
92 194
92 193
92 192
92 191
92 190
92 189
92 198
92 238
92 237
92 236
92 235
92 234
92 233
92 240
92 239
92 243
92 242
92 245
92 241
92 201
92 200
92 199
92 204
92 203
92 207
92 206
92 205
92 228
92 227
92 226
92 225
92 224
92 223
92 222
92 221
92 220
92 229
92 230
92 215
92 214
92 213
92 212
92 211
92 210
92 209
92 219
92 208
92 202
92 116
92 115
92 117
92 124
92 123
92 122
92 121
92 169
92 168
92 167
92 166
92 165
92 164
92 163
92 162
92 161
92 160
92 159
92 158
92 157
92 156
92 175
92 146
92 145
92 144
92 143
92 142
92 141
92 140
92 139
92 138
92 137
92 136
92 135
92 134
92 133
92 132
92 131
92 130
92 129
92 128
92 126
92 155
92 125
92 120
92 119
92 118
92 104
92 103
92 102
92 101
92 100
92 99
92 98
92 97
92 96
92 95
92 94
92 93
92 108
92 107
92 106
92 110
92 105
91 16
91 17
91 18
91 19
91 20
91 21
91 22
91 23
91 24
91 25
91 26
91 27
91 28
91 29
91 30
91 31
91 32
91 33
91 34
91 35
91 36
91 37
91 38
91 39
91 40
91 41
91 42
91 43
91 45
91 46
91 47
91 49
91 50
91 51
91 52
91 53
91 54
91 55
91 56
91 57
91 59
91 60
91 61
91 62
91 63
91 64
91 65
91 66
91 67
91 68
91 69
91 79
91 80
91 81
91 82
91 83
91 84
91 85
91 86
91 87
91 88
91 89
91 90
91 114
91 113
91 112
91 111
91 266
91 265
91 264
91 263
91 262
91 261
91 260
91 259
91 268
91 254
91 253
91 252
91 251
91 250
91 249
91 248
91 247
91 246
91 258
91 197
91 196
91 195
91 194
91 193
91 192
91 191
91 190
91 189
91 198
91 238
91 237
91 236
91 235
91 234
91 233
91 240
91 239
91 243
91 242
91 245
91 241
91 201
91 200
91 199
91 204
91 203
91 207
91 206
91 205
91 228
91 227
91 226
91 225
91 224
91 223
91 222
91 221
91 220
91 229
91 230
91 215
91 214
91 213
91 212
91 211
91 210
91 209
91 219
91 208
91 202
91 116
91 115
91 117
91 124
91 123
91 122
91 121
91 169
91 168
91 167
91 166
91 165
91 164
91 163
91 162
91 161
91 160
91 159
91 158
91 157
91 156
91 175
91 146
91 145
91 144
91 143
91 142
91 141
91 140
91 139
91 138
91 137
91 136
91 135
91 134
91 133
91 132
91 131
91 130
91 129
91 128
91 126
91 155
91 125
91 120
91 119
91 118
91 104
91 103
91 102
91 101
91 100
91 99
91 98
91 97
91 96
91 95
91 94
91 93
91 108
91 107
91 106
91 110
91 105
90 16
90 17
90 18
90 19
90 20
90 21
90 22
90 23
90 24
90 25
90 26
90 27
90 28
90 29
90 30
90 31
90 32
90 33
90 34
90 35
90 36
90 37
90 38
90 39
90 40
90 41
90 42
90 43
90 45
90 46
90 47
90 49
90 50
90 51
90 52
90 53
90 54
90 55
90 56
90 57
90 59
90 60
90 61
90 62
90 63
90 64
90 65
90 66
90 67
90 68
90 69
90 79
90 80
90 81
90 82
90 83
90 84
90 85
90 86
90 87
90 88
90 89
90 114
90 113
90 112
90 111
90 266
90 265
90 264
90 263
90 262
90 261
90 260
90 259
90 268
90 254
90 253
90 252
90 251
90 250
90 249
90 248
90 247
90 246
90 258
90 197
90 196
90 195
90 194
90 193
90 192
90 191
90 190
90 189
90 198
90 238
90 237
90 236
90 235
90 234
90 233
90 240
90 239
90 243
90 242
90 245
90 241
90 201
90 200
90 199
90 204
90 203
90 207
90 206
90 205
90 228
90 227
90 226
90 225
90 224
90 223
90 222
90 221
90 220
90 229
90 230
90 215
90 214
90 213
90 212
90 211
90 210
90 209
90 219
90 208
90 202
90 116
90 115
90 117
90 124
90 123
90 122
90 121
90 169
90 168
90 167
90 166
90 165
90 164
90 163
90 162
90 161
90 160
90 159
90 158
90 157
90 156
90 175
90 146
90 145
90 144
90 143
90 142
90 141
90 140
90 139
90 138
90 137
90 136
90 135
90 134
90 133
90 132
90 131
90 130
90 129
90 128
90 126
90 155
90 125
90 120
90 119
90 118
90 104
90 103
90 102
90 101
90 100
90 99
90 98
90 97
90 96
90 95
90 94
90 93
90 108
90 107
90 106
90 110
90 105
89 16
89 17
89 18
89 19
89 20
89 21
89 22
89 23
89 24
89 25
89 26
89 27
89 28
89 29
89 30
89 31
89 32
89 33
89 34
89 35
89 36
89 37
89 38
89 39
89 40
89 41
89 42
89 43
89 45
89 46
89 47
89 49
89 50
89 51
89 52
89 53
89 54
89 55
89 56
89 57
89 59
89 60
89 61
89 62
89 63
89 64
89 65
89 66
89 67
89 68
89 69
89 79
89 80
89 81
89 82
89 83
89 84
89 85
89 86
89 87
89 88
89 114
89 113
89 112
89 111
89 266
89 265
89 264
89 263
89 262
89 261
89 260
89 259
89 268
89 254
89 253
89 252
89 251
89 250
89 249
89 248
89 247
89 246
89 258
89 197
89 196
89 195
89 194
89 193
89 192
89 191
89 190
89 189
89 198
89 238
89 237
89 236
89 235
89 234
89 233
89 240
89 239
89 243
89 242
89 245
89 241
89 201
89 200
89 199
89 204
89 203
89 207
89 206
89 205
89 228
89 227
89 226
89 225
89 224
89 223
89 222
89 221
89 220
89 229
89 230
89 215
89 214
89 213
89 212
89 211
89 210
89 209
89 219
89 208
89 202
89 116
89 115
89 117
89 124
89 123
89 122
89 121
89 169
89 168
89 167
89 166
89 165
89 164
89 163
89 162
89 161
89 160
89 159
89 158
89 157
89 156
89 175
89 146
89 145
89 144
89 143
89 142
89 141
89 140
89 139
89 138
89 137
89 136
89 135
89 134
89 133
89 132
89 131
89 130
89 129
89 128
89 126
89 155
89 125
89 120
89 119
89 118
89 104
89 103
89 102
89 101
89 100
89 99
89 98
89 97
89 96
89 95
89 94
89 93
89 108
89 107
89 106
89 110
89 105
88 16
88 17
88 18
88 19
88 20
88 21
88 22
88 23
88 24
88 25
88 26
88 27
88 28
88 29
88 30
88 31
88 32
88 33
88 34
88 35
88 36
88 37
88 38
88 39
88 40
88 41
88 42
88 43
88 45
88 46
88 47
88 49
88 50
88 51
88 52
88 53
88 54
88 55
88 56
88 57
88 59
88 60
88 61
88 62
88 63
88 64
88 65
88 66
88 67
88 68
88 69
88 79
88 80
88 81
88 82
88 83
88 84
88 85
88 86
88 87
88 114
88 113
88 112
88 111
88 266
88 265
88 264
88 263
88 262
88 261
88 260
88 259
88 268
88 254
88 253
88 252
88 251
88 250
88 249
88 248
88 247
88 246
88 258
88 197
88 196
88 195
88 194
88 193
88 192
88 191
88 190
88 189
88 198
88 238
88 237
88 236
88 235
88 234
88 233
88 240
88 239
88 243
88 242
88 245
88 241
88 201
88 200
88 199
88 204
88 203
88 207
88 206
88 205
88 228
88 227
88 226
88 225
88 224
88 223
88 222
88 221
88 220
88 229
88 230
88 215
88 214
88 213
88 212
88 211
88 210
88 209
88 219
88 208
88 202
88 116
88 115
88 117
88 124
88 123
88 122
88 121
88 169
88 168
88 167
88 166
88 165
88 164
88 163
88 162
88 161
88 160
88 159
88 158
88 157
88 156
88 175
88 146
88 145
88 144
88 143
88 142
88 141
88 140
88 139
88 138
88 137
88 136
88 135
88 134
88 133
88 132
88 131
88 130
88 129
88 128
88 126
88 155
88 125
88 120
88 119
88 118
88 104
88 103
88 102
88 101
88 100
88 99
88 98
88 97
88 96
88 95
88 94
88 93
88 108
88 107
88 106
88 110
88 105
87 16
87 17
87 18
87 19
87 20
87 21
87 22
87 23
87 24
87 25
87 26
87 27
87 28
87 29
87 30
87 31
87 32
87 33
87 34
87 35
87 36
87 37
87 38
87 39
87 40
87 41
87 42
87 43
87 45
87 46
87 47
87 49
87 50
87 51
87 52
87 53
87 54
87 55
87 56
87 57
87 59
87 60
87 61
87 62
87 63
87 64
87 65
87 66
87 67
87 68
87 69
87 79
87 80
87 81
87 82
87 83
87 84
87 85
87 86
87 114
87 113
87 112
87 111
87 266
87 265
87 264
87 263
87 262
87 261
87 260
87 259
87 268
87 254
87 253
87 252
87 251
87 250
87 249
87 248
87 247
87 246
87 258
87 197
87 196
87 195
87 194
87 193
87 192
87 191
87 190
87 189
87 198
87 238
87 237
87 236
87 235
87 234
87 233
87 240
87 239
87 243
87 242
87 245
87 241
87 201
87 200
87 199
87 204
87 203
87 207
87 206
87 205
87 228
87 227
87 226
87 225
87 224
87 223
87 222
87 221
87 220
87 229
87 230
87 215
87 214
87 213
87 212
87 211
87 210
87 209
87 219
87 208
87 202
87 116
87 115
87 117
87 124
87 123
87 122
87 121
87 169
87 168
87 167
87 166
87 165
87 164
87 163
87 162
87 161
87 160
87 159
87 158
87 157
87 156
87 175
87 146
87 145
87 144
87 143
87 142
87 141
87 140
87 139
87 138
87 137
87 136
87 135
87 134
87 133
87 132
87 131
87 130
87 129
87 128
87 126
87 155
87 125
87 120
87 119
87 118
87 104
87 103
87 102
87 101
87 100
87 99
87 98
87 97
87 96
87 95
87 94
87 93
87 108
87 107
87 106
87 110
87 105
86 16
86 17
86 18
86 19
86 20
86 21
86 22
86 23
86 24
86 25
86 26
86 27
86 28
86 29
86 30
86 31
86 32
86 33
86 34
86 35
86 36
86 37
86 38
86 39
86 40
86 41
86 42
86 43
86 45
86 46
86 47
86 48
86 49
86 50
86 51
86 52
86 53
86 54
86 55
86 56
86 57
86 59
86 60
86 61
86 62
86 63
86 64
86 65
86 66
86 67
86 68
86 69
86 79
86 80
86 81
86 82
86 83
86 84
86 85
86 114
86 113
86 112
86 111
86 266
86 265
86 264
86 263
86 262
86 261
86 260
86 259
86 268
86 254
86 253
86 252
86 251
86 250
86 249
86 248
86 247
86 246
86 258
86 197
86 196
86 195
86 194
86 193
86 192
86 191
86 190
86 189
86 198
86 238
86 237
86 236
86 235
86 234
86 233
86 240
86 239
86 243
86 242
86 245
86 241
86 201
86 200
86 199
86 204
86 203
86 207
86 206
86 205
86 228
86 227
86 226
86 225
86 224
86 223
86 222
86 221
86 220
86 229
86 230
86 215
86 214
86 213
86 212
86 211
86 210
86 209
86 219
86 208
86 202
86 182
86 181
86 180
86 179
86 178
86 177
86 176
86 116
86 115
86 117
86 124
86 123
86 122
86 121
86 169
86 168
86 167
86 166
86 165
86 164
86 163
86 162
86 161
86 160
86 159
86 158
86 157
86 156
86 175
86 146
86 145
86 144
86 143
86 142
86 141
86 140
86 139
86 138
86 137
86 136
86 135
86 134
86 133
86 132
86 131
86 130
86 129
86 128
86 126
86 155
86 125
86 120
86 119
86 118
86 104
86 103
86 102
86 101
86 100
86 99
86 98
86 97
86 96
86 95
86 94
86 93
86 108
86 107
86 106
86 110
86 105
85 16
85 17
85 18
85 19
85 20
85 21
85 22
85 23
85 24
85 25
85 26
85 27
85 28
85 29
85 30
85 31
85 32
85 33
85 34
85 35
85 36
85 37
85 38
85 39
85 40
85 41
85 42
85 43
85 45
85 46
85 47
85 48
85 49
85 50
85 51
85 52
85 53
85 54
85 55
85 56
85 57
85 58
85 59
85 60
85 61
85 62
85 63
85 64
85 65
85 66
85 67
85 68
85 69
85 79
85 80
85 81
85 82
85 83
85 84
85 114
85 113
85 112
85 111
85 266
85 265
85 264
85 263
85 262
85 261
85 260
85 259
85 268
85 254
85 253
85 252
85 251
85 250
85 249
85 248
85 247
85 246
85 258
85 197
85 196
85 195
85 194
85 193
85 192
85 191
85 190
85 189
85 198
85 238
85 237
85 236
85 235
85 234
85 233
85 240
85 239
85 243
85 242
85 245
85 241
85 201
85 200
85 199
85 204
85 203
85 207
85 206
85 205
85 228
85 227
85 226
85 225
85 224
85 223
85 222
85 221
85 220
85 229
85 230
85 215
85 214
85 213
85 212
85 211
85 210
85 209
85 219
85 208
85 202
85 183
85 182
85 181
85 180
85 179
85 178
85 177
85 176
85 185
85 188
85 184
85 116
85 115
85 117
85 124
85 123
85 122
85 121
85 169
85 168
85 167
85 166
85 165
85 164
85 163
85 162
85 161
85 160
85 159
85 158
85 157
85 156
85 175
85 146
85 145
85 144
85 143
85 142
85 141
85 140
85 139
85 138
85 137
85 136
85 135
85 134
85 133
85 132
85 131
85 130
85 129
85 128
85 126
85 155
85 125
85 120
85 119
85 118
85 104
85 103
85 102
85 101
85 100
85 99
85 98
85 97
85 96
85 95
85 94
85 93
85 108
85 107
85 106
85 110
85 105
84 16
84 17
84 18
84 19
84 20
84 21
84 22
84 23
84 24
84 25
84 26
84 27
84 28
84 29
84 30
84 31
84 32
84 33
84 34
84 35
84 36
84 37
84 38
84 39
84 40
84 41
84 42
84 43
84 45
84 46
84 47
84 48
84 49
84 50
84 51
84 52
84 53
84 54
84 55
84 56
84 57
84 58
84 59
84 60
84 61
84 62
84 63
84 64
84 65
84 66
84 67
84 68
84 69
84 79
84 80
84 81
84 82
84 83
84 114
84 113
84 112
84 111
84 266
84 265
84 264
84 263
84 262
84 261
84 260
84 259
84 268
84 254
84 253
84 252
84 251
84 250
84 249
84 248
84 247
84 246
84 258
84 197
84 196
84 195
84 194
84 193
84 192
84 191
84 190
84 189
84 198
84 238
84 237
84 236
84 235
84 234
84 233
84 240
84 239
84 243
84 242
84 245
84 241
84 201
84 200
84 199
84 204
84 203
84 207
84 206
84 205
84 228
84 227
84 226
84 225
84 224
84 223
84 222
84 221
84 220
84 229
84 230
84 215
84 214
84 213
84 212
84 211
84 210
84 209
84 219
84 208
84 202
84 183
84 182
84 181
84 180
84 179
84 178
84 177
84 176
84 185
84 188
84 184
84 116
84 115
84 117
84 124
84 123
84 122
84 121
84 169
84 168
84 167
84 166
84 165
84 164
84 163
84 162
84 161
84 160
84 159
84 158
84 157
84 156
84 175
84 146
84 145
84 144
84 143
84 142
84 141
84 140
84 139
84 138
84 137
84 136
84 135
84 134
84 133
84 132
84 131
84 130
84 129
84 128
84 126
84 155
84 125
84 120
84 119
84 118
84 104
84 103
84 102
84 101
84 100
84 99
84 98
84 97
84 96
84 95
84 94
84 93
84 108
84 107
84 106
84 110
84 105
83 16
83 17
83 18
83 19
83 20
83 21
83 22
83 23
83 24
83 25
83 26
83 27
83 28
83 29
83 30
83 31
83 32
83 33
83 34
83 35
83 36
83 37
83 38
83 39
83 40
83 41
83 42
83 43
83 45
83 46
83 47
83 48
83 49
83 50
83 51
83 52
83 53
83 54
83 55
83 56
83 57
83 58
83 59
83 60
83 61
83 62
83 63
83 64
83 65
83 66
83 67
83 68
83 69
83 79
83 80
83 81
83 82
83 114
83 113
83 112
83 111
83 266
83 265
83 264
83 263
83 262
83 261
83 260
83 259
83 268
83 254
83 253
83 252
83 251
83 250
83 249
83 248
83 247
83 246
83 258
83 197
83 196
83 195
83 194
83 193
83 192
83 191
83 190
83 189
83 198
83 238
83 237
83 236
83 235
83 234
83 233
83 240
83 239
83 243
83 242
83 245
83 241
83 201
83 200
83 199
83 204
83 203
83 207
83 206
83 205
83 228
83 227
83 226
83 225
83 224
83 223
83 222
83 221
83 220
83 229
83 230
83 215
83 214
83 213
83 212
83 211
83 210
83 209
83 219
83 208
83 202
83 183
83 182
83 181
83 180
83 179
83 178
83 177
83 176
83 185
83 188
83 184
83 116
83 115
83 117
83 124
83 123
83 122
83 121
83 169
83 168
83 167
83 166
83 165
83 164
83 163
83 162
83 161
83 160
83 159
83 158
83 157
83 156
83 175
83 146
83 145
83 144
83 143
83 142
83 141
83 140
83 139
83 138
83 137
83 136
83 135
83 134
83 133
83 132
83 131
83 130
83 129
83 128
83 126
83 155
83 125
83 120
83 119
83 118
83 104
83 103
83 102
83 101
83 100
83 99
83 98
83 97
83 96
83 95
83 94
83 93
83 108
83 107
83 106
83 110
83 105
82 16
82 17
82 18
82 19
82 20
82 21
82 22
82 23
82 24
82 25
82 26
82 27
82 28
82 29
82 30
82 31
82 32
82 33
82 34
82 35
82 36
82 37
82 38
82 39
82 40
82 41
82 42
82 43
82 45
82 46
82 47
82 48
82 49
82 50
82 51
82 52
82 53
82 54
82 55
82 56
82 57
82 58
82 59
82 60
82 61
82 62
82 63
82 64
82 65
82 66
82 67
82 68
82 69
82 79
82 80
82 81
82 114
82 113
82 112
82 111
82 266
82 265
82 264
82 263
82 262
82 261
82 260
82 259
82 268
82 254
82 253
82 252
82 251
82 250
82 249
82 248
82 247
82 246
82 258
82 197
82 196
82 195
82 194
82 193
82 192
82 191
82 190
82 189
82 198
82 238
82 237
82 236
82 235
82 234
82 233
82 240
82 239
82 243
82 242
82 245
82 241
82 201
82 200
82 199
82 204
82 203
82 207
82 206
82 205
82 228
82 227
82 226
82 225
82 224
82 223
82 222
82 221
82 220
82 229
82 230
82 215
82 214
82 213
82 212
82 211
82 210
82 209
82 219
82 208
82 202
82 183
82 182
82 181
82 180
82 179
82 178
82 177
82 176
82 185
82 188
82 184
82 116
82 115
82 117
82 124
82 123
82 122
82 121
82 169
82 168
82 167
82 166
82 165
82 164
82 163
82 162
82 161
82 160
82 159
82 158
82 157
82 156
82 175
82 146
82 145
82 144
82 143
82 142
82 141
82 140
82 139
82 138
82 137
82 136
82 135
82 134
82 133
82 132
82 131
82 130
82 129
82 128
82 126
82 155
82 125
82 120
82 119
82 118
82 104
82 103
82 102
82 101
82 100
82 99
82 98
82 97
82 96
82 95
82 94
82 93
82 108
82 107
82 106
82 110
82 105
32 16
32 17
32 18
32 19
32 20
32 21
32 22
32 23
32 24
32 25
32 26
32 27
32 28
32 29
32 30
32 31
32 81
32 79
32 80
32 69
32 68
32 67
32 66
32 65
32 64
32 63
32 62
32 45
32 41
32 36
32 114
32 113
32 112
32 111
32 47
32 38
32 40
32 56
32 266
32 265
32 264
32 263
32 262
32 261
32 260
32 259
32 268
32 42
32 116
32 115
32 117
32 34
32 124
32 123
32 122
32 121
32 54
32 169
32 168
32 167
32 166
32 165
32 164
32 163
32 162
32 161
32 160
32 159
32 158
32 157
32 156
32 175
32 55
32 146
32 145
32 144
32 143
32 142
32 141
32 140
32 139
32 138
32 137
32 136
32 135
32 134
32 133
32 132
32 131
32 130
32 129
32 128
32 126
32 155
32 125
32 120
32 119
32 118
32 104
32 103
32 102
32 101
32 100
32 52
32 51
32 99
32 98
32 97
32 96
32 95
32 94
32 93
32 53
32 108
32 107
32 106
32 110
32 105
81 16
81 17
81 18
81 19
81 20
81 21
81 22
81 23
81 24
81 25
81 26
81 27
81 28
81 29
81 30
81 31
81 33
81 34
81 35
81 36
81 37
81 38
81 39
81 40
81 41
81 42
81 43
81 45
81 46
81 47
81 48
81 49
81 50
81 51
81 52
81 53
81 54
81 55
81 56
81 57
81 58
81 59
81 60
81 61
81 62
81 63
81 64
81 65
81 66
81 67
81 68
81 69
81 79
81 80
81 114
81 113
81 112
81 111
81 266
81 265
81 264
81 263
81 262
81 261
81 260
81 259
81 268
81 254
81 253
81 252
81 251
81 250
81 249
81 248
81 247
81 246
81 258
81 197
81 196
81 195
81 194
81 193
81 192
81 191
81 190
81 189
81 198
81 238
81 237
81 236
81 235
81 234
81 233
81 240
81 239
81 243
81 242
81 245
81 241
81 201
81 200
81 199
81 204
81 203
81 207
81 206
81 205
81 228
81 227
81 226
81 225
81 224
81 223
81 222
81 221
81 220
81 229
81 230
81 215
81 214
81 213
81 212
81 211
81 210
81 209
81 219
81 208
81 202
81 183
81 182
81 181
81 180
81 179
81 178
81 177
81 176
81 185
81 188
81 184
81 116
81 115
81 117
81 124
81 123
81 122
81 121
81 169
81 168
81 167
81 166
81 165
81 164
81 163
81 162
81 161
81 160
81 159
81 158
81 157
81 156
81 175
81 146
81 145
81 144
81 143
81 142
81 141
81 140
81 139
81 138
81 137
81 136
81 135
81 134
81 133
81 132
81 131
81 130
81 129
81 128
81 126
81 155
81 125
81 120
81 119
81 118
81 104
81 103
81 102
81 101
81 100
81 99
81 98
81 97
81 96
81 95
81 94
81 93
81 108
81 107
81 106
81 110
81 105
80 16
80 17
80 18
80 19
80 20
80 21
80 22
80 23
80 24
80 25
80 26
80 27
80 28
80 29
80 30
80 31
80 33
80 34
80 35
80 36
80 37
80 38
80 39
80 40
80 41
80 42
80 43
80 45
80 46
80 47
80 48
80 49
80 50
80 51
80 52
80 53
80 54
80 55
80 56
80 57
80 58
80 59
80 60
80 61
80 62
80 63
80 64
80 65
80 66
80 67
80 68
80 69
80 79
80 114
80 113
80 112
80 111
80 266
80 265
80 264
80 263
80 262
80 261
80 260
80 259
80 268
80 254
80 253
80 252
80 251
80 250
80 249
80 248
80 247
80 246
80 258
80 197
80 196
80 195
80 194
80 193
80 192
80 191
80 190
80 189
80 198
80 238
80 237
80 236
80 235
80 234
80 233
80 240
80 239
80 243
80 242
80 245
80 241
80 201
80 200
80 199
80 204
80 203
80 207
80 206
80 205
80 228
80 227
80 226
80 225
80 224
80 223
80 222
80 221
80 220
80 229
80 230
80 215
80 214
80 213
80 212
80 211
80 210
80 209
80 219
80 208
80 202
80 183
80 182
80 181
80 180
80 179
80 178
80 177
80 176
80 185
80 188
80 184
80 116
80 115
80 117
80 124
80 123
80 122
80 121
80 169
80 168
80 167
80 166
80 165
80 164
80 163
80 162
80 161
80 160
80 159
80 158
80 157
80 156
80 175
80 146
80 145
80 144
80 143
80 142
80 141
80 140
80 139
80 138
80 137
80 136
80 135
80 134
80 133
80 132
80 131
80 130
80 129
80 128
80 126
80 155
80 125
80 120
80 119
80 118
80 104
80 103
80 102
80 101
80 100
80 99
80 98
80 97
80 96
80 95
80 94
80 93
80 108
80 107
80 106
80 110
80 105
79 16
79 17
79 18
79 19
79 20
79 21
79 22
79 23
79 24
79 25
79 26
79 27
79 28
79 29
79 30
79 31
79 33
79 34
79 35
79 36
79 37
79 38
79 39
79 40
79 41
79 42
79 43
79 45
79 46
79 47
79 48
79 49
79 50
79 51
79 52
79 53
79 54
79 55
79 56
79 57
79 58
79 59
79 60
79 61
79 62
79 63
79 64
79 65
79 66
79 67
79 68
79 69
79 114
79 113
79 112
79 111
79 266
79 265
79 264
79 263
79 262
79 261
79 260
79 259
79 268
79 254
79 253
79 252
79 251
79 250
79 249
79 248
79 247
79 246
79 258
79 197
79 196
79 195
79 194
79 193
79 192
79 191
79 190
79 189
79 198
79 238
79 237
79 236
79 235
79 234
79 233
79 240
79 239
79 243
79 242
79 245
79 241
79 201
79 200
79 199
79 204
79 203
79 207
79 206
79 205
79 228
79 227
79 226
79 225
79 224
79 223
79 222
79 221
79 220
79 229
79 230
79 215
79 214
79 213
79 212
79 211
79 210
79 209
79 219
79 208
79 202
79 183
79 182
79 181
79 180
79 179
79 178
79 177
79 176
79 185
79 188
79 184
79 116
79 115
79 117
79 124
79 123
79 122
79 121
79 169
79 168
79 167
79 166
79 165
79 164
79 163
79 162
79 161
79 160
79 159
79 158
79 157
79 156
79 175
79 146
79 145
79 144
79 143
79 142
79 141
79 140
79 139
79 138
79 137
79 136
79 135
79 134
79 133
79 132
79 131
79 130
79 129
79 128
79 126
79 155
79 125
79 120
79 119
79 118
79 104
79 103
79 102
79 101
79 100
79 99
79 98
79 97
79 96
79 95
79 94
79 93
79 108
79 107
79 106
79 110
79 105
69 16
69 17
69 18
69 19
69 20
69 21
69 22
69 23
69 24
69 25
69 26
69 27
69 28
69 29
69 30
69 31
69 33
69 34
69 35
69 36
69 37
69 38
69 39
69 40
69 41
69 42
69 43
69 45
69 46
69 47
69 48
69 49
69 50
69 51
69 52
69 53
69 54
69 55
69 56
69 57
69 58
69 59
69 60
69 61
69 62
69 63
69 64
69 65
69 66
69 67
69 68
69 114
69 113
69 112
69 111
69 266
69 265
69 264
69 263
69 262
69 261
69 260
69 259
69 268
69 254
69 253
69 252
69 251
69 250
69 249
69 248
69 247
69 246
69 258
69 197
69 196
69 195
69 194
69 193
69 192
69 191
69 190
69 189
69 198
69 238
69 237
69 236
69 235
69 234
69 233
69 240
69 239
69 243
69 242
69 245
69 241
69 201
69 200
69 199
69 204
69 203
69 207
69 206
69 205
69 228
69 227
69 226
69 225
69 224
69 223
69 222
69 221
69 220
69 229
69 230
69 215
69 214
69 213
69 212
69 211
69 210
69 209
69 219
69 208
69 202
69 183
69 182
69 181
69 180
69 179
69 178
69 177
69 176
69 185
69 188
69 184
69 116
69 115
69 117
69 124
69 123
69 122
69 121
69 169
69 168
69 167
69 166
69 165
69 164
69 163
69 162
69 161
69 160
69 159
69 158
69 157
69 156
69 175
69 146
69 145
69 144
69 143
69 142
69 141
69 140
69 139
69 138
69 137
69 136
69 135
69 134
69 133
69 132
69 131
69 130
69 129
69 128
69 126
69 155
69 125
69 120
69 119
69 118
69 104
69 103
69 102
69 101
69 100
69 99
69 98
69 97
69 96
69 95
69 94
69 93
69 108
69 107
69 106
69 110
69 105
68 16
68 17
68 18
68 19
68 20
68 21
68 22
68 23
68 24
68 25
68 26
68 27
68 28
68 29
68 30
68 31
68 33
68 34
68 35
68 36
68 37
68 38
68 39
68 40
68 41
68 42
68 43
68 45
68 46
68 47
68 48
68 49
68 50
68 51
68 52
68 53
68 54
68 55
68 56
68 57
68 58
68 59
68 60
68 61
68 62
68 63
68 64
68 65
68 66
68 67
68 114
68 113
68 112
68 111
68 266
68 265
68 264
68 263
68 262
68 261
68 260
68 259
68 268
68 254
68 253
68 252
68 251
68 250
68 249
68 248
68 247
68 246
68 258
68 197
68 196
68 195
68 194
68 193
68 192
68 191
68 190
68 189
68 198
68 238
68 237
68 236
68 235
68 234
68 233
68 240
68 239
68 243
68 242
68 245
68 241
68 201
68 200
68 199
68 204
68 203
68 207
68 206
68 205
68 228
68 227
68 226
68 225
68 224
68 223
68 222
68 221
68 220
68 229
68 230
68 215
68 214
68 213
68 212
68 211
68 210
68 209
68 219
68 208
68 202
68 183
68 182
68 181
68 180
68 179
68 178
68 177
68 176
68 185
68 188
68 184
68 116
68 115
68 117
68 124
68 123
68 122
68 121
68 169
68 168
68 167
68 166
68 165
68 164
68 163
68 162
68 161
68 160
68 159
68 158
68 157
68 156
68 175
68 146
68 145
68 144
68 143
68 142
68 141
68 140
68 139
68 138
68 137
68 136
68 135
68 134
68 133
68 132
68 131
68 130
68 129
68 128
68 126
68 155
68 125
68 120
68 119
68 118
68 104
68 103
68 102
68 101
68 100
68 99
68 98
68 97
68 96
68 95
68 94
68 93
68 108
68 107
68 106
68 110
68 105
67 16
67 17
67 18
67 19
67 20
67 21
67 22
67 23
67 24
67 25
67 26
67 27
67 28
67 29
67 30
67 31
67 33
67 34
67 35
67 36
67 37
67 38
67 39
67 40
67 41
67 42
67 43
67 45
67 46
67 47
67 48
67 49
67 50
67 51
67 52
67 53
67 54
67 55
67 56
67 57
67 58
67 59
67 60
67 61
67 62
67 63
67 64
67 65
67 66
67 114
67 113
67 112
67 111
67 266
67 265
67 264
67 263
67 262
67 261
67 260
67 259
67 268
67 254
67 253
67 252
67 251
67 250
67 249
67 248
67 247
67 246
67 258
67 197
67 196
67 195
67 194
67 193
67 192
67 191
67 190
67 189
67 198
67 238
67 237
67 236
67 235
67 234
67 233
67 240
67 239
67 243
67 242
67 245
67 241
67 201
67 200
67 199
67 204
67 203
67 207
67 206
67 205
67 228
67 227
67 226
67 225
67 224
67 223
67 222
67 221
67 220
67 229
67 230
67 215
67 214
67 213
67 212
67 211
67 210
67 209
67 219
67 208
67 202
67 183
67 182
67 181
67 180
67 179
67 178
67 177
67 176
67 185
67 188
67 184
67 116
67 115
67 117
67 124
67 123
67 122
67 121
67 169
67 168
67 167
67 166
67 165
67 164
67 163
67 162
67 161
67 160
67 159
67 158
67 157
67 156
67 175
67 146
67 145
67 144
67 143
67 142
67 141
67 140
67 139
67 138
67 137
67 136
67 135
67 134
67 133
67 132
67 131
67 130
67 129
67 128
67 126
67 155
67 125
67 120
67 119
67 118
67 104
67 103
67 102
67 101
67 100
67 99
67 98
67 97
67 96
67 95
67 94
67 93
67 108
67 107
67 106
67 110
67 105
66 16
66 17
66 18
66 19
66 20
66 21
66 22
66 23
66 24
66 25
66 26
66 27
66 28
66 29
66 30
66 31
66 33
66 34
66 35
66 36
66 37
66 38
66 39
66 40
66 41
66 42
66 43
66 45
66 46
66 47
66 48
66 49
66 50
66 51
66 52
66 53
66 54
66 55
66 56
66 57
66 58
66 59
66 60
66 61
66 62
66 63
66 64
66 65
66 114
66 113
66 112
66 111
66 266
66 265
66 264
66 263
66 262
66 261
66 260
66 259
66 268
66 254
66 253
66 252
66 251
66 250
66 249
66 248
66 247
66 246
66 258
66 197
66 196
66 195
66 194
66 193
66 192
66 191
66 190
66 189
66 198
66 238
66 237
66 236
66 235
66 234
66 233
66 240
66 239
66 243
66 242
66 245
66 241
66 201
66 200
66 199
66 204
66 203
66 207
66 206
66 205
66 228
66 227
66 226
66 225
66 224
66 223
66 222
66 221
66 220
66 229
66 230
66 215
66 214
66 213
66 212
66 211
66 210
66 209
66 219
66 208
66 202
66 183
66 182
66 181
66 180
66 179
66 178
66 177
66 176
66 185
66 188
66 184
66 116
66 115
66 117
66 124
66 123
66 122
66 121
66 169
66 168
66 167
66 166
66 165
66 164
66 163
66 162
66 161
66 160
66 159
66 158
66 157
66 156
66 175
66 146
66 145
66 144
66 143
66 142
66 141
66 140
66 139
66 138
66 137
66 136
66 135
66 134
66 133
66 132
66 131
66 130
66 129
66 128
66 126
66 155
66 125
66 120
66 119
66 118
66 104
66 103
66 102
66 101
66 100
66 99
66 98
66 97
66 96
66 95
66 94
66 93
66 108
66 107
66 106
66 110
66 105
65 16
65 17
65 18
65 19
65 20
65 21
65 22
65 23
65 24
65 25
65 26
65 27
65 28
65 29
65 30
65 31
65 33
65 34
65 35
65 36
65 37
65 38
65 39
65 40
65 41
65 42
65 43
65 45
65 46
65 47
65 48
65 49
65 50
65 51
65 52
65 53
65 54
65 55
65 56
65 57
65 58
65 59
65 60
65 61
65 62
65 63
65 64
65 114
65 113
65 112
65 111
65 266
65 265
65 264
65 263
65 262
65 261
65 260
65 259
65 268
65 254
65 253
65 252
65 251
65 250
65 249
65 248
65 247
65 246
65 258
65 197
65 196
65 195
65 194
65 193
65 192
65 191
65 190
65 189
65 198
65 238
65 237
65 236
65 235
65 234
65 233
65 240
65 239
65 243
65 242
65 245
65 241
65 201
65 200
65 199
65 204
65 203
65 207
65 206
65 205
65 228
65 227
65 226
65 225
65 224
65 223
65 222
65 221
65 220
65 229
65 230
65 215
65 214
65 213
65 212
65 211
65 210
65 209
65 219
65 208
65 202
65 183
65 182
65 181
65 180
65 179
65 178
65 177
65 176
65 185
65 188
65 184
65 116
65 115
65 117
65 124
65 123
65 122
65 121
65 169
65 168
65 167
65 166
65 165
65 164
65 163
65 162
65 161
65 160
65 159
65 158
65 157
65 156
65 175
65 146
65 145
65 144
65 143
65 142
65 141
65 140
65 139
65 138
65 137
65 136
65 135
65 134
65 133
65 132
65 131
65 130
65 129
65 128
65 126
65 155
65 125
65 120
65 119
65 118
65 104
65 103
65 102
65 101
65 100
65 99
65 98
65 97
65 96
65 95
65 94
65 93
65 108
65 107
65 106
65 110
65 105
64 16
64 17
64 18
64 19
64 20
64 21
64 22
64 23
64 24
64 25
64 26
64 27
64 28
64 29
64 30
64 31
64 33
64 34
64 35
64 36
64 37
64 38
64 39
64 40
64 41
64 42
64 43
64 45
64 46
64 47
64 48
64 49
64 50
64 51
64 52
64 53
64 54
64 55
64 56
64 57
64 58
64 59
64 60
64 61
64 62
64 63
64 114
64 113
64 112
64 111
64 266
64 265
64 264
64 263
64 262
64 261
64 260
64 259
64 268
64 254
64 253
64 252
64 251
64 250
64 249
64 248
64 247
64 246
64 258
64 197
64 196
64 195
64 194
64 193
64 192
64 191
64 190
64 189
64 198
64 238
64 237
64 236
64 235
64 234
64 233
64 240
64 239
64 243
64 242
64 245
64 241
64 201
64 200
64 199
64 204
64 203
64 207
64 206
64 205
64 228
64 227
64 226
64 225
64 224
64 223
64 222
64 221
64 220
64 229
64 230
64 215
64 214
64 213
64 212
64 211
64 210
64 209
64 219
64 208
64 202
64 183
64 182
64 181
64 180
64 179
64 178
64 177
64 176
64 185
64 188
64 184
64 116
64 115
64 117
64 124
64 123
64 122
64 121
64 169
64 168
64 167
64 166
64 165
64 164
64 163
64 162
64 161
64 160
64 159
64 158
64 157
64 156
64 175
64 146
64 145
64 144
64 143
64 142
64 141
64 140
64 139
64 138
64 137
64 136
64 135
64 134
64 133
64 132
64 131
64 130
64 129
64 128
64 126
64 155
64 125
64 120
64 119
64 118
64 104
64 103
64 102
64 101
64 100
64 99
64 98
64 97
64 96
64 95
64 94
64 93
64 108
64 107
64 106
64 110
64 105
63 16
63 17
63 18
63 19
63 20
63 21
63 22
63 23
63 24
63 25
63 26
63 27
63 28
63 29
63 30
63 31
63 33
63 34
63 35
63 36
63 37
63 38
63 39
63 40
63 41
63 42
63 43
63 45
63 46
63 47
63 48
63 49
63 50
63 51
63 52
63 53
63 54
63 55
63 56
63 57
63 58
63 59
63 60
63 61
63 62
63 114
63 113
63 112
63 111
63 266
63 265
63 264
63 263
63 262
63 261
63 260
63 259
63 268
63 254
63 253
63 252
63 251
63 250
63 249
63 248
63 247
63 246
63 258
63 197
63 196
63 195
63 194
63 193
63 192
63 191
63 190
63 189
63 198
63 238
63 237
63 236
63 235
63 234
63 233
63 240
63 239
63 243
63 242
63 245
63 241
63 201
63 200
63 199
63 204
63 203
63 207
63 206
63 205
63 228
63 227
63 226
63 225
63 224
63 223
63 222
63 221
63 220
63 229
63 230
63 215
63 214
63 213
63 212
63 211
63 210
63 209
63 219
63 208
63 202
63 183
63 182
63 181
63 180
63 179
63 178
63 177
63 176
63 185
63 188
63 184
63 116
63 115
63 117
63 124
63 123
63 122
63 121
63 169
63 168
63 167
63 166
63 165
63 164
63 163
63 162
63 161
63 160
63 159
63 158
63 157
63 156
63 175
63 146
63 145
63 144
63 143
63 142
63 141
63 140
63 139
63 138
63 137
63 136
63 135
63 134
63 133
63 132
63 131
63 130
63 129
63 128
63 126
63 155
63 125
63 120
63 119
63 118
63 104
63 103
63 102
63 101
63 100
63 99
63 98
63 97
63 96
63 95
63 94
63 93
63 108
63 107
63 106
63 110
63 105
62 16
62 17
62 18
62 19
62 20
62 21
62 22
62 23
62 24
62 25
62 26
62 27
62 28
62 29
62 30
62 31
62 33
62 34
62 35
62 36
62 37
62 38
62 39
62 40
62 41
62 42
62 43
62 45
62 46
62 47
62 48
62 49
62 50
62 51
62 52
62 53
62 54
62 55
62 56
62 57
62 58
62 59
62 60
62 61
62 114
62 113
62 112
62 111
62 266
62 265
62 264
62 263
62 262
62 261
62 260
62 259
62 268
62 254
62 253
62 252
62 251
62 250
62 249
62 248
62 247
62 246
62 258
62 197
62 196
62 195
62 194
62 193
62 192
62 191
62 190
62 189
62 198
62 238
62 237
62 236
62 235
62 234
62 233
62 240
62 239
62 243
62 242
62 245
62 241
62 201
62 200
62 199
62 204
62 203
62 207
62 206
62 205
62 228
62 227
62 226
62 225
62 224
62 223
62 222
62 221
62 220
62 229
62 230
62 215
62 214
62 213
62 212
62 211
62 210
62 209
62 219
62 208
62 202
62 183
62 182
62 181
62 180
62 179
62 178
62 177
62 176
62 185
62 188
62 184
62 116
62 115
62 117
62 124
62 123
62 122
62 121
62 169
62 168
62 167
62 166
62 165
62 164
62 163
62 162
62 161
62 160
62 159
62 158
62 157
62 156
62 175
62 146
62 145
62 144
62 143
62 142
62 141
62 140
62 139
62 138
62 137
62 136
62 135
62 134
62 133
62 132
62 131
62 130
62 129
62 128
62 126
62 155
62 125
62 120
62 119
62 118
62 104
62 103
62 102
62 101
62 100
62 99
62 98
62 97
62 96
62 95
62 94
62 93
62 108
62 107
62 106
62 110
62 105
45 16
45 17
45 18
45 19
45 20
45 21
45 22
45 23
45 24
45 25
45 26
45 27
45 28
45 29
45 30
45 31
45 34
45 36
45 38
45 40
45 41
45 42
45 114
45 113
45 112
45 111
45 47
45 116
45 115
45 117
45 124
45 123
45 122
45 121
45 55
45 146
45 145
45 144
45 143
45 142
45 141
45 140
45 139
45 138
45 137
45 136
45 135
45 134
45 133
45 132
45 131
45 130
45 129
45 128
45 126
45 155
45 125
45 120
45 119
45 118
45 104
45 103
45 102
45 101
45 100
45 52
45 51
45 99
45 98
45 97
45 96
45 95
45 94
45 93
45 53
45 108
45 107
45 106
45 110
45 105
41 16
41 17
41 18
41 19
41 20
41 21
41 22
41 23
41 24
41 25
41 26
41 27
41 28
41 29
41 30
41 31
41 33
41 34
41 36
41 38
41 39
41 40
41 113
41 111
41 47
41 56
41 266
41 265
41 264
41 263
41 262
41 261
41 260
41 259
41 268
41 46
41 246
41 42
41 116
41 115
41 117
41 124
41 123
41 122
41 121
41 54
41 169
41 168
41 167
41 166
41 165
41 164
41 163
41 162
41 161
41 160
41 159
41 158
41 157
41 156
41 175
41 55
41 146
41 145
41 144
41 143
41 142
41 141
41 140
41 139
41 138
41 137
41 136
41 135
41 134
41 133
41 132
41 131
41 130
41 129
41 128
41 126
41 155
41 125
41 120
41 119
41 118
36 16
36 17
36 18
36 19
36 20
36 21
36 22
36 23
36 24
36 25
36 26
36 27
36 28
36 29
36 30
36 31
36 34
36 113
36 111
36 38
36 40
36 42
36 116
36 115
36 47
36 117
36 124
36 123
36 122
36 121
36 54
36 169
36 168
36 167
36 166
36 165
36 164
36 163
36 162
36 161
36 160
36 159
36 158
36 157
36 156
36 175
36 55
36 146
36 145
36 144
36 143
36 142
36 141
36 140
36 139
36 138
36 137
36 136
36 135
36 134
36 133
36 132
36 131
36 130
36 129
36 128
36 126
36 155
36 125
36 120
114 16
114 17
114 18
114 19
114 20
114 21
114 22
114 23
114 24
114 25
114 26
114 27
114 28
114 29
114 30
114 31
114 111
114 113
113 16
113 17
113 18
113 19
113 20
113 21
113 22
113 23
113 24
113 25
113 26
113 27
113 28
113 29
113 30
113 31
113 33
113 34
113 35
113 37
113 38
113 39
113 40
113 42
113 43
113 46
113 47
113 49
113 50
113 54
113 55
113 56
113 57
113 59
113 60
113 61
113 111
113 112
113 266
113 265
113 264
113 263
113 262
113 261
113 260
113 259
113 268
113 254
113 253
113 252
113 251
113 250
113 249
113 248
113 247
113 246
113 258
113 197
113 196
113 195
113 194
113 193
113 192
113 191
113 190
113 189
113 198
113 238
113 237
113 236
113 235
113 234
113 233
113 240
113 239
113 243
113 242
113 245
113 241
113 201
113 200
113 199
113 204
113 203
113 207
113 206
113 205
113 228
113 227
113 226
113 225
113 224
113 223
113 222
113 221
113 220
113 229
113 230
113 215
113 214
113 213
113 212
113 211
113 210
113 209
113 219
113 208
113 202
113 116
113 115
113 117
113 124
113 123
113 122
113 121
113 169
113 168
113 167
113 166
113 165
113 164
113 163
113 162
113 161
113 160
113 159
113 158
113 157
113 156
113 175
113 146
113 145
113 144
113 143
113 142
113 141
113 140
113 139
113 138
113 137
113 136
113 135
113 134
113 133
113 132
113 131
113 130
113 129
113 128
113 126
113 155
113 125
113 120
113 119
113 118
112 16
112 17
112 18
112 19
112 20
112 21
112 22
112 23
112 24
112 25
112 26
112 27
112 28
112 29
112 30
112 31
112 111
111 16
111 17
111 18
111 19
111 20
111 21
111 22
111 23
111 24
111 25
111 26
111 27
111 28
111 29
111 30
111 31
111 33
111 34
111 35
111 37
111 38
111 39
111 40
111 42
111 43
111 46
111 47
111 49
111 50
111 54
111 55
111 56
111 57
111 59
111 60
111 61
111 266
111 265
111 264
111 263
111 262
111 261
111 260
111 259
111 268
111 254
111 253
111 252
111 251
111 250
111 249
111 248
111 247
111 246
111 258
111 197
111 196
111 195
111 194
111 193
111 192
111 191
111 190
111 189
111 198
111 238
111 237
111 236
111 235
111 234
111 233
111 240
111 239
111 243
111 242
111 245
111 241
111 201
111 200
111 199
111 204
111 203
111 207
111 206
111 205
111 228
111 227
111 226
111 225
111 224
111 223
111 222
111 221
111 220
111 229
111 230
111 215
111 214
111 213
111 212
111 211
111 210
111 209
111 219
111 208
111 202
111 116
111 115
111 117
111 124
111 123
111 122
111 121
111 169
111 168
111 167
111 166
111 165
111 164
111 163
111 162
111 161
111 160
111 159
111 158
111 157
111 156
111 175
111 146
111 145
111 144
111 143
111 142
111 141
111 140
111 139
111 138
111 137
111 136
111 135
111 134
111 133
111 132
111 131
111 130
111 129
111 128
111 126
111 155
111 125
111 120
111 119
111 118
47 16
47 17
47 18
47 19
47 20
47 21
47 22
47 23
47 24
47 25
47 26
47 27
47 28
47 29
47 30
47 31
47 33
47 34
47 35
47 37
47 38
47 39
47 40
47 42
47 43
47 46
47 56
47 266
47 265
47 264
47 263
47 262
47 261
47 260
47 259
47 268
47 57
47 254
47 253
47 252
47 251
47 250
47 249
47 248
47 247
47 246
47 258
47 197
47 196
47 195
47 194
47 193
47 192
47 191
47 190
47 189
47 198
47 238
47 50
47 237
47 236
47 235
47 234
47 233
47 240
47 239
47 59
47 243
47 242
47 245
47 241
47 201
47 200
47 199
47 49
47 204
47 203
47 207
47 206
47 205
47 60
47 228
47 227
47 226
47 225
47 224
47 223
47 222
47 221
47 220
47 229
47 230
47 61
47 215
47 214
47 213
47 212
47 211
47 210
47 209
47 219
47 208
47 202
47 116
47 115
47 117
47 124
47 123
47 122
47 121
47 54
47 169
47 168
47 167
47 166
47 165
47 164
47 163
47 162
47 161
47 160
47 159
47 158
47 157
47 156
47 175
47 55
47 146
47 145
47 144
47 143
47 142
47 141
47 140
47 139
47 138
47 137
47 136
47 135
47 134
47 133
47 132
47 131
47 130
47 129
47 128
47 126
47 155
47 125
47 120
47 119
47 118
38 16
38 17
38 18
38 19
38 20
38 21
38 22
38 23
38 24
38 25
38 26
38 27
38 28
38 29
38 30
38 31
38 34
38 40
38 56
38 266
38 265
38 264
38 263
38 262
38 261
38 260
38 259
38 268
38 115
38 42
38 116
38 117
38 124
38 123
38 122
38 121
38 54
38 169
38 168
38 167
38 166
38 165
38 164
38 163
38 162
38 161
38 160
38 159
38 158
38 157
38 156
38 175
38 55
38 146
38 145
38 144
38 143
38 142
38 141
38 140
38 139
38 138
38 137
38 136
38 135
38 134
38 133
38 132
38 131
38 130
38 129
38 128
38 126
38 155
38 125
38 120
38 119
38 118
56 16
56 17
56 18
56 19
56 20
56 21
56 22
56 23
56 24
56 25
56 26
56 27
56 28
56 29
56 30
56 31
56 40
56 266
56 265
56 263
56 268
266 16
266 17
266 18
266 19
266 20
266 21
266 22
266 23
266 24
266 25
266 26
266 27
266 28
266 29
266 30
266 31
266 40
266 259
266 263
266 265
266 268
265 16
265 17
265 18
265 19
265 20
265 21
265 22
265 23
265 24
265 25
265 26
265 27
265 28
265 29
265 30
265 31
265 40
265 259
265 263
265 268
264 16
264 17
264 18
264 19
264 20
264 21
264 22
264 23
264 24
264 25
264 26
264 27
264 28
264 29
264 30
264 31
264 40
264 259
264 263
263 16
263 17
263 18
263 19
263 20
263 21
263 22
263 23
263 24
263 25
263 26
263 27
263 28
263 29
263 30
263 31
263 40
263 259
263 262
263 268
262 16
262 17
262 18
262 19
262 20
262 21
262 22
262 23
262 24
262 25
262 26
262 27
262 28
262 29
262 30
262 31
262 40
262 259
261 16
261 17
261 18
261 19
261 20
261 21
261 22
261 23
261 24
261 25
261 26
261 27
261 28
261 29
261 30
261 31
261 40
261 259
260 16
260 17
260 18
260 19
260 20
260 21
260 22
260 23
260 24
260 25
260 26
260 27
260 28
260 29
260 30
260 31
260 40
260 259
259 16
259 17
259 18
259 19
259 20
259 21
259 22
259 23
259 24
259 25
259 26
259 27
259 28
259 29
259 30
259 31
259 40
268 16
268 17
268 18
268 19
268 20
268 21
268 22
268 23
268 24
268 25
268 26
268 27
268 28
268 29
268 30
268 31
268 40
46 16
46 17
46 18
46 19
46 20
46 21
46 22
46 23
46 24
46 25
46 26
46 27
46 28
46 29
46 30
46 31
46 33
46 35
46 37
46 39
46 40
46 43
46 57
46 254
46 253
46 252
46 251
46 250
46 249
46 248
46 247
46 246
46 258
46 197
46 196
46 195
46 194
46 193
46 192
46 191
46 190
46 189
46 198
46 238
46 50
46 237
46 236
46 235
46 234
46 233
46 240
46 239
46 59
46 243
46 242
46 245
46 241
46 201
46 200
46 199
46 49
46 204
46 203
46 207
46 206
46 205
46 61
46 215
46 214
46 213
46 212
46 211
46 210
46 209
46 219
46 208
46 202
46 183
46 182
46 48
46 181
46 180
46 179
46 178
46 177
46 176
46 58
46 185
46 188
46 184
33 16
33 17
33 18
33 19
33 20
33 21
33 22
33 23
33 24
33 25
33 26
33 27
33 28
33 29
33 30
33 31
33 40
33 39
33 57
33 254
33 253
33 252
33 251
33 250
33 249
33 248
33 247
33 246
33 258
33 37
33 43
33 197
33 196
33 195
33 194
33 193
33 192
33 191
33 190
33 189
33 198
33 238
33 50
33 237
33 236
33 235
33 234
33 233
33 240
33 239
33 59
33 243
33 242
33 245
33 241
33 201
33 200
33 199
33 35
33 49
33 204
33 203
33 207
33 206
33 205
33 60
33 228
33 227
33 226
33 225
33 224
33 223
33 222
33 221
33 220
33 229
33 230
33 61
33 215
33 214
33 213
33 212
33 211
33 210
33 209
33 219
33 208
33 202
33 183
33 182
33 48
33 181
33 180
33 179
33 178
33 177
33 176
33 58
33 185
33 188
33 184
39 16
39 17
39 18
39 19
39 20
39 21
39 22
39 23
39 24
39 25
39 26
39 27
39 28
39 29
39 30
39 31
39 35
39 37
39 40
39 57
39 254
39 253
39 252
39 251
39 250
39 249
39 248
39 247
39 246
39 258
39 43
39 197
39 196
39 195
39 194
39 193
39 192
39 191
39 190
39 189
39 198
39 238
39 50
39 237
39 236
39 235
39 234
39 233
39 240
39 239
39 59
39 243
39 242
39 245
39 241
39 201
39 200
39 199
39 49
39 204
39 203
39 207
39 206
39 205
39 60
39 228
39 227
39 226
39 225
39 224
39 223
39 222
39 221
39 220
39 229
39 230
39 61
39 215
39 214
39 213
39 212
39 211
39 210
39 209
39 219
39 208
39 202
57 16
57 17
57 18
57 19
57 20
57 21
57 22
57 23
57 24
57 25
57 26
57 27
57 28
57 29
57 30
57 31
57 40
57 254
57 253
57 252
57 250
57 258
254 16
254 17
254 18
254 19
254 20
254 21
254 22
254 23
254 24
254 25
254 26
254 27
254 28
254 29
254 30
254 31
254 40
254 246
254 250
254 252
254 253
254 258
253 16
253 17
253 18
253 19
253 20
253 21
253 22
253 23
253 24
253 25
253 26
253 27
253 28
253 29
253 30
253 31
253 40
253 246
253 250
253 252
253 258
252 16
252 17
252 18
252 19
252 20
252 21
252 22
252 23
252 24
252 25
252 26
252 27
252 28
252 29
252 30
252 31
252 40
252 246
252 250
252 258
251 16
251 17
251 18
251 19
251 20
251 21
251 22
251 23
251 24
251 25
251 26
251 27
251 28
251 29
251 30
251 31
251 40
251 246
251 250
250 16
250 17
250 18
250 19
250 20
250 21
250 22
250 23
250 24
250 25
250 26
250 27
250 28
250 29
250 30
250 31
250 40
250 246
250 249
250 258
249 16
249 17
249 18
249 19
249 20
249 21
249 22
249 23
249 24
249 25
249 26
249 27
249 28
249 29
249 30
249 31
249 40
249 246
248 16
248 17
248 18
248 19
248 20
248 21
248 22
248 23
248 24
248 25
248 26
248 27
248 28
248 29
248 30
248 31
248 40
248 246
247 16
247 17
247 18
247 19
247 20
247 21
247 22
247 23
247 24
247 25
247 26
247 27
247 28
247 29
247 30
247 31
247 40
247 246
246 16
246 17
246 18
246 19
246 20
246 21
246 22
246 23
246 24
246 25
246 26
246 27
246 28
246 29
246 30
246 31
246 40
258 16
258 17
258 18
258 19
258 20
258 21
258 22
258 23
258 24
258 25
258 26
258 27
258 28
258 29
258 30
258 31
258 40
37 16
37 17
37 18
37 19
37 20
37 21
37 22
37 23
37 24
37 25
37 26
37 27
37 28
37 29
37 30
37 31
37 35
37 197
37 196
37 194
37 192
37 190
37 189
37 43
37 40
37 195
37 198
37 238
37 50
37 237
37 236
37 235
37 234
37 233
37 240
37 239
37 59
37 243
37 242
37 245
37 241
37 201
37 200
37 49
37 204
37 203
37 207
37 206
37 205
37 60
37 228
37 227
37 226
37 225
37 224
37 223
37 222
37 221
37 220
37 229
37 230
37 61
37 215
37 214
37 213
37 212
37 211
37 210
37 209
37 219
37 208
37 202
197 16
197 17
197 18
197 19
197 20
197 21
197 22
197 23
197 24
197 25
197 26
197 27
197 28
197 29
197 30
197 31
197 35
197 40
197 43
197 49
197 50
197 59
197 60
197 61
197 189
197 190
197 192
197 194
197 195
197 196
197 198
197 238
197 237
197 236
197 235
197 234
197 233
197 240
197 239
197 243
197 242
197 245
197 241
197 201
197 200
197 199
197 204
197 203
197 207
197 206
197 205
197 228
197 227
197 226
197 225
197 224
197 223
197 222
197 221
197 220
197 229
197 230
197 215
197 214
197 213
197 212
197 211
197 210
197 209
197 219
197 208
197 202
196 16
196 17
196 18
196 19
196 20
196 21
196 22
196 23
196 24
196 25
196 26
196 27
196 28
196 29
196 30
196 31
196 35
196 40
196 43
196 49
196 50
196 59
196 60
196 61
196 189
196 190
196 192
196 193
196 194
196 195
196 198
196 238
196 237
196 236
196 235
196 234
196 233
196 240
196 239
196 243
196 242
196 245
196 241
196 201
196 200
196 199
196 204
196 203
196 207
196 206
196 205
196 228
196 227
196 226
196 225
196 224
196 223
196 222
196 221
196 220
196 229
196 230
196 215
196 214
196 213
196 212
196 211
196 210
196 209
196 219
196 208
196 202
195 16
195 17
195 18
195 19
195 20
195 21
195 22
195 23
195 24
195 25
195 26
195 27
195 28
195 29
195 30
195 31
195 35
195 40
195 43
195 49
195 50
195 59
195 60
195 61
195 189
195 190
195 192
195 193
195 194
195 198
195 238
195 237
195 236
195 235
195 234
195 233
195 240
195 239
195 243
195 242
195 245
195 241
195 201
195 200
195 199
195 204
195 203
195 207
195 206
195 205
195 228
195 227
195 226
195 225
195 224
195 223
195 222
195 221
195 220
195 229
195 230
195 215
195 214
195 213
195 212
195 211
195 210
195 209
195 219
195 208
195 202
194 16
194 17
194 18
194 19
194 20
194 21
194 22
194 23
194 24
194 25
194 26
194 27
194 28
194 29
194 30
194 31
194 35
194 40
194 43
194 49
194 50
194 59
194 60
194 61
194 189
194 190
194 192
194 193
194 198
194 238
194 237
194 236
194 235
194 234
194 233
194 240
194 239
194 243
194 242
194 245
194 241
194 201
194 200
194 199
194 204
194 203
194 207
194 206
194 205
194 228
194 227
194 226
194 225
194 224
194 223
194 222
194 221
194 220
194 229
194 230
194 215
194 214
194 213
194 212
194 211
194 210
194 209
194 219
194 208
194 202
193 16
193 17
193 18
193 19
193 20
193 21
193 22
193 23
193 24
193 25
193 26
193 27
193 28
193 29
193 30
193 31
193 40
193 189
193 190
193 192
192 16
192 17
192 18
192 19
192 20
192 21
192 22
192 23
192 24
192 25
192 26
192 27
192 28
192 29
192 30
192 31
192 35
192 40
192 43
192 49
192 50
192 59
192 60
192 61
192 189
192 190
192 191
192 198
192 238
192 237
192 236
192 235
192 234
192 233
192 240
192 239
192 243
192 242
192 245
192 241
192 201
192 200
192 199
192 204
192 203
192 207
192 206
192 205
192 228
192 227
192 226
192 225
192 224
192 223
192 222
192 221
192 220
192 229
192 230
192 215
192 214
192 213
192 212
192 211
192 210
192 209
192 219
192 208
192 202
191 16
191 17
191 18
191 19
191 20
191 21
191 22
191 23
191 24
191 25
191 26
191 27
191 28
191 29
191 30
191 31
191 40
191 189
191 190
190 16
190 17
190 18
190 19
190 20
190 21
190 22
190 23
190 24
190 25
190 26
190 27
190 28
190 29
190 30
190 31
190 35
190 40
190 43
190 49
190 50
190 59
190 60
190 61
190 189
190 198
190 238
190 237
190 236
190 235
190 234
190 233
190 240
190 239
190 243
190 242
190 245
190 241
190 201
190 200
190 199
190 204
190 203
190 207
190 206
190 205
190 228
190 227
190 226
190 225
190 224
190 223
190 222
190 221
190 220
190 229
190 230
190 215
190 214
190 213
190 212
190 211
190 210
190 209
190 219
190 208
190 202
189 16
189 17
189 18
189 19
189 20
189 21
189 22
189 23
189 24
189 25
189 26
189 27
189 28
189 29
189 30
189 31
189 35
189 40
189 43
189 49
189 50
189 59
189 60
189 61
189 198
189 238
189 237
189 236
189 235
189 234
189 233
189 240
189 239
189 243
189 242
189 245
189 241
189 201
189 200
189 199
189 204
189 203
189 207
189 206
189 205
189 228
189 227
189 226
189 225
189 224
189 223
189 222
189 221
189 220
189 229
189 230
189 215
189 214
189 213
189 212
189 211
189 210
189 209
189 219
189 208
189 202
198 16
198 17
198 18
198 19
198 20
198 21
198 22
198 23
198 24
198 25
198 26
198 27
198 28
198 29
198 30
198 31
198 40
198 43
238 16
238 17
238 18
238 19
238 20
238 21
238 22
238 23
238 24
238 25
238 26
238 27
238 28
238 29
238 30
238 31
238 40
238 43
238 50
238 59
238 233
238 237
238 240
238 239
238 243
238 242
238 245
238 241
50 16
50 17
50 18
50 19
50 20
50 21
50 22
50 23
50 24
50 25
50 26
50 27
50 28
50 29
50 30
50 31
50 40
50 43
50 237
50 233
50 236
50 240
50 239
50 59
50 243
50 242
50 245
50 241
237 16
237 17
237 18
237 19
237 20
237 21
237 22
237 23
237 24
237 25
237 26
237 27
237 28
237 29
237 30
237 31
237 40
237 43
237 59
237 233
237 236
237 240
237 239
237 243
237 242
237 245
237 241
236 16
236 17
236 18
236 19
236 20
236 21
236 22
236 23
236 24
236 25
236 26
236 27
236 28
236 29
236 30
236 31
236 40
236 43
236 233
236 235
235 16
235 17
235 18
235 19
235 20
235 21
235 22
235 23
235 24
235 25
235 26
235 27
235 28
235 29
235 30
235 31
235 40
235 43
235 233
235 234
234 16
234 17
234 18
234 19
234 20
234 21
234 22
234 23
234 24
234 25
234 26
234 27
234 28
234 29
234 30
234 31
234 40
234 43
234 233
233 16
233 17
233 18
233 19
233 20
233 21
233 22
233 23
233 24
233 25
233 26
233 27
233 28
233 29
233 30
233 31
233 40
233 43
233 59
233 240
233 239
233 243
233 242
233 245
233 241
240 16
240 17
240 18
240 19
240 20
240 21
240 22
240 23
240 24
240 25
240 26
240 27
240 28
240 29
240 30
240 31
240 40
240 43
240 239
240 242
239 16
239 17
239 18
239 19
239 20
239 21
239 22
239 23
239 24
239 25
239 26
239 27
239 28
239 29
239 30
239 31
239 40
239 43
59 16
59 17
59 18
59 19
59 20
59 21
59 22
59 23
59 24
59 25
59 26
59 27
59 28
59 29
59 30
59 31
59 40
59 43
59 242
59 243
59 245
243 16
243 17
243 18
243 19
243 20
243 21
243 22
243 23
243 24
243 25
243 26
243 27
243 28
243 29
243 30
243 31
243 40
243 43
243 242
243 245
242 16
242 17
242 18
242 19
242 20
242 21
242 22
242 23
242 24
242 25
242 26
242 27
242 28
242 29
242 30
242 31
242 40
242 43
242 245
245 16
245 17
245 18
245 19
245 20
245 21
245 22
245 23
245 24
245 25
245 26
245 27
245 28
245 29
245 30
245 31
245 40
245 43
241 16
241 17
241 18
241 19
241 20
241 21
241 22
241 23
241 24
241 25
241 26
241 27
241 28
241 29
241 30
241 31
241 40
241 43
201 16
201 17
201 18
201 19
201 20
201 21
201 22
201 23
201 24
201 25
201 26
201 27
201 28
201 29
201 30
201 31
201 40
201 43
40 16
40 17
40 18
40 19
40 20
40 21
40 22
40 23
40 24
40 25
40 26
40 27
40 28
40 29
40 30
40 31
40 34
40 35
40 43
40 200
40 199
40 49
40 204
40 203
40 207
40 206
40 205
40 60
40 228
40 227
40 226
40 225
40 224
40 223
40 222
40 221
40 220
40 229
40 230
40 61
40 215
40 214
40 213
40 212
40 211
40 210
40 209
40 219
40 208
40 202
40 115
40 42
40 116
40 117
40 124
40 123
40 122
40 121
40 54
40 169
40 168
40 167
40 166
40 165
40 164
40 163
40 162
40 161
40 160
40 159
40 158
40 157
40 156
40 175
40 55
40 146
40 145
40 144
40 143
40 142
40 141
40 140
40 139
40 138
40 137
40 136
40 135
40 134
40 133
40 132
40 131
40 130
40 129
40 128
40 126
40 155
40 125
40 120
40 119
40 118
200 16
200 17
200 18
200 19
200 20
200 21
200 22
200 23
200 24
200 25
200 26
200 27
200 28
200 29
200 30
200 31
200 43
199 16
199 17
199 18
199 19
199 20
199 21
199 22
199 23
199 24
199 25
199 26
199 27
199 28
199 29
199 30
199 31
199 43
35 16
35 17
35 18
35 19
35 20
35 21
35 22
35 23
35 24
35 25
35 26
35 27
35 28
35 29
35 30
35 31
35 49
35 204
35 43
35 207
35 206
35 205
35 60
35 228
35 227
35 226
35 225
35 224
35 223
35 222
35 221
35 220
35 229
35 230
35 61
35 215
35 214
35 213
35 212
35 211
35 210
35 209
35 219
35 208
49 16
49 17
49 18
49 19
49 20
49 21
49 22
49 23
49 24
49 25
49 26
49 27
49 28
49 29
49 30
49 31
49 43
49 204
49 207
49 206
49 205
49 60
49 228
49 227
49 226
49 225
49 224
49 223
49 222
49 221
49 220
49 229
49 230
49 61
49 215
49 214
49 213
49 212
49 211
49 210
49 209
49 219
49 208
204 16
204 17
204 18
204 19
204 20
204 21
204 22
204 23
204 24
204 25
204 26
204 27
204 28
204 29
204 30
204 31
204 43
204 60
204 61
204 207
204 206
204 205
204 228
204 227
204 226
204 225
204 224
204 223
204 222
204 221
204 220
204 229
204 230
204 215
204 214
204 213
204 212
204 211
204 210
204 209
204 219
204 208
203 16
203 17
203 18
203 19
203 20
203 21
203 22
203 23
203 24
203 25
203 26
203 27
203 28
203 29
203 30
203 31
203 43
207 16
207 17
207 18
207 19
207 20
207 21
207 22
207 23
207 24
207 25
207 26
207 27
207 28
207 29
207 30
207 31
207 43
207 60
207 205
207 206
207 228
207 227
207 226
207 225
207 224
207 223
207 222
207 221
207 220
207 229
207 230
206 16
206 17
206 18
206 19
206 20
206 21
206 22
206 23
206 24
206 25
206 26
206 27
206 28
206 29
206 30
206 31
206 43
206 60
206 205
206 228
206 227
206 226
206 225
206 224
206 223
206 222
206 221
206 220
206 229
206 230
206 214
206 213
206 212
206 211
206 210
206 209
205 16
205 17
205 18
205 19
205 20
205 21
205 22
205 23
205 24
205 25
205 26
205 27
205 28
205 29
205 30
205 31
205 43
205 225
205 224
205 223
205 222
205 221
205 220
60 16
60 17
60 18
60 19
60 20
60 21
60 22
60 23
60 24
60 25
60 26
60 27
60 28
60 29
60 30
60 31
60 43
60 227
60 226
60 222
60 224
60 228
60 229
60 230
228 16
228 17
228 18
228 19
228 20
228 21
228 22
228 23
228 24
228 25
228 26
228 27
228 28
228 29
228 30
228 31
228 43
228 222
228 224
228 226
228 227
228 229
228 230
227 16
227 17
227 18
227 19
227 20
227 21
227 22
227 23
227 24
227 25
227 26
227 27
227 28
227 29
227 30
227 31
227 43
227 222
227 224
227 225
227 226
227 229
227 230
226 16
226 17
226 18
226 19
226 20
226 21
226 22
226 23
226 24
226 25
226 26
226 27
226 28
226 29
226 30
226 31
226 43
226 222
226 224
226 225
226 229
226 230
225 16
225 17
225 18
225 19
225 20
225 21
225 22
225 23
225 24
225 25
225 26
225 27
225 28
225 29
225 30
225 31
225 43
225 222
225 224
224 16
224 17
224 18
224 19
224 20
224 21
224 22
224 23
224 24
224 25
224 26
224 27
224 28
224 29
224 30
224 31
224 43
224 222
224 223
224 229
224 230
223 16
223 17
223 18
223 19
223 20
223 21
223 22
223 23
223 24
223 25
223 26
223 27
223 28
223 29
223 30
223 31
223 43
223 222
222 16
222 17
222 18
222 19
222 20
222 21
222 22
222 23
222 24
222 25
222 26
222 27
222 28
222 29
222 30
222 31
222 43
222 221
222 229
222 230
221 16
221 17
221 18
221 19
221 20
221 21
221 22
221 23
221 24
221 25
221 26
221 27
221 28
221 29
221 30
221 31
221 43
220 16
220 17
220 18
220 19
220 20
220 21
220 22
220 23
220 24
220 25
220 26
220 27
220 28
220 29
220 30
220 31
220 43
229 16
229 17
229 18
229 19
229 20
229 21
229 22
229 23
229 24
229 25
229 26
229 27
229 28
229 29
229 30
229 31
229 43
230 16
230 17
230 18
230 19
230 20
230 21
230 22
230 23
230 24
230 25
230 26
230 27
230 28
230 29
230 30
230 31
230 43
61 16
61 17
61 18
61 19
61 20
61 21
61 22
61 23
61 24
61 25
61 26
61 27
61 28
61 29
61 30
61 31
61 43
61 214
61 212
61 215
61 219
215 16
215 17
215 18
215 19
215 20
215 21
215 22
215 23
215 24
215 25
215 26
215 27
215 28
215 29
215 30
215 31
215 43
215 212
215 214
215 219
214 16
214 17
214 18
214 19
214 20
214 21
214 22
214 23
214 24
214 25
214 26
214 27
214 28
214 29
214 30
214 31
214 43
214 212
214 219
213 16
213 17
213 18
213 19
213 20
213 21
213 22
213 23
213 24
213 25
213 26
213 27
213 28
213 29
213 30
213 31
213 43
213 212
212 16
212 17
212 18
212 19
212 20
212 21
212 22
212 23
212 24
212 25
212 26
212 27
212 28
212 29
212 30
212 31
212 43
212 211
212 219
211 16
211 17
211 18
211 19
211 20
211 21
211 22
211 23
211 24
211 25
211 26
211 27
211 28
211 29
211 30
211 31
211 43
210 16
210 17
210 18
210 19
210 20
210 21
210 22
210 23
210 24
210 25
210 26
210 27
210 28
210 29
210 30
210 31
210 43
209 16
209 17
209 18
209 19
209 20
209 21
209 22
209 23
209 24
209 25
209 26
209 27
209 28
209 29
209 30
209 31
209 43
219 16
219 17
219 18
219 19
219 20
219 21
219 22
219 23
219 24
219 25
219 26
219 27
219 28
219 29
219 30
219 31
219 43
208 16
208 17
208 18
208 19
208 20
208 21
208 22
208 23
208 24
208 25
208 26
208 27
208 28
208 29
208 30
208 31
208 43
202 16
202 17
202 18
202 19
202 20
202 21
202 22
202 23
202 24
202 25
202 26
202 27
202 28
202 29
202 30
202 31
202 43
43 16
43 17
43 18
43 19
43 20
43 21
43 22
43 23
43 24
43 25
43 26
43 27
43 28
43 29
43 30
43 31
183 16
183 17
183 18
183 19
183 20
183 21
183 22
183 23
183 24
183 25
183 26
183 27
183 28
183 29
183 30
183 31
183 48
183 58
183 176
183 177
183 180
183 181
183 185
183 188
183 184
182 16
182 17
182 18
182 19
182 20
182 21
182 22
182 23
182 24
182 25
182 26
182 27
182 28
182 29
182 30
182 31
182 48
182 176
182 177
182 180
182 181
48 16
48 17
48 18
48 19
48 20
48 21
48 22
48 23
48 24
48 25
48 26
48 27
48 28
48 29
48 30
48 31
48 179
48 180
48 177
48 176
48 58
48 185
48 188
48 184
48 181
181 16
181 17
181 18
181 19
181 20
181 21
181 22
181 23
181 24
181 25
181 26
181 27
181 28
181 29
181 30
181 31
181 58
181 176
181 177
181 179
181 180
181 185
181 188
181 184
180 16
180 17
180 18
180 19
180 20
180 21
180 22
180 23
180 24
180 25
180 26
180 27
180 28
180 29
180 30
180 31
180 58
180 176
180 177
180 179
180 185
180 188
180 184
179 16
179 17
179 18
179 19
179 20
179 21
179 22
179 23
179 24
179 25
179 26
179 27
179 28
179 29
179 30
179 31
179 176
179 177
179 178
178 16
178 17
178 18
178 19
178 20
178 21
178 22
178 23
178 24
178 25
178 26
178 27
178 28
178 29
178 30
178 31
178 176
178 177
177 16
177 17
177 18
177 19
177 20
177 21
177 22
177 23
177 24
177 25
177 26
177 27
177 28
177 29
177 30
177 31
177 58
177 176
177 185
177 188
177 184
176 16
176 17
176 18
176 19
176 20
176 21
176 22
176 23
176 24
176 25
176 26
176 27
176 28
176 29
176 30
176 31
176 58
176 185
176 188
176 184
58 16
58 17
58 18
58 19
58 20
58 21
58 22
58 23
58 24
58 25
58 26
58 27
58 28
58 29
58 30
58 31
58 185
58 188
185 16
185 17
185 18
185 19
185 20
185 21
185 22
185 23
185 24
185 25
185 26
185 27
185 28
185 29
185 30
185 31
185 188
188 16
188 17
188 18
188 19
188 20
188 21
188 22
188 23
188 24
188 25
188 26
188 27
188 28
188 29
188 30
188 31
184 16
184 17
184 18
184 19
184 20
184 21
184 22
184 23
184 24
184 25
184 26
184 27
184 28
184 29
184 30
184 31
116 16
116 17
116 18
116 19
116 20
116 21
116 22
116 23
116 24
116 25
116 26
116 27
116 28
116 29
116 30
116 31
116 34
116 42
116 54
116 55
116 115
116 117
116 124
116 123
116 122
116 121
116 169
116 168
116 167
116 166
116 165
116 164
116 163
116 162
116 161
116 160
116 159
116 158
116 157
116 156
116 175
116 146
116 145
116 144
116 143
116 142
116 141
116 140
116 139
116 138
116 137
116 136
116 135
116 134
116 133
116 132
116 131
116 130
116 129
116 128
116 126
116 155
116 125
116 120
116 119
116 118
115 16
115 17
115 18
115 19
115 20
115 21
115 22
115 23
115 24
115 25
115 26
115 27
115 28
115 29
115 30
115 31
115 34
115 42
115 54
115 55
115 117
115 124
115 123
115 122
115 121
115 169
115 168
115 167
115 166
115 165
115 164
115 163
115 162
115 161
115 160
115 159
115 158
115 157
115 156
115 175
115 146
115 145
115 144
115 143
115 142
115 141
115 140
115 139
115 138
115 137
115 136
115 135
115 134
115 133
115 132
115 131
115 130
115 129
115 128
115 126
115 155
115 125
115 120
115 119
115 118
117 16
117 17
117 18
117 19
117 20
117 21
117 22
117 23
117 24
117 25
117 26
117 27
117 28
117 29
117 30
117 31
117 42
34 16
34 17
34 18
34 19
34 20
34 21
34 22
34 23
34 24
34 25
34 26
34 27
34 28
34 29
34 30
34 31
34 42
34 124
34 123
34 122
34 121
34 54
34 169
34 168
34 167
34 166
34 165
34 164
34 163
34 162
34 161
34 160
34 159
34 158
34 157
34 156
34 175
34 55
34 146
34 145
34 144
34 143
34 142
34 141
34 140
34 139
34 138
34 137
34 136
34 135
34 134
34 133
34 132
34 131
34 130
34 129
34 128
34 126
34 155
34 125
124 16
124 17
124 18
124 19
124 20
124 21
124 22
124 23
124 24
124 25
124 26
124 27
124 28
124 29
124 30
124 31
124 42
124 54
124 122
124 123
124 169
124 168
124 167
124 166
124 165
124 164
124 163
124 162
124 161
124 160
124 159
124 158
124 157
124 156
124 175
124 130
124 129
124 128
124 126
123 16
123 17
123 18
123 19
123 20
123 21
123 22
123 23
123 24
123 25
123 26
123 27
123 28
123 29
123 30
123 31
123 42
123 54
123 122
123 169
123 168
123 167
123 166
123 165
123 164
123 163
123 162
123 161
123 160
123 159
123 158
123 157
123 156
123 175
123 129
123 128
123 126
122 16
122 17
122 18
122 19
122 20
122 21
122 22
122 23
122 24
122 25
122 26
122 27
122 28
122 29
122 30
122 31
122 42
122 54
122 169
122 168
122 167
122 166
122 165
122 164
122 163
122 162
122 161
122 160
122 159
122 158
122 157
122 156
122 175
122 128
122 126
121 16
121 17
121 18
121 19
121 20
121 21
121 22
121 23
121 24
121 25
121 26
121 27
121 28
121 29
121 30
121 31
121 42
54 16
54 17
54 18
54 19
54 20
54 21
54 22
54 23
54 24
54 25
54 26
54 27
54 28
54 29
54 30
54 31
54 42
54 168
54 167
54 163
54 169
54 175
169 16
169 17
169 18
169 19
169 20
169 21
169 22
169 23
169 24
169 25
169 26
169 27
169 28
169 29
169 30
169 31
169 42
169 163
169 167
169 168
169 175
168 16
168 17
168 18
168 19
168 20
168 21
168 22
168 23
168 24
168 25
168 26
168 27
168 28
168 29
168 30
168 31
168 42
168 163
168 164
168 167
168 175
167 16
167 17
167 18
167 19
167 20
167 21
167 22
167 23
167 24
167 25
167 26
167 27
167 28
167 29
167 30
167 31
167 42
167 163
167 164
167 166
167 175
166 16
166 17
166 18
166 19
166 20
166 21
166 22
166 23
166 24
166 25
166 26
166 27
166 28
166 29
166 30
166 31
166 42
166 163
166 164
166 165
165 16
165 17
165 18
165 19
165 20
165 21
165 22
165 23
165 24
165 25
165 26
165 27
165 28
165 29
165 30
165 31
165 42
165 161
165 163
165 164
164 16
164 17
164 18
164 19
164 20
164 21
164 22
164 23
164 24
164 25
164 26
164 27
164 28
164 29
164 30
164 31
164 42
164 160
164 161
164 163
163 16
163 17
163 18
163 19
163 20
163 21
163 22
163 23
163 24
163 25
163 26
163 27
163 28
163 29
163 30
163 31
163 42
163 160
163 161
163 162
163 175
162 16
162 17
162 18
162 19
162 20
162 21
162 22
162 23
162 24
162 25
162 26
162 27
162 28
162 29
162 30
162 31
162 42
162 160
162 161
161 16
161 17
161 18
161 19
161 20
161 21
161 22
161 23
161 24
161 25
161 26
161 27
161 28
161 29
161 30
161 31
161 42
161 159
161 160
160 16
160 17
160 18
160 19
160 20
160 21
160 22
160 23
160 24
160 25
160 26
160 27
160 28
160 29
160 30
160 31
160 42
160 158
160 159
159 16
159 17
159 18
159 19
159 20
159 21
159 22
159 23
159 24
159 25
159 26
159 27
159 28
159 29
159 30
159 31
159 42
159 157
159 158
158 16
158 17
158 18
158 19
158 20
158 21
158 22
158 23
158 24
158 25
158 26
158 27
158 28
158 29
158 30
158 31
158 42
158 157
157 16
157 17
157 18
157 19
157 20
157 21
157 22
157 23
157 24
157 25
157 26
157 27
157 28
157 29
157 30
157 31
157 42
156 16
156 17
156 18
156 19
156 20
156 21
156 22
156 23
156 24
156 25
156 26
156 27
156 28
156 29
156 30
156 31
156 42
175 16
175 17
175 18
175 19
175 20
175 21
175 22
175 23
175 24
175 25
175 26
175 27
175 28
175 29
175 30
175 31
175 42
55 16
55 17
55 18
55 19
55 20
55 21
55 22
55 23
55 24
55 25
55 26
55 27
55 28
55 29
55 30
55 31
55 42
55 145
55 144
55 143
55 142
55 137
55 146
55 155
146 16
146 17
146 18
146 19
146 20
146 21
146 22
146 23
146 24
146 25
146 26
146 27
146 28
146 29
146 30
146 31
146 42
146 137
146 142
146 143
146 144
146 145
146 155
145 16
145 17
145 18
145 19
145 20
145 21
145 22
145 23
145 24
145 25
145 26
145 27
145 28
145 29
145 30
145 31
145 42
145 137
145 139
145 142
145 143
145 144
145 155
144 16
144 17
144 18
144 19
144 20
144 21
144 22
144 23
144 24
144 25
144 26
144 27
144 28
144 29
144 30
144 31
144 42
144 137
144 139
144 141
144 142
144 143
144 155
143 16
143 17
143 18
143 19
143 20
143 21
143 22
143 23
143 24
143 25
143 26
143 27
143 28
143 29
143 30
143 31
143 42
143 137
143 139
143 140
143 141
143 142
143 155
142 16
142 17
142 18
142 19
142 20
142 21
142 22
142 23
142 24
142 25
142 26
142 27
142 28
142 29
142 30
142 31
142 42
142 137
142 139
142 140
142 141
142 155
141 16
141 17
141 18
141 19
141 20
141 21
141 22
141 23
141 24
141 25
141 26
141 27
141 28
141 29
141 30
141 31
141 42
141 137
141 138
141 139
141 140
140 16
140 17
140 18
140 19
140 20
140 21
140 22
140 23
140 24
140 25
140 26
140 27
140 28
140 29
140 30
140 31
140 42
140 136
140 137
140 138
140 139
139 16
139 17
139 18
139 19
139 20
139 21
139 22
139 23
139 24
139 25
139 26
139 27
139 28
139 29
139 30
139 31
139 42
139 135
139 136
139 137
139 138
138 16
138 17
138 18
138 19
138 20
138 21
138 22
138 23
138 24
138 25
138 26
138 27
138 28
138 29
138 30
138 31
138 42
138 134
138 135
138 136
138 137
137 16
137 17
137 18
137 19
137 20
137 21
137 22
137 23
137 24
137 25
137 26
137 27
137 28
137 29
137 30
137 31
137 42
137 133
137 134
137 135
137 136
137 155
136 16
136 17
136 18
136 19
136 20
136 21
136 22
136 23
136 24
136 25
136 26
136 27
136 28
136 29
136 30
136 31
136 42
136 133
136 134
136 135
135 16
135 17
135 18
135 19
135 20
135 21
135 22
135 23
135 24
135 25
135 26
135 27
135 28
135 29
135 30
135 31
135 42
135 129
135 133
135 134
134 16
134 17
134 18
134 19
134 20
134 21
134 22
134 23
134 24
134 25
134 26
134 27
134 28
134 29
134 30
134 31
134 42
134 128
134 129
134 133
133 16
133 17
133 18
133 19
133 20
133 21
133 22
133 23
133 24
133 25
133 26
133 27
133 28
133 29
133 30
133 31
133 42
133 128
133 129
133 132
132 16
132 17
132 18
132 19
132 20
132 21
132 22
132 23
132 24
132 25
132 26
132 27
132 28
132 29
132 30
132 31
132 42
132 128
132 129
132 130
131 16
131 17
131 18
131 19
131 20
131 21
131 22
131 23
131 24
131 25
131 26
131 27
131 28
131 29
131 30
131 31
131 42
131 128
131 129
131 130
130 16
130 17
130 18
130 19
130 20
130 21
130 22
130 23
130 24
130 25
130 26
130 27
130 28
130 29
130 30
130 31
130 42
130 128
130 129
129 16
129 17
129 18
129 19
129 20
129 21
129 22
129 23
129 24
129 25
129 26
129 27
129 28
129 29
129 30
129 31
129 42
129 128
128 16
128 17
128 18
128 19
128 20
128 21
128 22
128 23
128 24
128 25
128 26
128 27
128 28
128 29
128 30
128 31
128 42
126 16
126 17
126 18
126 19
126 20
126 21
126 22
126 23
126 24
126 25
126 26
126 27
126 28
126 29
126 30
126 31
126 42
155 16
155 17
155 18
155 19
155 20
155 21
155 22
155 23
155 24
155 25
155 26
155 27
155 28
155 29
155 30
155 31
155 42
125 16
125 17
125 18
125 19
125 20
125 21
125 22
125 23
125 24
125 25
125 26
125 27
125 28
125 29
125 30
125 31
125 42
120 16
120 17
120 18
120 19
120 20
120 21
120 22
120 23
120 24
120 25
120 26
120 27
120 28
120 29
120 30
120 31
120 42
42 16
42 17
42 18
42 19
42 20
42 21
42 22
42 23
42 24
42 25
42 26
42 27
42 28
42 29
42 30
42 31
42 119
42 118
119 16
119 17
119 18
119 19
119 20
119 21
119 22
119 23
119 24
119 25
119 26
119 27
119 28
119 29
119 30
119 31
118 16
118 17
118 18
118 19
118 20
118 21
118 22
118 23
118 24
118 25
118 26
118 27
118 28
118 29
118 30
118 31
104 16
104 17
104 18
104 19
104 20
104 21
104 22
104 23
104 24
104 25
104 26
104 27
104 28
104 29
104 30
104 31
104 51
104 52
104 53
104 93
104 94
104 98
104 99
104 102
104 103
104 108
104 107
104 106
104 110
104 105
103 16
103 17
103 18
103 19
103 20
103 21
103 22
103 23
103 24
103 25
103 26
103 27
103 28
103 29
103 30
103 31
103 51
103 52
103 53
103 93
103 94
103 98
103 99
103 100
103 102
103 108
103 107
103 106
103 110
103 105
102 16
102 17
102 18
102 19
102 20
102 21
102 22
102 23
102 24
102 25
102 26
102 27
102 28
102 29
102 30
102 31
102 51
102 52
102 53
102 93
102 94
102 98
102 99
102 100
102 101
102 108
102 107
102 106
102 110
102 105
101 16
101 17
101 18
101 19
101 20
101 21
101 22
101 23
101 24
101 25
101 26
101 27
101 28
101 29
101 30
101 31
101 51
101 52
101 93
101 94
101 98
101 99
101 100
100 16
100 17
100 18
100 19
100 20
100 21
100 22
100 23
100 24
100 25
100 26
100 27
100 28
100 29
100 30
100 31
100 51
100 52
100 93
100 94
100 97
100 98
100 99
52 16
52 17
52 18
52 19
52 20
52 21
52 22
52 23
52 24
52 25
52 26
52 27
52 28
52 29
52 30
52 31
52 51
52 97
52 96
52 98
52 94
52 93
52 53
52 108
52 107
52 106
52 110
52 105
52 99
51 16
51 17
51 18
51 19
51 20
51 21
51 22
51 23
51 24
51 25
51 26
51 27
51 28
51 29
51 30
51 31
51 97
51 96
51 98
51 99
51 93
51 53
51 108
51 107
51 106
51 110
51 105
51 94
99 16
99 17
99 18
99 19
99 20
99 21
99 22
99 23
99 24
99 25
99 26
99 27
99 28
99 29
99 30
99 31
99 53
99 93
99 94
99 96
99 97
99 98
99 108
99 107
99 106
99 110
99 105
98 16
98 17
98 18
98 19
98 20
98 21
98 22
98 23
98 24
98 25
98 26
98 27
98 28
98 29
98 30
98 31
98 53
98 93
98 94
98 96
98 97
98 108
98 107
98 106
98 110
98 105
97 16
97 17
97 18
97 19
97 20
97 21
97 22
97 23
97 24
97 25
97 26
97 27
97 28
97 29
97 30
97 31
97 93
97 94
97 95
97 96
96 16
96 17
96 18
96 19
96 20
96 21
96 22
96 23
96 24
96 25
96 26
96 27
96 28
96 29
96 30
96 31
96 93
96 94
96 95
95 16
95 17
95 18
95 19
95 20
95 21
95 22
95 23
95 24
95 25
95 26
95 27
95 28
95 29
95 30
95 31
95 93
95 94
94 16
94 17
94 18
94 19
94 20
94 21
94 22
94 23
94 24
94 25
94 26
94 27
94 28
94 29
94 30
94 31
94 53
94 93
94 108
94 107
94 106
94 110
94 105
93 16
93 17
93 18
93 19
93 20
93 21
93 22
93 23
93 24
93 25
93 26
93 27
93 28
93 29
93 30
93 31
93 53
93 108
93 107
93 106
93 110
93 105
53 16
53 17
53 18
53 19
53 20
53 21
53 22
53 23
53 24
53 25
53 26
53 27
53 28
53 29
53 30
53 31
53 107
53 106
53 108
53 110
108 16
108 17
108 18
108 19
108 20
108 21
108 22
108 23
108 24
108 25
108 26
108 27
108 28
108 29
108 30
108 31
108 106
108 107
108 110
107 16
107 17
107 18
107 19
107 20
107 21
107 22
107 23
107 24
107 25
107 26
107 27
107 28
107 29
107 30
107 31
107 106
107 110
106 16
106 17
106 18
106 19
106 20
106 21
106 22
106 23
106 24
106 25
106 26
106 27
106 28
106 29
106 30
106 31
106 110
110 16
110 17
110 18
110 19
110 20
110 21
110 22
110 23
110 24
110 25
110 26
110 27
110 28
110 29
110 30
110 31
105 16
105 17
105 18
105 19
105 20
105 21
105 22
105 23
105 24
105 25
105 26
105 27
105 28
105 29
105 30
105 31
16 17
16 18
16 19
16 20
16 21
16 22
16 23
16 24
16 25
16 26
16 27
16 28
16 29
16 30
16 31
17 18
17 19
17 20
17 21
17 22
17 23
17 24
17 25
17 26
17 27
17 28
17 29
17 30
17 31
18 19
18 20
18 21
18 22
18 23
18 24
18 25
18 26
18 27
18 28
18 29
18 30
18 31
19 20
19 21
19 22
19 23
19 24
19 25
19 26
19 27
19 28
19 29
19 30
19 31
20 21
20 22
20 23
20 24
20 25
20 26
20 27
20 28
20 29
20 30
20 31
21 22
21 23
21 24
21 25
21 26
21 27
21 28
21 29
21 30
21 31
22 23
22 24
22 25
22 26
22 27
22 28
22 29
22 30
22 31
23 24
23 25
23 26
23 27
23 28
23 29
23 30
23 31
24 25
24 26
24 27
24 28
24 29
24 30
24 31
25 26
25 27
25 28
25 29
25 30
25 31
26 27
26 28
26 29
26 30
26 31
27 28
27 29
27 30
27 31
28 29
28 30
28 31
29 30
29 31
30 31
