450 9757
0 158
0 163
0 268
0 438
0 263
0 333
0 214
0 197
0 27
0 238
0 212
0 53
0 287
0 276
0 377
0 219
0 6
0 82
0 103
0 329
0 278
0 439
0 104
0 366
0 297
0 109
0 96
0 202
0 102
0 208
0 372
0 213
0 444
0 186
158 2
158 5
158 14
158 26
158 36
158 85
158 86
158 95
158 104
158 112
158 117
158 141
158 155
158 431
158 376
158 306
158 365
158 337
158 366
158 371
158 200
158 196
158 405
158 361
158 245
158 316
158 385
158 185
158 336
158 160
158 256
158 311
158 170
158 350
158 406
158 190
158 426
158 227
158 284
158 355
158 201
158 194
158 280
158 231
158 441
158 342
158 374
158 341
163 14
163 15
163 16
163 42
163 47
163 70
163 79
163 86
163 91
163 104
163 105
163 136
163 157
163 162
163 267
163 370
163 194
163 270
163 290
163 426
163 387
163 374
163 275
163 221
163 261
163 425
163 196
163 284
163 175
163 169
163 200
163 195
163 401
163 259
163 185
163 246
163 285
163 439
163 180
163 190
163 336
163 272
163 280
163 411
163 382
163 349
163 375
163 396
268 36
268 39
268 41
268 61
268 62
268 67
268 75
268 90
268 96
268 104
268 106
268 116
268 126
268 129
268 140
268 151
268 165
268 170
268 175
268 177
268 201
268 219
268 221
268 255
268 260
268 271
268 270
268 446
268 340
268 326
268 321
268 309
268 411
268 355
268 291
268 431
268 292
268 420
268 315
268 376
268 287
268 402
268 399
268 386
438 5
438 36
438 41
438 46
438 56
438 59
438 80
438 81
438 84
438 85
438 87
438 91
438 92
438 95
438 96
438 100
438 131
438 149
438 156
438 174
438 176
438 180
438 185
438 201
438 202
438 206
438 239
438 240
438 260
438 264
438 270
438 280
438 286
438 312
438 316
438 317
438 326
438 329
438 354
438 355
438 360
438 370
438 371
438 416
438 419
438 421
438 427
438 444
263 11
263 17
263 22
263 39
263 46
263 56
263 64
263 70
263 90
263 96
263 101
263 106
263 125
263 129
263 132
263 137
263 151
263 154
263 211
263 219
263 225
263 242
263 244
263 247
263 362
263 424
263 271
263 436
263 399
263 381
263 361
263 309
263 435
263 270
263 357
263 286
263 340
263 341
333 11
333 15
333 20
333 34
333 72
333 90
333 105
333 124
333 136
333 182
333 187
333 191
333 195
333 196
333 214
333 255
333 256
333 275
333 280
333 285
333 296
333 297
333 304
333 306
333 311
333 316
333 360
333 365
333 421
333 426
333 407
333 394
333 380
333 412
333 401
214 6
214 17
214 25
214 81
214 90
214 97
214 101
214 108
214 113
214 115
214 117
214 176
214 177
214 180
214 181
214 182
214 191
214 205
214 212
214 361
214 371
214 366
214 256
214 402
214 232
214 385
214 352
214 360
214 270
214 342
214 338
214 237
214 223
214 448
214 295
214 271
197 5
197 13
197 50
197 51
197 54
197 60
197 69
197 74
197 79
197 103
197 105
197 110
197 120
197 149
197 154
197 161
197 164
197 166
197 170
197 193
197 249
197 275
197 373
197 335
197 219
197 294
197 234
197 254
197 390
197 409
197 395
197 229
197 280
197 386
197 315
197 225
197 445
197 391
197 276
197 239
197 411
197 283
197 324
197 385
27 9
27 10
27 26
27 159
27 290
27 239
27 249
27 395
27 148
27 424
27 324
27 230
27 344
27 229
27 310
27 149
27 269
27 70
27 361
27 366
27 58
27 234
27 74
27 125
27 209
27 115
27 251
27 404
27 60
27 285
27 141
27 328
27 419
27 235
27 136
27 238
27 418
27 339
27 425
238 30
238 31
238 40
238 49
238 74
238 76
238 86
238 120
238 130
238 135
238 136
238 137
238 139
238 140
238 142
238 164
238 196
238 201
238 206
238 210
238 215
238 216
238 220
238 225
238 229
238 235
238 319
238 395
238 416
238 385
238 310
238 366
238 255
238 421
238 296
238 362
238 251
238 295
238 361
238 344
238 381
238 400
238 315
238 286
238 426
238 409
238 301
238 367
238 254
238 300
238 336
238 252
238 434
238 320
238 441
212 4
212 5
212 10
212 28
212 35
212 53
212 71
212 75
212 84
212 89
212 94
212 99
212 118
212 120
212 125
212 143
212 174
212 175
212 181
212 184
212 186
212 208
212 411
212 405
212 240
212 291
212 235
212 369
212 290
212 406
212 298
212 388
212 254
212 439
212 233
212 434
212 385
212 295
212 296
212 323
212 269
212 309
212 413
212 306
212 279
212 380
212 281
212 246
53 5
53 15
53 16
53 21
53 31
53 92
53 86
53 317
53 416
53 180
53 275
53 296
53 85
53 131
53 396
53 96
53 437
53 366
53 375
53 306
53 200
53 106
53 70
53 361
53 105
53 145
53 421
53 141
53 169
53 365
53 355
53 349
53 316
53 97
53 370
53 331
53 207
53 79
53 190
53 426
53 161
53 322
53 439
53 360
53 446
53 432
53 259
53 95
53 351
287 5
287 19
287 23
287 29
287 34
287 36
287 45
287 50
287 51
287 55
287 60
287 88
287 100
287 104
287 109
287 113
287 114
287 119
287 120
287 124
287 129
287 130
287 146
287 159
287 161
287 166
287 178
287 185
287 191
287 194
287 203
287 204
287 206
287 220
287 225
287 260
287 275
287 276
287 280
287 285
287 386
287 358
287 345
287 391
287 444
287 299
287 395
287 374
287 448
287 293
287 383
287 335
287 366
287 389
276 13
276 17
276 18
276 49
276 54
276 83
276 84
276 87
276 98
276 104
276 107
276 109
276 110
276 115
276 139
276 159
276 164
276 168
276 169
276 178
276 198
276 203
276 219
276 224
276 225
276 273
276 339
276 288
276 279
276 363
276 449
276 444
276 377
276 278
276 379
276 340
276 335
276 284
276 283
276 389
377 8
377 16
377 21
377 50
377 51
377 55
377 60
377 69
377 79
377 84
377 89
377 98
377 115
377 151
377 159
377 161
377 164
377 166
377 170
377 174
377 175
377 179
377 188
377 225
377 230
377 254
377 255
377 278
377 280
377 285
377 290
377 319
377 330
377 340
377 345
377 346
377 349
377 355
377 359
377 361
377 368
377 445
377 439
377 400
377 386
377 391
377 415
377 401
377 449
377 425
377 429
219 1
219 6
219 7
219 11
219 16
219 17
219 38
219 43
219 62
219 72
219 76
219 77
219 81
219 90
219 122
219 153
219 176
219 180
219 181
219 187
219 402
219 356
219 372
219 376
219 352
219 378
219 266
219 270
219 407
219 360
219 357
219 286
6 3
6 324
6 102
6 298
6 123
6 384
6 54
6 110
6 192
6 128
6 113
6 372
6 423
6 224
6 114
6 109
6 282
6 12
6 288
6 209
6 17
6 198
6 44
6 82
6 373
6 334
6 335
6 447
6 99
6 237
6 18
6 49
6 225
6 387
6 138
6 269
6 340
6 32
6 393
6 439
6 115
82 13
82 31
82 56
82 59
82 69
82 380
82 90
82 265
82 375
82 396
82 419
82 234
82 285
82 144
82 300
82 166
82 154
82 286
82 281
82 414
82 171
82 329
82 391
82 149
82 365
82 249
82 373
82 334
82 335
82 103
82 445
82 283
82 324
82 205
82 441
82 409
82 395
82 411
82 193
82 429
82 140
82 421
103 1
103 31
103 59
103 87
103 100
103 280
103 106
103 312
103 111
103 286
103 417
103 146
103 370
103 331
103 440
103 301
103 419
103 190
103 156
103 422
103 275
103 149
103 365
103 265
103 216
103 329
103 180
103 239
103 170
103 411
103 307
103 445
103 211
329 1
329 32
329 81
329 86
329 87
329 90
329 101
329 132
329 156
329 176
329 180
329 196
329 202
329 213
329 218
329 270
329 271
329 302
329 307
329 312
329 328
329 367
329 357
329 443
329 351
329 372
329 441
329 417
329 427
329 360
278 20
278 21
278 37
278 41
278 42
278 51
278 79
278 91
278 96
278 101
278 105
278 106
278 111
278 152
278 169
278 195
278 200
278 211
278 221
278 259
278 262
278 267
278 270
278 275
278 326
278 331
278 375
278 360
278 446
278 305
278 315
278 381
278 439
278 295
278 285
278 386
278 280
278 349
439 1
439 11
439 25
439 32
439 37
439 42
439 86
439 90
439 91
439 92
439 96
439 115
439 137
439 157
439 168
439 180
439 205
439 257
439 261
439 270
439 281
439 295
439 322
439 327
439 356
439 360
439 381
439 385
439 388
439 393
439 397
439 432
439 437
439 441
439 446
104 1
104 48
104 52
104 57
104 62
104 81
104 90
104 91
104 96
104 101
104 446
104 106
104 277
104 272
104 117
104 282
104 191
104 367
104 241
104 167
104 306
104 162
104 427
104 177
104 232
104 176
104 147
104 181
104 392
104 221
104 332
104 270
104 281
104 262
104 366
104 297
104 402
104 172
104 356
104 383
104 360
104 266
104 107
104 261
104 442
104 388
104 180
104 271
104 447
104 273
104 196
366 2
366 3
366 49
366 58
366 68
366 79
366 88
366 99
366 109
366 110
366 115
366 117
366 164
366 207
366 225
366 234
366 272
366 297
366 328
366 334
366 335
366 338
366 340
366 347
366 362
366 433
366 379
366 414
366 418
366 387
366 403
366 389
297 10
297 26
297 39
297 49
297 54
297 55
297 60
297 63
297 65
297 75
297 105
297 124
297 125
297 129
297 134
297 136
297 139
297 141
297 153
297 180
297 224
297 230
297 234
297 235
297 243
297 251
297 340
297 405
297 423
297 309
297 334
297 444
297 361
297 404
109 1
109 16
109 22
109 52
109 62
109 65
109 88
109 91
109 93
109 96
109 106
109 232
109 313
109 155
109 227
109 181
109 201
109 271
109 251
109 387
109 222
109 381
109 428
109 186
109 245
109 291
109 147
109 196
109 252
109 203
109 425
109 332
109 282
109 202
109 318
109 335
96 3
96 17
96 22
96 44
96 49
96 78
96 83
96 382
96 348
96 353
96 173
96 384
96 444
96 335
96 223
96 394
96 292
96 358
96 99
96 313
96 389
96 110
96 202
96 112
96 183
96 302
96 128
96 225
96 192
96 398
96 324
96 115
96 198
96 340
202 5
202 10
202 55
202 65
202 78
202 79
202 89
202 110
202 120
202 159
202 164
202 168
202 175
202 220
202 344
202 206
202 429
202 444
202 424
202 345
202 316
202 239
202 285
202 390
202 399
202 445
202 211
202 321
202 348
202 405
202 389
202 244
202 230
202 431
202 249
202 235
202 406
202 258
202 334
202 271
102 11
102 20
102 28
102 55
102 194
102 330
102 449
102 349
102 346
102 184
102 359
102 145
102 116
102 284
102 388
102 399
102 445
102 121
102 174
102 170
102 231
102 115
102 341
102 208
102 444
102 298
102 274
102 135
102 356
102 118
102 279
102 380
102 191
208 56
208 75
208 84
208 90
208 121
208 126
208 170
208 174
208 175
208 264
208 345
208 401
208 327
208 354
208 346
208 320
208 351
208 235
208 226
208 442
208 375
208 437
208 444
208 336
208 217
208 246
372 15
372 21
372 33
372 35
372 61
372 69
372 74
372 79
372 80
372 84
372 90
372 100
372 116
372 121
372 123
372 126
372 144
372 159
372 160
372 165
372 170
372 186
372 196
372 213
372 216
372 220
372 231
372 236
372 244
372 245
372 255
372 260
372 264
372 280
372 303
372 334
372 335
372 336
372 340
372 346
372 349
372 354
372 445
372 390
372 424
372 393
372 406
372 429
372 410
372 444
213 1
213 5
213 10
213 26
213 32
213 37
213 59
213 66
213 84
213 85
213 90
213 95
213 100
213 121
213 126
213 147
213 149
213 161
213 170
213 174
213 175
213 180
213 186
213 196
213 226
213 345
213 445
213 264
213 370
213 239
213 396
213 355
213 291
213 440
213 410
213 262
213 271
213 354
213 260
213 444
213 236
213 257
213 419
444 1
444 16
444 37
444 47
444 90
444 98
444 147
444 157
444 180
444 181
444 186
444 191
444 270
444 271
444 286
444 316
444 317
444 322
444 323
444 332
444 360
444 361
444 382
444 433
444 442
444 446
186 7
186 32
186 43
186 44
186 48
186 49
186 97
186 110
186 115
186 138
186 148
186 169
186 392
186 408
186 187
186 379
186 384
186 302
186 218
186 419
186 277
186 198
186 340
186 367
186 428
186 335
186 362
186 353
186 225
1 185
1 37
1 383
1 54
1 113
1 394
1 99
1 70
1 108
1 433
1 198
1 295
1 13
1 49
1 217
1 388
1 14
1 397
1 23
1 114
1 373
1 334
1 65
1 389
1 290
1 127
1 274
1 405
1 239
1 122
1 43
1 307
1 147
1 180
185 2
185 12
185 23
185 32
185 34
185 39
185 43
185 48
185 52
185 66
185 91
185 92
185 108
185 113
185 127
185 137
185 142
185 149
185 168
185 181
185 388
185 448
185 393
185 443
185 271
185 322
185 323
185 361
185 328
185 223
185 378
185 397
185 246
185 426
185 227
185 374
185 302
185 317
185 264
185 259
185 336
37 8
37 15
37 20
37 21
37 26
37 33
37 303
37 336
37 70
37 235
37 125
37 269
37 240
37 111
37 120
37 341
37 434
37 205
37 393
37 74
37 259
37 275
37 226
37 368
37 179
37 150
37 295
37 91
37 188
37 429
37 410
37 426
37 349
37 285
37 386
37 116
37 123
37 164
37 135
37 174
37 175
37 180
37 271
37 98
37 84
37 75
37 66
383 10
383 14
383 15
383 50
383 57
383 62
383 80
383 95
383 100
383 101
383 111
383 121
383 146
383 166
383 167
383 171
383 172
383 194
383 226
383 266
383 270
383 282
383 284
383 286
383 311
383 341
383 346
383 350
383 355
383 356
383 360
383 365
383 370
383 374
383 392
383 406
383 445
383 391
383 397
383 440
54 11
54 20
54 21
54 26
54 271
54 367
54 296
54 111
54 196
54 376
54 101
54 371
54 291
54 237
54 106
54 62
54 381
54 222
54 301
54 191
54 187
54 116
54 307
54 386
54 77
54 200
54 58
54 206
54 398
54 380
54 281
54 181
54 122
54 242
54 110
54 412
54 63
54 312
54 283
54 352
54 288
54 290
54 361
113 9
113 15
113 20
113 21
113 25
113 34
113 46
113 51
113 56
113 57
113 61
113 66
113 75
113 99
113 369
113 226
113 290
113 385
113 396
113 397
113 394
113 370
113 115
113 435
113 171
113 195
113 401
113 167
113 176
113 172
113 304
113 231
113 282
113 279
113 392
113 189
113 280
394 11
394 12
394 17
394 20
394 21
394 62
394 67
394 101
394 108
394 110
394 182
394 187
394 196
394 200
394 201
394 206
394 223
394 227
394 242
394 286
394 290
394 291
394 292
394 338
394 342
394 376
394 380
394 407
394 397
394 448
99 2
99 3
99 25
99 36
99 52
99 81
99 86
99 171
99 337
99 251
99 387
99 307
99 272
99 343
99 385
99 222
99 118
99 361
99 117
99 392
99 441
99 267
99 167
99 176
99 351
99 115
99 447
99 356
99 112
99 338
99 205
99 277
99 228
99 295
99 181
70 32
70 33
70 38
70 39
70 42
70 44
70 47
70 302
70 433
70 264
70 312
70 313
70 363
70 152
70 368
70 262
70 91
70 222
70 183
70 127
70 108
70 269
70 117
70 133
70 362
70 322
70 247
70 83
70 188
70 167
70 138
70 384
70 181
70 303
70 447
70 93
70 242
70 198
70 397
70 203
70 379
70 361
70 417
70 154
70 271
108 5
108 12
108 17
108 20
108 34
108 45
108 61
108 66
108 81
108 90
108 95
108 101
108 116
108 195
108 365
108 446
108 304
108 286
108 237
108 270
108 371
108 441
108 124
108 285
108 360
108 391
108 435
108 171
108 281
108 352
108 242
108 380
108 291
108 127
108 431
433 21
433 25
433 31
433 36
433 40
433 47
433 75
433 80
433 84
433 85
433 86
433 115
433 141
433 146
433 157
433 162
433 165
433 174
433 180
433 201
433 206
433 236
433 251
433 256
433 264
433 265
433 266
433 267
433 272
433 354
433 355
433 360
433 382
433 387
433 390
433 396
433 426
433 435
433 436
433 440
198 12
198 17
198 36
198 44
198 101
198 111
198 127
198 134
198 145
198 150
198 155
198 161
198 165
198 166
198 240
198 341
198 420
198 401
198 281
198 352
198 295
198 330
198 211
198 200
198 286
198 405
198 314
198 237
198 331
198 305
198 221
198 336
198 355
198 224
198 245
198 201
198 404
198 242
198 271
198 340
295 32
295 42
295 63
295 91
295 92
295 97
295 117
295 123
295 127
295 132
295 137
295 142
295 168
295 177
295 178
295 181
295 209
295 217
295 228
295 233
295 257
295 271
295 277
295 283
295 302
295 312
295 324
295 307
295 367
295 348
295 397
295 393
295 361
295 434
295 448
13 192
13 344
13 434
13 125
13 271
13 300
13 135
13 46
13 65
13 312
13 410
13 361
13 390
13 130
13 381
13 225
13 166
13 229
13 161
13 254
13 446
13 386
13 150
13 216
13 319
13 320
13 210
13 236
13 445
13 391
13 87
13 164
13 16
13 307
13 139
13 30
13 331
13 422
13 74
13 305
13 221
13 409
13 395
13 411
13 417
13 49
13 315
13 376
49 7
49 11
49 18
49 45
49 371
49 72
49 181
49 86
49 101
49 127
49 351
49 56
49 191
49 307
49 135
49 446
49 302
49 362
49 407
49 243
49 286
49 237
49 225
49 106
49 247
49 353
49 405
49 91
49 77
49 128
49 352
49 196
49 417
49 315
49 376
217 3
217 5
217 9
217 10
217 11
217 14
217 28
217 75
217 79
217 111
217 116
217 118
217 121
217 125
217 131
217 136
217 146
217 149
217 174
217 175
217 179
217 189
217 195
217 230
217 369
217 355
217 449
217 245
217 341
217 274
217 235
217 336
217 350
217 226
217 388
217 284
217 265
217 240
217 330
217 298
217 364
217 325
388 10
388 11
388 14
388 55
388 79
388 81
388 86
388 90
388 116
388 121
388 126
388 141
388 169
388 171
388 175
388 176
388 181
388 190
388 194
388 195
388 200
388 205
388 221
388 226
388 231
388 259
388 265
388 270
388 281
388 284
388 285
388 291
388 296
388 327
388 349
388 351
388 355
388 365
388 374
388 396
388 406
388 401
388 445
388 437
388 442
14 327
14 31
14 282
14 172
14 375
14 260
14 216
14 107
14 136
14 387
14 67
14 401
14 221
14 271
14 80
14 311
14 272
14 285
14 337
14 105
14 391
14 397
14 440
14 121
14 342
14 170
14 141
14 227
14 350
14 447
14 195
14 41
14 222
14 273
14 316
14 277
14 48
14 15
14 406
397 10
397 15
397 19
397 23
397 45
397 111
397 114
397 116
397 121
397 203
397 204
397 209
397 215
397 226
397 231
397 235
397 281
397 284
397 285
397 293
397 299
397 326
397 336
397 341
397 350
397 361
397 365
397 374
397 379
397 389
397 395
397 400
397 445
397 419
397 440
397 406
23 11
23 51
23 291
23 171
23 145
23 61
23 286
23 401
23 100
23 236
23 66
23 55
23 141
23 231
23 167
23 24
23 45
23 190
23 336
23 320
23 351
23 172
23 294
23 240
23 245
23 111
23 384
23 135
23 86
23 57
23 335
23 391
23 62
23 204
23 230
23 431
23 282
23 114
23 425
23 106
114 12
114 16
114 21
114 40
114 57
114 61
114 65
114 67
114 106
114 111
114 112
114 402
114 400
114 206
114 347
114 172
114 376
114 247
114 401
114 201
114 167
114 138
114 133
114 310
114 245
114 391
114 227
114 248
114 335
114 121
114 282
114 425
114 363
114 155
114 281
114 292
114 358
114 220
114 211
373 16
373 36
373 46
373 64
373 65
373 75
373 76
373 80
373 85
373 87
373 106
373 116
373 141
373 154
373 165
373 166
373 170
373 221
373 244
373 245
373 250
373 260
373 265
373 271
373 286
373 291
373 307
373 312
373 334
373 335
373 336
373 345
373 435
373 417
373 440
373 424
373 426
373 422
373 425
334 11
334 16
334 21
334 33
334 38
334 65
334 77
334 87
334 101
334 106
334 137
334 147
334 148
334 155
334 192
334 196
334 242
334 245
334 252
334 257
334 258
334 271
334 281
334 286
334 291
334 387
334 361
334 335
334 422
334 425
65 22
65 26
65 32
65 52
65 132
65 449
65 206
65 392
65 181
65 193
65 312
65 428
65 91
65 402
65 448
65 78
65 339
65 308
65 386
65 361
65 296
65 302
65 398
65 318
65 407
65 423
65 224
65 116
65 258
65 271
389 7
389 20
389 45
389 57
389 62
389 63
389 67
389 68
389 86
389 101
389 110
389 112
389 117
389 127
389 135
389 177
389 178
389 181
389 182
389 191
389 200
389 201
389 225
389 271
389 281
389 282
389 288
389 290
389 292
389 293
389 315
389 347
389 356
389 361
389 371
389 376
389 380
389 405
389 402
389 427
389 403
290 8
290 26
290 58
290 63
290 92
290 112
290 116
290 117
290 122
290 127
290 132
290 164
290 168
290 169
290 181
290 182
290 206
290 223
290 271
290 279
290 283
290 284
290 288
290 392
290 302
290 398
290 307
290 386
290 393
290 352
290 427
290 347
290 403
290 338
290 296
290 361
127 5
127 10
127 18
127 34
127 36
127 39
127 66
127 75
127 85
127 111
127 116
127 119
127 124
127 125
127 209
127 226
127 224
127 155
127 285
127 145
127 315
127 194
127 405
127 314
127 341
127 288
127 336
127 134
127 319
127 410
127 350
127 355
127 404
127 150
127 399
127 196
127 129
127 260
127 396
127 431
127 378
127 430
127 351
274 11
274 16
274 45
274 47
274 52
274 68
274 73
274 87
274 91
274 97
274 101
274 135
274 152
274 157
274 162
274 176
274 181
274 183
274 188
274 191
274 222
274 225
274 226
274 267
274 271
274 272
274 277
274 286
274 392
274 408
274 436
274 322
274 413
274 447
274 307
274 356
274 315
274 405
274 442
274 327
274 298
405 22
405 42
405 52
405 78
405 91
405 117
405 122
405 137
405 138
405 142
405 147
405 159
405 164
405 167
405 181
405 183
405 193
405 222
405 243
405 247
405 271
405 302
405 303
405 307
405 312
405 322
405 348
405 353
405 358
405 361
405 384
405 403
405 408
405 413
405 418
239 15
239 22
239 41
239 51
239 80
239 105
239 126
239 131
239 132
239 137
239 142
239 167
239 170
239 195
239 206
239 218
239 221
239 226
239 375
239 306
239 311
239 257
239 332
239 440
239 301
239 321
239 260
239 396
239 252
239 285
239 307
239 443
239 328
239 350
239 316
239 312
239 411
122 10
122 15
122 29
122 34
122 39
122 43
122 44
122 56
122 66
122 71
122 115
122 119
122 120
122 175
122 129
122 350
122 404
122 224
122 313
122 289
122 240
122 291
122 209
122 181
122 400
122 235
122 406
122 169
122 296
122 180
122 365
122 421
122 133
122 204
122 230
122 223
122 304
122 370
122 241
122 251
122 403
122 299
122 215
43 7
43 12
43 15
43 39
43 181
43 237
43 416
43 271
43 291
43 342
43 355
43 136
43 301
43 400
43 296
43 80
43 131
43 205
43 351
43 117
43 194
43 100
43 76
43 129
43 399
43 265
43 396
43 360
43 266
43 180
43 232
43 365
43 356
43 95
43 81
43 347
43 309
43 75
43 336
307 10
307 30
307 36
307 59
307 64
307 111
307 116
307 119
307 130
307 139
307 180
307 193
307 211
307 226
307 240
307 244
307 249
307 260
307 265
307 283
307 324
307 336
307 414
307 331
307 445
147 30
147 33
147 50
147 61
147 64
147 66
147 69
147 75
147 79
147 123
147 135
147 140
147 144
147 145
147 339
147 255
147 393
147 349
147 375
147 240
147 360
147 249
147 305
147 355
147 354
147 440
147 245
147 291
147 176
147 410
147 286
147 164
147 429
147 166
147 303
147 159
147 271
147 420
147 401
147 180
180 32
180 47
180 48
180 52
180 73
180 83
180 87
180 91
180 98
180 117
180 137
180 157
180 317
180 402
180 312
180 392
180 352
180 378
180 361
180 323
180 181
180 271
2 261
2 248
2 215
2 146
2 428
2 289
2 119
2 374
2 270
2 155
2 371
2 189
2 10
2 36
2 68
2 209
2 25
2 385
2 160
2 256
2 9
2 105
2 31
2 338
2 124
2 375
2 396
2 194
2 190
2 426
261 48
261 63
261 67
261 73
261 79
261 90
261 95
261 107
261 157
261 173
261 182
261 205
261 209
261 247
261 248
261 253
261 257
261 427
261 348
261 443
261 435
261 324
261 313
261 379
261 430
261 337
261 428
261 384
261 315
261 374
261 362
261 353
261 320
261 393
261 273
248 24
248 45
248 50
248 112
248 117
248 121
248 135
248 136
248 140
248 145
248 196
248 204
248 205
248 206
248 227
248 235
248 240
248 306
248 425
248 315
248 294
248 371
248 415
248 426
248 335
248 342
248 256
248 337
248 384
248 446
248 331
215 12
215 18
215 31
215 47
215 52
215 56
215 68
215 73
215 74
215 87
215 92
215 97
215 118
215 121
215 128
215 137
215 146
215 162
215 172
215 184
215 187
215 189
215 192
215 211
215 414
215 236
215 233
215 416
215 352
215 357
215 282
215 442
215 273
215 408
215 293
215 326
215 409
215 301
215 327
215 298
215 391
215 403
215 299
146 18
146 19
146 24
146 29
146 84
146 89
146 92
146 98
146 100
146 139
146 143
146 173
146 309
146 249
146 323
146 354
146 419
146 182
146 359
146 362
146 299
146 228
146 369
146 210
146 189
146 272
146 432
146 152
146 435
146 194
146 227
146 428
146 440
146 298
146 364
146 325
428 19
428 75
428 76
428 90
428 91
428 111
428 112
428 117
428 141
428 145
428 160
428 199
428 200
428 227
428 230
428 240
428 246
428 251
428 255
428 265
428 271
428 289
428 291
428 306
428 335
428 337
428 342
428 355
428 376
428 379
428 410
428 416
428 421
428 426
428 435
428 440
289 21
289 31
289 41
289 52
289 60
289 62
289 85
289 88
289 93
289 106
289 111
289 112
289 117
289 150
289 162
289 167
289 172
289 175
289 191
289 201
289 203
289 206
289 216
289 221
289 227
289 232
289 240
289 265
289 311
289 391
289 387
289 420
289 445
289 446
289 332
289 291
289 447
289 355
289 386
289 296
289 396
289 392
289 318
289 342
289 313
289 330
119 12
119 26
119 40
119 41
119 57
119 68
119 111
119 112
119 402
119 126
119 232
119 211
119 201
119 241
119 347
119 178
119 396
119 352
119 130
119 341
119 288
119 427
119 296
119 302
119 220
119 121
119 282
119 293
119 310
119 376
119 237
119 403
119 400
119 386
374 5
374 48
374 52
374 77
374 86
374 95
374 101
374 161
374 162
374 166
374 171
374 191
374 222
374 227
374 246
374 266
374 273
374 275
374 277
374 336
374 341
374 342
374 346
374 351
374 365
374 436
374 442
374 446
374 387
374 447
374 426
374 441
270 7
270 11
270 17
270 63
270 68
270 77
270 87
270 97
270 98
270 101
270 153
270 167
270 177
270 182
270 187
270 191
270 223
270 262
270 267
270 272
270 367
270 352
270 378
270 371
270 293
270 423
270 427
270 447
270 281
270 327
155 7
155 11
155 28
155 33
155 58
155 68
155 77
155 78
155 87
155 101
155 112
155 148
155 368
155 352
155 253
155 318
155 347
155 187
155 423
155 367
155 371
155 193
155 339
155 442
155 449
155 224
155 191
155 168
155 363
155 281
371 40
371 45
371 63
371 68
371 73
371 78
371 92
371 159
371 168
371 182
371 243
371 258
371 265
371 272
371 284
371 339
371 343
371 362
371 423
371 384
371 380
189 3
189 10
189 35
189 47
189 51
189 100
189 112
189 118
189 125
189 131
189 141
189 151
189 157
189 162
189 370
189 236
189 332
189 437
189 406
189 302
189 395
189 321
189 416
189 277
189 401
189 431
189 338
189 316
189 382
189 228
189 272
189 343
189 305
189 311
189 392
189 280
10 7
10 84
10 251
10 292
10 273
10 42
10 228
10 77
10 406
10 168
10 341
10 79
10 423
10 328
10 338
10 136
10 387
10 408
10 218
10 132
10 309
10 71
10 414
10 177
10 448
10 226
10 223
10 304
10 46
10 52
10 48
10 194
10 316
10 257
10 419
10 161
36 4
36 35
36 153
36 182
36 174
36 362
36 168
36 337
36 179
36 272
36 253
36 157
36 73
36 94
36 92
36 78
36 159
36 247
36 427
36 338
36 353
36 229
36 40
36 63
36 209
36 299
36 67
36 404
36 150
36 317
36 354
36 129
36 62
36 448
36 124
36 64
36 265
36 242
36 288
36 234
36 375
36 137
36 148
36 244
36 260
68 25
68 29
68 30
68 120
68 117
68 220
68 375
68 306
68 342
68 300
68 336
68 310
68 209
68 135
68 201
68 227
68 337
68 395
68 231
68 112
68 299
68 305
68 401
209 7
209 12
209 22
209 25
209 63
209 67
209 71
209 86
209 115
209 166
209 171
209 176
209 177
209 178
209 181
209 205
209 282
209 410
209 293
209 347
209 271
209 446
209 332
209 251
209 442
209 403
209 341
209 431
209 266
209 352
209 288
209 385
209 436
209 441
25 3
25 8
25 398
25 324
25 338
25 332
25 137
25 418
25 168
25 446
25 422
25 402
25 448
25 322
25 413
25 123
25 392
25 228
25 257
25 393
25 178
25 266
25 157
25 167
25 176
25 447
25 356
25 262
25 434
25 86
385 8
385 58
385 63
385 76
385 87
385 92
385 101
385 118
385 166
385 172
385 173
385 177
385 178
385 192
385 223
385 232
385 233
385 256
385 272
385 273
385 281
385 282
385 283
385 324
385 343
385 346
385 448
385 442
385 434
385 436
160 11
160 17
160 28
160 33
160 38
160 39
160 44
160 72
160 76
160 93
160 98
160 142
160 148
160 154
160 281
160 258
160 363
160 269
160 282
160 177
160 187
160 313
160 172
160 332
160 264
160 346
160 192
160 352
160 378
160 166
160 262
160 447
160 256
160 423
160 436
160 227
160 379
256 34
256 38
256 50
256 58
256 73
256 78
256 88
256 89
256 92
256 149
256 165
256 182
256 192
256 204
256 253
256 390
256 328
256 418
256 379
256 319
256 348
256 314
256 323
256 264
256 362
256 272
256 364
256 339
256 324
256 402
256 448
256 275
256 342
256 424
9 3
9 222
9 112
9 221
9 447
9 392
9 116
9 41
9 157
9 227
9 338
9 61
9 327
9 52
9 281
9 26
9 76
9 277
9 272
9 442
9 118
9 105
9 31
9 387
9 375
9 216
9 47
9 343
9 285
9 296
9 57
9 46
9 167
9 228
9 15
9 21
9 195
9 131
105 7
105 31
105 87
105 121
105 352
105 157
105 132
105 443
105 437
105 234
105 391
105 403
105 301
105 133
105 337
105 273
105 342
105 338
105 124
105 262
105 349
105 211
31 4
31 335
31 348
31 253
31 73
31 404
31 362
31 418
31 272
31 124
31 179
31 92
31 218
31 229
31 220
31 294
31 182
31 349
31 318
31 327
31 298
31 184
31 445
31 132
31 443
31 59
31 110
31 232
31 313
31 330
338 11
338 20
338 34
338 81
338 86
338 100
338 112
338 117
338 120
338 124
338 141
338 196
338 200
338 205
338 206
338 210
338 211
338 227
338 279
338 291
338 296
338 304
338 306
338 421
338 376
338 431
338 375
338 396
338 342
338 380
124 15
124 17
124 41
124 52
124 62
124 72
124 116
124 117
124 316
124 407
124 141
124 402
124 296
124 292
124 382
124 342
124 211
124 285
124 206
124 396
124 448
124 412
124 195
124 401
124 347
124 223
124 375
124 306
124 136
375 3
375 32
375 48
375 62
375 67
375 87
375 126
375 157
375 168
375 183
375 216
375 223
375 227
375 228
375 234
375 242
375 247
375 257
375 267
375 272
375 283
375 288
375 306
375 342
375 343
375 347
375 349
375 447
375 392
375 402
375 432
375 437
375 393
375 387
375 448
375 427
375 382
375 396
396 32
396 35
396 40
396 64
396 74
396 123
396 129
396 150
396 167
396 168
396 172
396 174
396 184
396 203
396 257
396 258
396 260
396 262
396 265
396 272
396 293
396 318
396 344
396 347
396 348
396 349
396 352
396 378
396 379
396 382
396 393
396 442
396 408
396 399
396 427
194 46
194 47
194 48
194 52
194 61
194 71
194 100
194 117
194 136
194 190
194 392
194 277
194 222
194 332
194 236
194 341
194 370
194 327
194 336
194 201
194 391
194 442
194 311
194 227
194 426
194 447
194 273
194 342
194 280
194 231
194 316
190 41
190 42
190 58
190 62
190 66
190 79
190 131
190 132
190 142
190 152
190 156
190 168
190 246
190 332
190 237
190 414
190 311
190 401
190 327
190 273
190 222
190 363
190 293
190 317
190 304
190 402
190 418
190 192
190 218
190 336
190 443
190 419
190 207
190 426
426 24
426 29
426 34
426 47
426 75
426 79
426 84
426 89
426 132
426 137
426 139
426 153
426 188
426 207
426 222
426 227
426 244
426 253
426 254
426 258
426 259
426 300
426 309
426 312
426 317
426 363
426 367
426 369
426 407
426 410
426 415
426 419
426 423
426 424
426 449
426 443
426 429
3 107
3 380
3 111
3 112
3 381
3 210
3 279
3 200
3 16
3 285
3 116
3 331
3 332
3 161
3 281
3 442
3 222
3 205
3 320
3 441
3 266
3 337
3 369
3 115
3 447
3 356
3 195
3 131
107 4
107 19
107 51
107 90
107 93
107 94
107 391
107 275
107 280
107 165
107 400
107 363
107 449
107 349
107 285
107 386
107 166
107 379
107 340
107 364
107 120
107 284
107 230
107 161
107 183
107 130
107 111
107 273
380 7
380 8
380 11
380 52
380 58
380 63
380 67
380 77
380 101
380 118
380 164
380 168
380 169
380 178
380 182
380 191
380 228
380 242
380 272
380 279
380 281
380 312
380 342
380 343
380 362
380 393
380 427
380 448
380 398
380 403
111 4
111 15
111 20
111 64
111 360
111 293
111 242
111 422
111 152
111 204
111 168
111 258
111 283
111 348
111 164
111 135
111 355
111 332
111 363
111 449
111 262
111 169
111 183
111 130
111 252
111 418
111 339
111 245
111 342
111 240
112 19
112 20
112 24
112 80
112 81
112 93
112 211
112 285
112 206
112 390
112 345
112 316
112 284
112 310
112 135
112 431
112 170
112 321
112 273
112 225
112 183
112 355
112 291
112 299
112 305
112 401
112 363
112 281
112 205
112 279
112 296
381 15
381 20
381 42
381 59
381 77
381 84
381 88
381 93
381 98
381 130
381 132
381 164
381 173
381 188
381 218
381 222
381 224
381 229
381 240
381 245
381 258
381 292
381 309
381 312
381 344
381 355
381 358
381 360
381 363
381 367
381 368
381 449
381 402
210 29
210 34
210 56
210 81
210 87
210 137
210 139
210 144
210 168
210 173
210 178
210 182
210 348
210 288
210 259
210 447
210 432
210 254
210 382
210 343
210 416
210 252
210 352
210 378
210 364
210 272
210 283
210 351
210 228
210 369
210 236
210 247
210 326
279 16
279 20
279 21
279 52
279 76
279 110
279 118
279 167
279 191
279 196
279 200
279 201
279 228
279 277
279 442
279 327
279 343
279 356
279 376
279 291
279 282
279 281
279 296
200 16
200 59
200 62
200 67
200 72
200 77
200 106
200 118
200 164
200 169
200 178
200 196
200 284
200 347
200 427
200 332
200 363
200 443
200 237
200 343
200 327
200 398
200 262
200 423
200 337
200 376
200 292
200 342
200 448
200 286
16 4
16 59
16 399
16 52
16 347
16 142
16 322
16 323
16 413
16 94
16 169
16 398
16 324
16 167
16 138
16 90
16 77
16 284
16 85
16 412
16 437
16 233
16 434
16 87
16 157
16 73
16 368
16 449
16 442
16 183
16 310
16 92
16 348
16 164
16 315
16 422
16 425
285 17
285 22
285 26
285 47
285 51
285 58
285 98
285 116
285 117
285 141
285 142
285 168
285 173
285 206
285 234
285 242
285 253
285 272
285 273
285 283
285 387
285 392
285 408
285 321
285 292
285 443
285 382
285 327
285 448
285 349
285 288
285 343
285 296
285 386
116 17
116 59
116 60
116 98
116 192
116 400
116 293
116 393
116 259
116 407
116 423
116 224
116 174
116 247
116 443
116 284
116 378
116 399
116 175
331 8
331 12
331 18
331 24
331 29
331 30
331 35
331 62
331 77
331 79
331 83
331 84
331 97
331 98
331 117
331 134
331 139
331 140
331 145
331 152
331 178
331 193
331 242
331 255
331 259
331 264
331 283
331 288
331 308
331 309
331 314
331 364
331 369
331 422
331 378
331 365
331 358
331 332
331 370
332 4
332 84
332 85
332 89
332 90
332 93
332 94
332 106
332 140
332 145
332 176
332 179
332 183
332 195
332 199
332 216
332 221
332 245
332 250
332 255
332 260
332 269
332 273
332 286
332 305
332 310
332 311
332 315
332 364
332 441
332 336
332 360
332 369
332 421
332 449
332 379
332 363
332 420
332 446
161 5
161 17
161 22
161 29
161 34
161 39
161 42
161 72
161 74
161 88
161 93
161 94
161 115
161 120
161 132
161 144
161 153
161 193
161 402
161 363
161 312
161 283
161 424
161 358
161 448
161 379
161 178
161 368
161 179
161 353
161 309
161 345
161 319
161 432
161 233
161 172
161 293
161 340
161 183
161 230
161 173
161 387
161 228
161 369
161 322
161 259
161 222
161 273
161 257
161 419
161 427
161 348
161 434
281 8
281 33
281 40
281 45
281 118
281 164
281 169
281 172
281 203
281 229
281 243
281 262
281 265
281 273
281 288
281 449
281 378
281 442
281 283
281 414
281 398
281 352
281 407
281 293
281 363
442 4
442 15
442 28
442 35
442 40
442 56
442 61
442 81
442 89
442 90
442 118
442 135
442 166
442 171
442 176
442 179
442 183
442 205
442 235
442 269
442 273
442 284
442 298
442 310
442 320
442 325
442 359
442 363
442 364
442 391
442 431
442 440
442 445
442 449
222 5
222 15
222 20
222 24
222 41
222 46
222 89
222 91
222 93
222 121
222 125
222 156
222 179
222 183
222 184
222 201
222 205
222 266
222 369
222 425
222 305
222 384
222 271
222 284
222 355
222 359
222 326
222 325
222 416
222 316
222 415
222 273
222 363
222 330
205 8
205 33
205 52
205 58
205 77
205 81
205 118
205 168
205 171
205 172
205 177
205 178
205 223
205 337
205 448
205 262
205 398
205 252
205 403
205 437
205 347
205 267
205 348
205 434
205 228
205 351
205 283
205 324
205 441
205 257
205 393
320 18
320 28
320 63
320 73
320 78
320 81
320 87
320 89
320 94
320 128
320 138
320 162
320 171
320 172
320 177
320 182
320 187
320 204
320 243
320 247
320 252
320 277
320 288
320 292
320 308
320 314
320 319
320 437
320 429
320 352
320 362
320 353
320 447
320 422
320 412
320 408
320 322
320 413
320 358
320 351
320 434
320 441
441 8
441 34
441 62
441 83
441 87
441 90
441 93
441 94
441 95
441 134
441 168
441 177
441 178
441 218
441 242
441 252
441 264
441 267
441 277
441 283
441 302
441 314
441 315
441 319
441 324
441 342
441 348
441 357
441 384
441 403
441 408
441 422
441 430
441 434
441 435
441 448
441 447
266 7
266 38
266 42
266 57
266 62
266 67
266 132
266 133
266 135
266 140
266 148
266 154
266 157
266 164
266 168
266 173
266 178
266 183
266 204
266 247
266 250
266 253
266 258
266 324
266 384
266 353
266 365
266 414
266 337
266 369
266 312
266 348
266 402
266 427
266 360
337 4
337 41
337 80
337 90
337 93
337 94
337 135
337 140
337 145
337 150
337 151
337 183
337 204
337 231
337 249
337 260
337 273
337 299
337 310
337 430
337 354
337 379
337 369
337 376
337 363
337 395
337 384
337 446
369 22
369 30
369 47
369 61
369 91
369 118
369 120
369 156
369 166
369 228
369 236
369 251
369 277
369 300
369 327
369 343
369 346
369 447
369 421
369 392
369 436
369 382
369 390
369 387
115 12
115 22
115 28
115 32
115 58
115 71
115 178
115 382
115 228
115 242
115 288
115 367
115 123
115 282
115 403
115 431
115 341
115 237
115 223
115 251
115 387
115 432
115 233
115 447
115 393
115 192
115 398
115 324
115 427
115 348
115 434
447 19
447 24
447 35
447 41
447 45
447 50
447 86
447 90
447 93
447 95
447 100
447 101
447 129
447 135
447 145
447 175
447 183
447 184
447 195
447 196
447 199
447 201
447 204
447 206
447 211
447 216
447 221
447 230
447 231
447 260
447 271
447 273
447 280
447 284
447 294
447 305
447 326
447 350
447 355
447 356
447 363
447 379
447 384
447 406
447 436
356 38
356 39
356 44
356 52
356 89
356 94
356 123
356 128
356 133
356 135
356 140
356 142
356 143
356 153
356 172
356 187
356 223
356 228
356 232
356 233
356 250
356 253
356 269
356 298
356 304
356 308
356 313
356 314
356 319
356 322
356 398
356 413
356 434
356 403
356 412
356 368
356 360
356 365
356 382
195 41
195 48
195 57
195 63
195 131
195 132
195 142
195 157
195 173
195 448
195 311
195 232
195 242
195 387
195 349
195 302
195 398
195 221
195 273
195 412
195 401
195 234
131 28
131 38
131 52
131 64
131 80
131 129
131 415
131 310
131 318
131 234
131 323
131 148
131 233
131 354
131 412
131 169
131 294
131 322
131 184
131 232
131 179
131 420
131 142
131 418
131 228
131 305
4 162
4 101
4 272
4 437
4 267
4 73
4 26
4 301
4 216
4 167
4 188
4 376
4 291
4 40
4 306
4 342
4 413
4 327
4 298
4 220
4 277
4 408
4 400
4 296
4 130
4 286
4 183
4 310
162 19
162 30
162 35
162 48
162 73
162 81
162 86
162 89
162 138
162 139
162 140
162 253
162 359
162 430
162 284
162 416
162 343
162 420
162 311
162 228
162 269
162 340
162 191
162 419
162 425
162 196
162 275
162 179
162 330
162 370
162 421
162 306
162 315
162 408
162 184
162 301
162 318
162 175
162 296
101 40
101 45
101 59
101 64
101 87
101 94
101 98
101 159
101 173
101 357
101 353
101 265
101 224
101 273
101 148
101 177
101 258
101 267
101 188
101 168
101 403
101 242
272 29
272 40
272 45
272 73
272 79
272 89
272 94
272 100
272 141
272 150
272 174
272 175
272 236
272 253
272 265
272 445
272 435
272 284
272 364
272 343
272 280
272 411
272 354
272 440
272 359
272 325
272 416
437 11
437 24
437 28
437 30
437 50
437 94
437 118
437 120
437 126
437 129
437 143
437 179
437 233
437 236
437 241
437 254
437 259
437 260
437 298
437 323
437 325
437 349
437 351
437 354
437 413
437 420
437 434
437 449
267 8
267 45
267 84
267 89
267 94
267 98
267 135
267 164
267 165
267 188
267 211
267 216
267 253
267 265
267 368
267 326
267 344
267 430
267 349
267 436
73 40
73 45
73 46
73 47
73 50
73 55
73 71
73 220
73 382
73 410
73 130
73 225
73 201
73 376
73 91
73 235
73 305
73 401
73 316
73 166
73 125
73 387
73 94
73 230
73 184
73 121
73 157
73 315
73 364
73 321
26 343
26 117
26 294
26 63
26 344
26 399
26 387
26 48
26 400
26 58
26 64
26 207
26 393
26 169
26 404
26 60
26 283
26 242
26 288
26 234
26 174
26 175
301 7
301 39
301 69
301 78
301 92
301 97
301 128
301 133
301 137
301 174
301 184
301 187
301 188
301 192
301 193
301 220
301 223
301 224
301 229
301 233
301 262
301 277
301 349
301 445
301 367
301 398
301 440
301 403
301 404
301 308
301 408
301 312
301 422
301 339
301 335
301 409
301 344
301 330
216 35
216 40
216 69
216 74
216 87
216 93
216 98
216 123
216 128
216 129
216 150
216 152
216 174
216 177
216 183
216 192
216 422
216 357
216 349
216 354
216 344
216 378
216 244
216 260
216 242
216 229
216 387
216 228
216 265
216 322
216 233
167 11
167 15
167 20
167 21
167 24
167 48
167 90
167 95
167 100
167 126
167 138
167 203
167 204
167 255
167 359
167 241
167 260
167 379
167 351
167 293
167 408
167 364
167 300
167 236
167 384
167 176
167 318
167 265
167 291
167 228
188 40
188 42
188 50
188 69
188 94
188 135
188 145
188 150
188 152
188 159
188 184
188 364
188 315
188 240
188 305
188 211
188 310
188 339
188 220
188 386
188 249
188 241
188 271
188 391
188 410
188 429
188 346
188 262
188 330
376 59
376 62
376 67
376 77
376 85
376 90
376 123
376 128
376 157
376 164
376 169
376 173
376 174
376 204
376 247
376 258
376 282
376 284
376 293
376 310
376 315
376 339
376 348
376 358
376 399
376 443
376 425
376 427
376 417
291 15
291 17
291 20
291 38
291 39
291 57
291 59
291 64
291 130
291 135
291 164
291 169
291 173
291 183
291 192
291 223
291 228
291 229
291 234
291 237
291 240
291 245
291 284
291 327
291 417
291 392
291 293
291 313
291 302
291 308
291 353
291 399
291 403
291 355
40 293
40 182
40 358
40 126
40 348
40 191
40 432
40 177
40 303
40 339
40 362
40 253
40 352
40 322
40 233
40 327
40 298
40 342
40 77
40 72
40 153
40 417
40 306
40 353
40 192
40 128
40 407
40 243
40 229
40 257
40 123
40 344
306 35
306 48
306 58
306 63
306 72
306 74
306 123
306 138
306 143
306 150
306 153
306 168
306 179
306 184
306 199
306 223
306 228
306 229
306 243
306 252
306 260
306 265
306 277
306 293
306 294
306 299
306 408
306 418
306 404
306 349
306 342
306 344
306 413
306 432
306 347
342 5
342 11
342 19
342 50
342 81
342 95
342 133
342 140
342 141
342 145
342 170
342 191
342 196
342 199
342 204
342 211
342 231
342 240
342 255
342 265
342 280
342 299
342 304
342 313
342 314
342 315
342 341
342 403
342 435
342 416
342 399
342 355
342 421
413 5
413 35
413 45
413 56
413 69
413 71
413 81
413 91
413 92
413 94
413 97
413 136
413 141
413 159
413 184
413 191
413 207
413 220
413 235
413 246
413 249
413 296
413 315
413 317
413 322
413 325
413 336
413 339
413 351
413 364
413 410
413 429
413 416
413 420
413 432
327 11
327 28
327 45
327 55
327 61
327 66
327 89
327 118
327 141
327 169
327 176
327 179
327 184
327 191
327 220
327 269
327 286
327 296
327 298
327 370
327 401
327 349
327 364
327 391
298 35
298 45
298 50
298 55
298 66
298 94
298 135
298 141
298 176
298 181
298 184
298 191
298 220
298 226
298 235
298 236
298 246
298 286
298 400
298 305
298 341
298 346
298 410
298 431
298 391
298 364
298 325
220 22
220 57
220 92
220 121
220 187
220 192
220 211
220 218
220 234
220 348
220 288
220 382
220 303
220 339
220 403
220 367
220 308
220 391
220 293
220 353
220 229
220 292
220 358
220 233
220 344
277 15
277 48
277 76
277 79
277 84
277 89
277 94
277 100
277 110
277 138
277 150
277 181
277 184
277 191
277 225
277 228
277 254
277 275
277 318
277 379
277 284
277 435
277 280
277 390
277 411
277 400
277 296
277 408
277 406
277 359
277 325
277 416
277 294
408 35
408 52
408 71
408 76
408 94
408 100
408 125
408 135
408 136
408 140
408 176
408 181
408 184
408 211
408 226
408 230
408 251
408 275
408 296
408 300
408 361
408 364
408 387
408 390
408 392
408 400
408 421
408 416
408 411
400 17
400 18
400 72
400 123
400 128
400 137
400 183
400 206
400 229
400 237
400 243
400 296
400 302
400 339
400 344
400 353
400 386
400 403
296 24
296 32
296 33
296 47
296 58
296 60
296 69
296 78
296 92
296 123
296 138
296 154
296 168
296 169
296 175
296 199
296 229
296 234
296 344
296 339
296 414
296 392
296 398
296 302
296 349
296 318
296 343
130 21
130 47
130 52
130 57
130 128
130 339
130 312
130 317
130 412
130 178
130 353
130 407
130 243
130 138
130 201
130 283
130 229
130 367
130 344
130 183
286 18
286 28
286 32
286 57
286 59
286 67
286 85
286 90
286 123
286 148
286 164
286 174
286 183
286 229
286 237
286 243
286 252
286 262
286 283
286 393
286 417
286 324
286 352
286 378
286 367
286 407
286 315
286 303
286 339
286 310
286 357
286 448
286 425
183 45
183 46
183 91
183 94
183 120
183 135
183 140
183 395
183 260
183 300
183 246
183 436
183 364
183 271
183 225
183 184
183 305
183 221
183 230
183 310
183 446
310 41
310 52
310 78
310 106
310 128
310 133
310 142
310 196
310 229
310 243
310 252
310 273
310 282
310 293
310 303
310 401
310 339
310 348
310 344
310 427
5 448
5 328
5 223
5 251
5 392
5 257
5 317
5 168
5 71
5 207
5 323
5 264
5 149
5 88
5 52
5 48
5 34
5 431
5 322
5 259
5 273
5 341
448 11
448 20
448 34
448 41
448 51
448 62
448 67
448 106
448 151
448 177
448 206
448 226
448 271
448 275
448 292
448 304
448 345
448 386
448 402
448 436
328 15
328 56
328 59
328 71
328 90
328 95
328 100
328 137
328 141
328 142
328 149
328 170
328 175
328 176
328 196
328 251
328 252
328 280
328 316
328 362
328 367
328 336
328 361
328 360
328 365
328 419
328 350
223 7
223 12
223 15
223 20
223 21
223 34
223 46
223 50
223 71
223 76
223 110
223 126
223 136
223 151
223 191
223 206
223 416
223 346
223 236
223 406
223 275
223 240
223 246
223 232
223 237
223 365
223 421
223 370
223 241
223 304
223 347
251 8
251 29
251 39
251 58
251 117
251 120
251 138
251 139
251 143
251 144
251 149
251 207
251 228
251 230
251 235
251 345
251 319
251 364
251 318
251 254
251 387
251 264
251 340
251 403
392 19
392 24
392 48
392 50
392 51
392 60
392 66
392 71
392 85
392 120
392 138
392 181
392 199
392 204
392 221
392 228
392 235
392 280
392 293
392 294
392 318
392 340
392 345
392 350
392 364
392 384
392 406
392 411
257 11
257 30
257 33
257 35
257 50
257 64
257 91
257 95
257 123
257 126
257 145
257 149
257 150
257 164
257 166
257 184
257 236
257 241
257 244
257 255
257 370
257 265
257 435
257 315
257 351
257 434
257 424
257 421
257 393
257 303
257 429
257 344
257 260
257 419
317 61
317 74
317 75
317 78
317 79
317 80
317 86
317 91
317 129
317 134
317 136
317 139
317 164
317 168
317 169
317 201
317 233
317 235
317 240
317 244
317 249
317 254
317 255
317 258
317 259
317 260
317 264
317 300
317 311
317 316
317 350
317 339
317 410
317 348
317 424
317 354
168 20
168 79
168 87
168 92
168 100
168 110
168 156
168 201
168 271
168 211
168 316
168 312
168 446
168 390
168 321
168 236
168 259
168 336
168 349
168 427
168 206
168 169
71 29
71 32
71 340
71 345
71 393
71 218
71 434
71 302
71 398
71 94
71 313
71 224
71 118
71 254
71 364
71 164
71 419
71 123
71 174
71 120
71 323
71 304
71 309
71 133
71 204
71 230
71 187
71 243
71 139
71 235
207 39
207 56
207 60
207 64
207 69
207 75
207 79
207 89
207 136
207 141
207 143
207 164
207 169
207 170
207 179
207 361
207 350
207 233
207 269
207 395
207 230
207 323
207 264
207 240
207 340
207 225
207 259
207 365
207 249
207 325
207 336
323 51
323 56
323 80
323 81
323 84
323 86
323 92
323 97
323 120
323 165
323 174
323 181
323 231
323 241
323 246
323 264
323 275
323 311
323 322
323 345
323 432
323 361
323 440
323 416
323 365
323 446
323 445
323 391
323 354
323 435
264 86
264 87
264 91
264 95
264 98
264 117
264 121
264 152
264 157
264 192
264 250
264 430
264 382
264 432
264 275
264 346
264 340
264 322
264 365
264 446
149 22
149 66
149 81
149 95
149 142
149 431
149 357
149 166
149 336
149 341
149 252
149 346
149 192
149 218
149 422
149 365
149 302
149 443
149 275
149 436
88 19
88 41
88 44
88 46
88 62
88 67
88 75
88 80
88 404
88 250
88 240
88 436
88 431
88 271
88 201
88 379
88 430
88 171
88 321
88 255
88 134
88 325
88 156
88 177
88 199
88 402
88 314
88 165
88 346
88 335
88 292
88 224
88 245
52 15
52 21
52 48
52 50
52 365
52 255
52 241
52 449
52 136
52 64
52 420
52 410
52 84
52 75
52 246
52 184
52 211
52 228
52 351
52 364
52 390
52 411
52 138
52 204
52 436
52 316
52 94
52 140
52 176
52 318
52 85
52 106
52 271
48 15
48 236
48 100
48 265
48 76
48 284
48 191
48 387
48 241
48 225
48 351
48 275
48 95
48 181
48 316
48 406
48 271
34 7
34 17
34 300
34 390
34 346
34 182
34 117
34 72
34 412
34 227
34 120
34 316
34 95
34 351
34 77
34 97
34 347
34 76
34 187
34 246
34 151
34 157
34 391
34 407
34 402
34 365
34 421
34 62
34 275
34 436
34 66
34 431
431 22
431 39
431 62
431 63
431 78
431 89
431 120
431 144
431 192
431 204
431 230
431 235
431 243
431 244
431 258
431 259
431 292
431 309
431 345
431 353
431 364
431 382
431 398
431 424
431 429
431 434
322 21
322 29
322 30
322 35
322 74
322 75
322 84
322 85
322 89
322 94
322 143
322 165
322 169
322 174
322 231
322 233
322 241
322 246
322 259
322 294
322 300
322 309
322 410
322 364
322 344
322 420
322 434
322 361
322 355
322 365
322 351
322 445
322 391
322 360
322 446
259 81
259 86
259 92
259 95
259 126
259 152
259 157
259 166
259 227
259 246
259 393
259 275
259 365
259 336
259 432
259 351
273 15
273 41
273 56
273 90
273 95
273 106
273 120
273 156
273 166
273 170
273 196
273 201
273 221
273 231
273 271
273 275
273 336
273 391
273 321
273 284
273 355
273 280
273 316
341 8
341 18
341 28
341 29
341 33
341 39
341 92
341 120
341 132
341 143
341 148
341 178
341 192
341 230
341 252
341 254
341 288
341 292
341 309
341 319
341 340
341 403
341 378
341 424
341 345
341 352
324 58
324 63
324 76
324 77
324 92
324 166
324 171
324 173
324 176
324 181
324 192
324 242
324 247
324 283
324 288
324 361
324 351
324 367
324 436
324 412
324 398
123 21
123 32
123 35
123 61
123 66
123 74
123 75
123 91
123 236
123 351
123 125
123 300
123 262
123 254
123 390
123 305
123 401
123 315
123 230
123 434
123 164
123 135
123 344
384 7
384 45
384 57
384 62
384 86
384 91
384 133
384 135
384 138
384 157
384 181
384 225
384 227
384 271
384 315
384 340
384 358
384 363
384 446
110 59
110 87
110 97
110 292
110 233
110 164
110 211
110 362
110 418
110 242
110 288
110 283
110 169
110 132
110 443
110 347
110 403
192 11
192 38
192 55
192 59
192 64
192 66
192 120
192 121
192 128
192 134
192 144
192 154
192 165
192 170
192 330
192 244
192 308
192 224
192 335
192 309
192 231
192 346
192 218
192 419
192 229
192 409
192 391
192 424
192 355
192 398
128 11
128 21
128 45
128 50
128 77
128 126
128 135
128 410
128 351
128 140
128 176
128 417
128 412
128 319
128 395
128 411
128 187
128 145
128 421
128 409
128 391
128 390
128 231
128 225
128 229
128 386
128 315
128 302
128 139
128 415
128 246
423 44
423 45
423 55
423 72
423 134
423 136
423 145
423 150
423 165
423 182
423 187
423 191
423 196
423 201
423 224
423 235
423 241
423 250
423 314
423 335
423 404
423 407
423 412
423 425
423 435
423 436
224 7
224 17
224 21
224 77
224 83
224 126
224 182
224 187
224 191
224 201
224 352
224 425
224 242
224 313
224 232
224 308
224 386
224 335
224 407
224 292
224 245
282 11
282 20
282 21
282 24
282 59
282 81
282 106
282 121
282 184
282 203
282 204
282 231
282 236
282 275
282 346
282 340
282 445
282 335
282 425
282 379
282 430
282 293
12 11
12 275
12 404
12 346
12 314
12 236
12 399
12 133
12 184
12 121
12 354
12 170
12 313
12 134
12 29
12 120
12 335
12 414
12 395
12 231
12 288
12 319
12 50
12 76
12 378
12 39
12 95
12 171
12 18
12 139
12 145
288 17
288 29
288 30
288 51
288 75
288 120
288 125
288 144
288 171
288 176
288 206
288 226
288 234
288 237
288 242
288 414
288 300
288 299
288 395
288 336
288 365
288 352
288 361
17 11
17 345
17 83
17 395
17 304
17 319
17 229
17 170
17 51
17 379
17 166
17 39
17 250
17 353
17 85
17 391
17 18
17 139
17 349
17 386
17 234
17 206
17 20
17 309
17 435
17 56
17 378
17 399
17 175
17 90
17 81
17 44
17 340
44 91
44 446
44 347
44 361
44 412
44 181
44 156
44 402
44 362
44 247
44 313
44 182
44 250
44 83
44 308
44 430
44 351
44 72
44 436
44 242
44 271
44 340
335 57
335 78
335 83
335 121
335 148
335 187
335 193
335 203
335 211
335 227
335 253
335 308
335 368
335 418
335 449
335 427
335 387
335 367
335 391
335 422
335 339
237 18
237 20
237 24
237 61
237 66
237 75
237 129
237 133
237 134
237 140
237 145
237 176
237 204
237 225
237 255
237 355
237 425
237 299
237 378
237 304
237 401
237 240
237 313
237 365
237 300
237 415
237 245
237 294
237 420
237 311
237 403
237 386
18 446
18 242
18 135
18 45
18 235
18 229
18 176
18 325
18 56
18 391
18 410
18 171
18 409
18 125
18 226
18 50
18 76
18 225
18 139
18 145
18 319
18 230
18 352
18 315
18 196
225 22
225 57
225 117
225 133
225 159
225 164
225 178
225 187
225 293
225 292
225 358
225 283
225 302
225 362
225 353
387 94
387 120
387 125
387 136
387 138
387 141
387 199
387 201
387 228
387 230
387 245
387 269
387 275
387 284
387 318
387 340
387 343
387 361
387 449
138 11
138 21
138 24
138 50
138 81
138 89
138 121
138 410
138 181
138 140
138 151
138 191
138 179
138 330
138 269
138 340
138 204
138 436
138 359
138 325
138 416
138 294
138 150
138 449
138 245
138 201
269 28
269 42
269 86
269 143
269 152
269 157
269 171
269 176
269 181
269 250
269 253
269 361
269 351
269 446
269 363
269 432
269 368
269 430
269 340
269 382
340 32
340 33
340 39
340 72
340 83
340 117
340 132
340 148
340 153
340 154
340 159
340 292
340 313
340 382
340 368
340 379
32 66
32 175
32 120
32 344
32 169
32 254
32 300
32 419
32 370
32 164
32 434
32 154
32 230
32 79
32 406
32 429
32 159
32 315
32 181
32 249
32 415
32 246
32 349
32 33
32 244
32 260
32 61
32 271
32 303
32 339
32 425
32 393
393 15
393 61
393 79
393 81
393 95
393 169
393 171
393 181
393 236
393 241
393 262
393 280
393 349
393 406
7 165
7 294
7 280
7 416
7 50
7 204
7 45
7 170
7 411
7 19
7 313
7 199
7 275
7 133
7 191
7 76
7 129
7 300
7 66
7 370
7 151
7 360
7 403
7 29
7 390
7 166
7 304
7 46
7 39
7 95
7 81
165 38
165 51
165 76
165 84
165 89
165 97
165 98
165 141
165 143
165 148
165 152
165 157
165 187
165 258
165 411
165 362
165 166
165 177
165 199
165 309
165 313
165 346
165 422
165 368
165 231
165 182
165 314
165 436
165 424
294 57
294 60
294 66
294 67
294 117
294 121
294 133
294 141
294 150
294 172
294 177
294 182
294 227
294 232
294 240
294 292
294 363
294 401
294 386
294 411
294 330
294 358
294 316
294 420
294 311
280 42
280 51
280 79
280 84
280 141
280 172
280 187
280 228
280 231
280 252
280 309
280 414
280 321
280 382
280 443
280 367
280 419
280 407
280 304
280 411
416 24
416 58
416 72
416 74
416 84
416 97
416 100
416 133
416 139
416 144
416 153
416 187
416 199
416 249
416 252
416 253
416 304
416 309
416 313
416 325
416 359
416 363
416 367
416 407
416 432
416 419
416 440
416 435
50 177
50 358
50 187
50 193
50 232
50 417
50 308
50 314
50 367
50 148
50 133
50 87
50 94
50 137
50 418
50 319
50 76
50 427
50 78
50 204
50 436
50 303
50 166
50 429
50 346
204 57
204 62
204 67
204 76
204 87
204 117
204 133
204 140
204 151
204 171
204 176
204 410
204 411
204 232
204 406
204 352
204 231
204 363
204 230
204 436
204 292
204 358
204 351
45 11
45 357
45 247
45 353
45 97
45 87
45 367
45 418
45 159
45 187
45 178
45 343
45 62
45 352
45 293
45 191
170 19
170 38
170 51
170 118
170 129
170 134
170 141
170 302
170 244
170 368
170 292
170 403
170 354
170 321
170 232
170 313
170 231
170 411
411 8
411 33
411 38
411 39
411 42
411 55
411 60
411 74
411 79
411 97
411 133
411 134
411 139
411 187
411 218
411 228
411 243
411 249
411 254
411 302
411 309
411 364
411 367
411 390
411 395
411 398
411 403
411 409
411 419
19 136
19 260
19 236
19 311
19 226
19 62
19 51
19 166
19 81
19 318
19 191
19 46
19 402
19 80
19 401
19 93
19 227
19 440
19 232
19 313
19 231
19 203
19 350
19 406
313 11
313 21
313 66
313 75
313 76
313 117
313 126
313 134
313 145
313 150
313 181
313 191
313 199
313 231
313 232
313 240
313 245
313 250
313 435
313 415
313 404
313 325
313 361
313 379
313 430
313 420
313 314
313 346
313 347
313 330
199 57
199 61
199 66
199 75
199 76
199 93
199 97
199 117
199 156
199 172
199 177
199 345
199 227
199 435
199 318
199 252
199 232
199 246
199 255
199 421
199 203
199 336
275 22
275 39
275 62
275 76
275 78
275 87
275 97
275 133
275 166
275 177
275 187
275 346
275 347
275 422
275 402
275 443
275 436
133 24
133 66
133 76
133 106
133 117
133 121
133 235
133 246
133 347
133 140
133 240
133 435
133 361
133 232
133 406
133 300
133 230
133 420
133 311
191 58
191 63
191 89
191 97
191 118
191 187
191 252
191 403
191 432
191 228
191 265
191 367
191 318
191 193
191 339
191 243
191 229
191 293
76 29
76 39
76 154
76 254
76 390
76 94
76 429
76 434
76 97
76 187
76 367
76 148
76 228
76 129
76 319
76 422
76 424
76 227
76 379
129 21
129 38
129 51
129 77
129 80
129 126
129 231
129 357
129 242
129 177
129 247
129 182
129 153
129 440
129 412
129 311
129 316
129 227
129 136
129 378
129 402
129 260
129 350
129 406
300 29
300 42
300 47
300 58
300 62
300 66
300 92
300 132
300 139
300 144
300 156
300 233
300 246
300 254
300 283
300 293
300 348
300 364
300 403
300 343
300 432
300 367
300 336
66 24
66 28
66 29
66 57
66 139
66 398
66 134
66 164
66 417
66 308
66 415
66 179
66 302
66 253
66 89
66 410
66 403
66 218
66 419
66 432
66 233
66 254
66 98
66 84
66 75
370 57
370 61
370 62
370 78
370 79
370 84
370 97
370 151
370 218
370 241
370 262
370 304
370 309
370 318
370 347
370 414
370 432
370 422
370 419
370 421
370 427
151 30
151 35
151 67
151 78
151 79
151 89
151 97
151 139
151 140
151 145
151 414
151 260
151 358
151 364
151 253
151 353
151 424
151 443
151 154
151 247
151 173
151 365
151 157
151 178
151 249
151 427
151 304
151 233
151 254
151 312
151 193
151 429
151 368
151 255
360 21
360 57
360 62
360 86
360 98
360 132
360 152
360 153
360 172
360 176
360 218
360 232
360 352
360 443
360 402
360 407
360 417
360 446
360 427
403 15
403 29
403 30
403 56
403 75
403 117
403 120
403 125
403 126
403 166
403 181
403 226
403 232
403 235
403 236
403 241
403 245
403 250
403 271
403 299
403 347
403 361
403 386
403 390
403 406
29 72
29 63
29 117
29 56
29 246
29 227
29 241
29 336
29 156
29 402
29 62
29 347
29 30
29 61
29 172
29 293
29 390
29 166
29 292
29 178
29 120
390 22
390 139
390 141
390 144
390 166
390 173
390 231
390 247
390 254
390 262
390 283
390 292
390 302
390 321
390 343
390 346
390 348
390 357
390 364
390 382
390 422
390 436
166 8
166 89
166 93
166 94
166 98
166 144
166 154
166 424
166 319
166 352
166 203
166 379
166 172
166 229
166 314
166 262
166 357
166 173
166 382
166 343
166 303
166 429
166 283
304 41
304 46
304 67
304 100
304 117
304 132
304 172
304 177
304 218
304 226
304 231
304 232
304 236
304 241
304 321
304 316
304 326
304 401
304 347
304 407
304 402
46 15
46 42
46 235
46 74
46 179
46 414
46 350
46 164
46 240
46 312
46 184
46 125
46 402
46 132
46 57
39 38
39 91
39 436
39 357
39 402
39 176
39 271
39 326
39 177
39 41
39 67
39 292
39 352
39 171
39 72
39 187
39 153
39 250
39 232
39 365
39 378
39 430
39 351
39 95
39 81
39 132
95 33
95 72
95 77
95 81
95 87
95 93
95 252
95 352
95 443
95 172
95 177
95 378
95 171
95 432
95 351
81 58
81 63
81 72
81 429
81 314
81 435
81 143
81 243
81 89
81 94
81 252
81 153
81 118
81 318
81 417
81 218
81 432
81 159
81 315
81 90
81 203
81 379
81 430
8 436
8 344
8 30
8 20
8 430
8 226
8 254
8 120
8 106
8 152
8 262
8 434
8 86
8 42
8 74
8 395
8 164
8 361
436 22
436 38
436 58
436 62
436 72
436 78
436 87
436 89
436 93
436 143
436 144
436 152
436 154
436 173
436 177
436 178
436 182
436 193
436 247
436 253
436 254
436 258
436 292
436 314
436 319
436 353
436 357
436 368
436 382
436 399
436 424
436 427
436 429
436 443
344 92
344 106
344 156
344 196
344 201
344 233
344 312
344 427
344 348
344 367
30 417
30 77
30 364
30 173
30 343
30 252
30 227
30 421
30 293
30 152
30 242
30 362
30 398
30 144
30 241
30 178
30 61
30 139
30 97
30 233
30 254
20 233
20 443
20 59
20 242
20 132
20 137
20 58
20 47
20 232
20 201
20 407
20 153
20 164
20 227
20 118
20 412
20 63
20 262
20 312
20 283
20 152
20 169
20 228
20 21
430 28
430 33
430 38
430 57
430 154
430 157
430 171
430 177
430 203
430 253
430 262
430 308
430 351
430 363
430 378
430 379
226 15
226 28
226 74
226 79
226 118
226 125
226 137
226 177
226 184
226 203
226 244
226 240
226 354
226 364
226 449
226 409
226 419
226 349
226 414
226 235
226 350
226 443
226 347
226 299
254 61
254 92
254 97
254 118
254 120
254 132
254 141
254 156
254 233
254 246
254 262
254 446
254 422
254 348
254 432
254 367
254 336
120 22
120 33
120 63
120 402
120 227
120 382
120 343
120 233
120 132
120 353
120 139
120 364
120 347
120 172
120 293
120 398
120 292
120 178
120 173
120 144
120 228
106 62
106 85
106 87
106 90
106 93
106 98
106 174
106 348
106 363
106 449
106 242
106 169
106 243
106 229
106 422
106 193
106 339
106 152
106 164
106 425
106 247
106 353
106 315
106 318
152 21
152 74
152 75
152 84
152 89
152 98
152 135
152 140
152 145
152 449
152 336
152 420
152 425
152 250
152 305
152 221
152 315
152 429
152 446
152 164
152 368
152 174
152 265
152 435
152 169
262 33
262 56
262 61
262 69
262 74
262 84
262 85
262 86
262 89
262 98
262 154
262 169
262 171
262 174
262 196
262 211
262 236
262 244
262 391
262 303
262 429
262 368
262 359
262 434
262 349
262 440
262 330
434 86
434 91
434 97
434 142
434 171
434 177
434 233
434 252
434 346
434 348
434 351
434 361
434 367
434 422
434 427
434 432
434 446
86 47
86 57
86 63
86 72
86 74
86 227
86 379
86 407
86 319
86 250
86 228
86 137
86 418
86 140
86 252
86 365
86 233
86 432
86 143
86 178
86 363
86 135
86 417
86 218
42 125
42 245
42 386
42 368
42 449
42 94
42 98
42 84
42 271
42 309
42 345
42 139
42 156
42 79
42 336
42 74
42 395
74 35
74 51
74 56
74 92
74 142
74 427
74 252
74 172
74 136
74 321
74 348
74 125
74 316
74 407
74 233
74 422
74 305
74 221
74 395
395 33
395 51
395 132
395 141
395 143
395 184
395 187
395 231
395 233
395 293
395 299
395 321
395 343
395 348
395 353
395 367
395 398
395 414
395 409
164 21
164 61
164 87
164 92
164 135
164 142
164 233
164 422
164 386
164 201
164 312
164 367
164 348
164 315
164 361
361 117
361 142
361 153
361 154
361 203
361 319
361 348
361 352
361 363
361 419
361 410
361 379
221 33
221 62
221 63
221 64
221 69
221 80
221 85
221 94
221 173
221 184
221 415
221 283
221 378
221 404
221 299
221 242
221 414
221 420
221 412
221 302
221 398
221 234
221 318
221 422
221 305
41 348
41 69
41 93
41 420
41 354
41 157
41 67
41 427
41 258
41 64
41 244
41 247
41 443
41 203
41 85
41 349
41 402
41 312
41 80
41 132
41 173
41 234
157 79
157 84
157 85
157 94
157 141
157 169
157 343
157 420
157 349
157 174
157 365
157 315
157 253
157 171
227 15
227 91
227 121
227 135
227 184
227 201
227 299
227 315
227 305
227 255
227 240
227 245
227 410
227 316
227 311
227 440
227 350
227 406
227 284
227 355
227 379
61 33
61 35
61 57
61 140
61 84
61 378
61 419
61 398
61 352
61 83
61 134
61 144
61 309
61 303
61 429
61 172
61 118
61 249
61 145
61 314
61 417
61 178
61 258
61 244
61 260
61 424
61 255
118 15
118 176
118 181
118 305
118 401
118 231
118 350
47 349
47 305
47 89
47 250
47 415
47 179
47 169
47 201
47 84
47 94
47 410
47 244
47 80
47 311
47 253
47 449
47 316
47 91
47 184
47 121
47 156
47 364
47 55
47 321
47 343
343 91
343 141
343 156
343 196
343 305
343 311
343 316
343 321
343 382
57 15
57 24
57 176
57 410
57 145
57 425
57 299
57 305
57 255
57 401
57 135
57 391
57 293
57 121
57 75
57 156
57 203
57 379
57 351
228 15
228 21
228 35
228 136
228 181
228 305
228 351
15 201
15 398
15 312
15 63
15 347
15 142
15 232
15 252
15 218
15 173
15 234
15 137
15 443
15 349
15 316
15 406
15 72
15 136
15 21
21 418
21 153
21 233
21 308
21 64
21 240
21 232
21 142
21 38
21 229
21 382
21 412
21 63
21 33
21 245
21 312
21 283
21 135
21 169
21 98
21 174
21 355
84 51
84 56
84 75
84 77
84 345
84 97
84 206
84 382
84 255
84 421
84 231
84 246
84 100
84 236
84 141
84 92
84 435
84 98
292 24
292 63
292 75
292 91
292 134
292 178
292 206
292 211
292 229
292 230
292 235
292 243
292 245
292 316
292 345
292 325
292 321
292 314
292 415
292 330
292 358
292 351
77 11
77 38
77 59
77 241
77 419
77 229
77 351
77 398
77 134
77 325
77 90
77 174
77 265
77 126
77 435
77 236
77 139
77 145
77 421
77 218
77 355
77 350
77 406
77 308
77 314
77 140
77 315
406 22
406 24
406 38
406 78
406 79
406 83
406 93
406 125
406 134
406 203
406 218
406 235
406 240
406 249
406 302
406 303
406 318
406 349
406 350
406 404
406 429
79 51
79 56
79 321
79 427
79 92
79 100
79 236
79 97
79 336
136 28
136 38
136 72
136 83
136 117
136 125
136 134
136 419
136 318
136 184
136 233
136 418
136 349
136 142
136 359
136 232
136 350
136 137
136 404
136 249
136 235
136 179
136 240
218 11
218 59
218 85
218 90
218 100
218 121
218 181
218 187
218 231
218 445
218 326
218 346
218 316
218 419
218 355
218 302
218 417
132 59
132 83
132 125
132 144
132 240
132 271
132 350
132 414
132 169
132 386
132 309
132 410
132 156
132 184
132 245
132 419
132 173
132 234
132 443
132 353
132 409
132 321
309 22
309 38
309 51
309 56
309 67
309 72
309 75
309 100
309 153
309 156
309 187
309 231
309 241
309 242
309 246
309 255
309 357
309 312
309 345
309 352
309 378
309 421
309 347
309 336
309 407
309 435
414 35
414 58
414 63
414 100
414 125
414 137
414 173
414 177
414 231
414 252
414 283
414 302
414 305
414 311
414 321
414 326
414 352
414 357
414 362
414 382
414 398
414 401
414 421
414 432
177 100
177 211
177 435
177 255
177 326
177 358
177 240
177 316
177 178
177 271
316 24
316 67
316 94
316 125
316 134
316 137
316 142
316 173
316 179
316 235
316 240
316 249
316 284
316 363
316 354
316 353
316 409
316 419
316 407
316 382
316 349
316 350
316 358
419 22
419 56
419 100
419 141
419 156
419 187
419 252
419 302
419 326
419 336
419 346
419 367
419 417
419 421
419 443
11 38
11 169
11 398
11 303
11 203
11 347
11 318
11 379
11 293
11 33
11 64
11 24
11 182
11 284
11 265
38 302
38 255
38 399
38 236
38 440
38 305
38 346
38 345
38 187
38 231
38 244
38 351
38 250
38 365
38 241
38 412
38 424
38 417
38 154
38 271
38 350
38 64
38 355
169 87
169 92
169 141
169 421
169 432
169 201
169 386
169 181
169 232
169 312
169 176
169 427
169 206
398 80
398 125
398 144
398 176
398 187
398 234
398 241
398 302
398 321
398 401
398 417
398 412
303 69
303 126
303 140
303 142
303 150
303 159
303 176
303 181
303 240
303 246
303 249
303 271
303 346
303 325
303 315
303 351
303 415
303 410
303 336
303 339
303 425
303 429
203 60
203 62
203 75
203 85
203 121
203 150
203 156
203 171
203 172
203 236
203 391
203 231
203 440
203 425
203 386
203 351
203 336
203 350
203 379
347 35
347 75
347 90
347 125
347 126
347 150
347 236
347 241
347 265
347 271
347 299
347 336
347 351
347 399
318 85
318 175
318 176
318 246
318 250
318 265
318 379
318 445
318 410
318 421
379 93
379 171
379 172
379 176
379 250
379 271
379 346
379 351
293 35
293 62
293 121
293 171
293 172
293 176
293 231
293 241
293 265
293 410
293 305
293 336
293 326
293 299
33 126
33 60
33 250
33 231
33 350
33 171
33 435
33 367
33 351
33 330
33 391
33 154
33 176
33 80
33 245
33 424
33 255
33 421
33 64
33 420
33 401
33 440
33 236
33 244
33 260
33 241
64 22
64 60
64 196
64 247
64 87
64 330
64 391
64 142
64 175
64 427
64 240
64 258
64 150
64 176
64 252
64 148
64 422
64 85
64 265
64 420
64 401
64 355
24 321
24 326
24 231
24 55
24 141
24 246
24 142
24 236
24 117
24 145
24 325
24 363
24 415
24 67
24 358
24 235
182 63
182 139
182 141
182 150
182 153
182 181
182 229
182 445
182 243
182 404
182 364
182 440
182 330
182 250
182 435
182 314
284 62
284 67
284 85
284 92
284 172
284 175
284 201
284 206
284 265
284 386
284 445
284 412
284 355
265 59
265 72
265 87
265 92
265 98
265 126
265 153
265 172
265 174
265 362
265 432
265 399
404 22
404 60
404 83
404 137
404 150
404 187
404 201
404 211
404 240
404 308
404 330
404 352
404 357
404 420
404 407
346 89
346 94
346 144
346 154
346 184
346 314
346 319
346 368
346 429
314 22
314 72
314 75
314 83
314 87
314 140
314 230
314 242
314 255
314 308
314 345
314 362
314 352
314 321
314 421
314 412
314 417
314 435
314 351
314 410
314 336
236 92
236 100
236 134
236 139
236 143
236 144
236 359
236 325
236 435
236 354
236 244
236 440
399 85
399 121
399 126
399 153
399 175
399 196
399 201
399 211
399 242
399 302
399 352
399 355
399 357
399 378
399 386
399 391
399 445
399 402
184 35
184 51
184 97
184 121
184 125
184 126
184 401
184 311
184 232
184 420
184 211
184 305
184 391
121 22
121 28
121 59
121 78
121 349
121 308
121 339
121 445
121 174
121 440
121 353
121 229
121 363
121 179
121 330
354 80
354 97
354 98
354 126
354 141
354 231
354 241
354 260
354 311
354 350
354 401
354 382
354 427
354 440
134 22
134 51
134 55
134 80
134 83
134 440
134 141
134 302
134 415
134 401
134 326
134 241
134 235
134 231
134 137
134 187
134 336
134 325
134 308
134 145
134 357
231 55
231 139
231 172
231 409
231 353
231 244
231 299
231 302
231 232
319 22
319 87
319 140
319 171
319 172
319 176
319 181
319 187
319 230
319 243
319 362
319 353
319 417
319 446
319 410
319 422
319 412
319 407
319 352
378 56
378 75
378 85
378 90
378 171
378 175
378 196
378 242
378 250
378 260
378 336
378 345
378 350
378 351
378 352
378 365
378 446
378 445
378 391
171 89
171 90
171 98
171 143
171 193
171 283
171 234
171 172
171 352
171 435
171 253
139 55
139 56
139 137
139 252
139 353
139 325
139 391
139 362
139 427
139 156
139 421
139 145
139 187
139 243
139 235
139 302
139 415
139 246
145 28
145 72
145 78
145 83
145 97
145 117
145 143
145 364
145 418
145 363
145 247
145 173
145 252
145 249
145 242
145 432
145 308
145 427
145 421
145 359
145 241
125 63
125 72
125 348
125 302
125 137
125 402
125 178
125 353
125 409
125 407
125 299
271 78
271 93
271 94
271 142
271 154
271 159
271 173
271 242
271 258
271 443
271 368
271 402
271 349
271 363
271 312
271 417
271 418
135 78
135 137
135 422
135 142
135 348
135 159
135 243
135 201
135 363
135 446
135 176
312 69
312 75
312 78
312 80
312 140
312 154
312 156
312 193
312 240
312 244
312 258
312 283
312 350
312 349
312 386
312 348
312 330
312 424
312 429
410 22
410 83
410 89
410 91
410 94
410 156
410 173
410 181
410 232
410 246
410 253
410 336
410 363
410 407
410 429
229 22
229 72
229 91
229 126
229 137
229 187
229 196
229 201
229 206
229 417
229 407
229 243
229 353
229 302
229 386
446 62
446 89
446 93
446 94
446 98
446 140
446 142
446 148
446 154
446 178
446 193
446 242
446 243
446 250
446 283
446 363
446 365
446 422
446 429
386 58
386 60
386 98
386 142
386 172
386 175
386 193
386 234
386 283
386 302
386 308
386 339
386 349
386 353
386 402
150 62
150 69
150 72
150 83
150 87
150 126
150 143
150 418
150 193
150 427
150 153
150 258
150 368
150 432
150 179
445 59
445 174
445 211
445 247
445 352
445 357
445 362
445 391
445 443
391 69
391 98
391 159
391 174
391 193
391 234
391 330
391 352
391 429
391 440
391 409
87 59
87 78
87 440
87 211
87 283
87 144
87 355
87 435
87 326
87 258
87 193
87 429
87 230
87 154
87 250
87 315
87 425
422 80
422 85
422 90
422 94
422 140
422 144
422 193
422 244
422 250
422 255
422 283
422 299
422 305
422 336
422 339
422 365
422 424
422 425
305 63
305 137
305 142
305 173
305 232
305 242
305 299
305 409
305 412
305 311
305 401
409 35
409 51
409 60
409 126
409 137
409 196
409 243
409 247
409 252
409 311
409 321
409 352
409 353
409 362
417 59
417 75
417 80
417 85
417 90
417 154
417 174
417 176
417 255
417 308
417 315
417 401
417 424
315 62
315 78
315 92
315 159
315 196
315 243
315 247
315 252
315 351
315 427
315 367
315 407
315 353
315 432
315 348
315 352
172 56
172 60
172 75
172 440
172 435
172 240
172 355
172 336
260 58
260 67
260 72
260 93
260 126
260 137
260 148
260 153
260 241
260 242
260 244
260 247
260 252
260 432
260 359
260 427
260 421
260 402
67 35
67 63
67 153
67 90
67 80
67 85
67 255
67 178
67 299
67 358
67 235
401 28
401 80
401 89
401 93
401 299
401 359
401 368
401 415
401 412
401 420
80 137
80 242
80 148
80 382
80 247
80 443
80 244
80 93
80 97
80 311
311 58
311 72
311 85
311 97
311 137
311 179
311 244
311 407
311 349
311 432
311 348
311 415
311 363
311 420
440 56
440 62
440 93
440 97
440 143
440 153
440 187
440 244
440 326
440 359
141 55
141 60
141 69
141 92
141 117
141 362
141 233
141 253
141 143
141 244
141 249
141 443
141 348
141 358
141 364
350 93
350 142
350 244
350 258
201 58
201 59
201 63
201 93
201 137
201 144
201 153
201 339
201 243
201 348
201 407
201 240
201 355
201 449
201 245
63 196
63 407
63 187
63 72
63 299
63 144
63 234
63 412
63 181
142 58
142 59
142 69
142 241
142 144
142 365
142 420
142 349
142 175
142 415
142 246
142 148
142 154
142 250
142 234
142 418
142 159
232 75
232 415
232 246
232 240
232 245
232 420
232 250
232 365
232 330
252 58
252 90
252 94
252 140
252 144
252 148
252 196
252 245
252 249
252 435
252 365
252 255
252 421
252 355
252 424
252 345
252 418
252 339
252 425
173 22
173 35
173 85
173 137
173 144
173 156
173 362
173 245
173 326
173 357
173 234
173 247
234 58
234 206
234 247
234 357
234 283
234 412
234 302
234 242
137 55
137 58
137 75
137 83
137 91
137 424
137 245
137 339
137 353
137 144
137 249
137 235
137 418
137 429
137 443
137 425
137 196
137 206
137 240
137 148
137 244
443 22
443 59
443 60
443 90
443 175
443 206
443 211
443 247
443 321
443 351
443 357
443 362
349 97
349 206
349 211
349 432
349 427
349 382
72 243
72 299
72 255
72 421
72 196
72 153
59 22
59 85
59 355
59 247
59 175
59 211
94 336
94 246
94 351
94 230
94 176
94 140
90 62
90 351
90 352
90 302
90 357
90 196
85 98
85 247
85 412
85 174
85 196
412 153
412 241
412 243
412 246
412 250
412 308
412 365
233 35
233 92
233 97
233 241
233 351
233 432
368 51
368 56
368 75
368 89
368 179
368 250
368 255
368 359
368 420
368 415
368 449
368 425
449 28
449 126
449 143
449 206
449 245
449 253
449 363
449 425
92 56
92 78
92 258
92 179
92 330
92 159
92 249
92 299
92 339
92 100
92 336
92 143
92 424
92 345
92 348
92 435
348 35
348 156
348 321
348 425
348 427
425 62
425 93
425 98
425 148
425 196
425 242
425 247
425 308
425 339
425 418
425 427
345 22
345 89
345 93
345 143
345 148
345 187
345 402
345 352
345 424
83 22
83 55
83 242
83 245
83 230
83 140
83 362
83 247
83 91
83 357
83 330
83 211
83 336
83 240
51 283
51 60
51 93
51 299
51 55
51 98
250 93
250 143
250 148
250 153
250 154
250 176
250 187
250 283
250 427
250 258
250 382
250 253
353 22
353 55
353 56
353 91
353 156
353 230
353 235
353 247
353 321
353 325
353 357
353 362
206 22
206 58
206 60
206 93
206 98
206 174
206 175
206 339
206 253
206 382
206 427
435 56
435 89
435 93
435 98
435 143
435 153
435 258
435 326
435 352
435 407
435 424
435 432
56 283
56 359
56 352
56 98
56 174
56 100
56 193
56 249
56 325
56 299
175 22
175 93
175 98
175 148
175 174
175 382
175 247
175 402
242 244
235 78
235 117
235 143
235 187
235 193
235 363
235 359
235 418
235 364
235 249
235 358
235 243
176 28
176 93
176 140
176 153
176 159
176 365
176 407
176 427
325 249
325 253
325 367
325 358
325 357
325 362
325 326
325 363
325 364
325 359
230 22
230 62
230 89
230 93
230 117
230 143
230 193
230 243
230 382
230 363
230 429
230 352
352 35
352 75
352 196
352 336
196 148
196 174
196 432
196 418
196 243
196 424
62 255
62 140
62 365
62 358
62 178
62 69
62 336
62 420
402 126
402 156
402 178
402 245
402 299
402 358
93 35
93 156
93 321
93 245
93 255
93 421
93 355
58 421
58 367
58 144
58 362
407 91
407 140
407 153
407 243
407 255
407 421
153 75
153 187
153 255
153 421
283 144
283 336
283 351
418 69
418 159
418 245
418 246
418 249
418 330
418 339
418 362
418 367
418 420
418 429
308 75
308 126
308 140
308 187
308 241
308 302
308 351
240 22
240 28
240 69
240 143
240 179
240 363
240 258
240 358
382 55
382 60
382 89
382 144
382 174
382 179
382 211
382 249
382 253
382 321
382 355
382 364
245 28
245 358
245 363
245 339
98 55
98 75
98 211
98 174
98 355
174 126
174 211
174 336
174 355
355 148
22 211
22 154
22 60
22 321
22 91
22 336
22 144
211 179
211 247
211 357
211 330
211 358
154 148
154 367
154 247
154 351
154 427
154 258
60 69
60 258
60 253
60 179
60 321
60 358
321 55
321 78
321 249
321 299
321 364
91 159
91 243
91 247
336 75
336 89
336 143
336 244
336 249
336 424
336 415
336 429
336 367
144 302
144 156
144 351
144 241
144 326
144 357
144 247
100 362
100 326
100 117
55 363
55 359
55 97
55 243
55 187
55 249
55 78
55 364
351 28
351 78
351 429
351 358
351 432
326 247
326 258
326 299
326 424
326 357
326 363
326 359
246 75
246 148
246 243
246 364
246 249
246 302
246 415
117 359
363 89
363 140
363 156
363 179
363 330
363 359
363 415
363 420
415 148
415 156
415 249
415 302
415 358
415 359
358 330
358 365
178 156
178 299
178 255
159 78
159 193
159 367
159 432
249 78
249 193
249 241
249 427
148 75
148 362
148 255
148 367
148 424
148 244
424 75
424 143
424 156
424 247
424 255
424 258
424 362
424 367
424 421
339 78
339 193
339 432
339 427
28 359
28 181
28 420
28 89
28 179
28 330
359 97
359 143
359 241
359 253
359 357
359 362
181 302
420 69
420 78
420 97
420 179
420 247
89 75
89 140
89 97
89 427
89 253
89 432
89 143
89 255
179 126
179 143
179 427
179 253
179 432
179 330
330 69
330 78
330 187
330 357
241 97
241 143
241 255
241 365
241 244
156 75
156 364
156 429
421 140
421 193
421 255
421 365
421 432
421 429
362 255
97 143
253 365
429 78
429 140
429 193
429 367
429 427
244 247
244 258
126 35
126 299
126 143
255 427
255 258
187 243
365 432
35 427
35 299
427 78
427 258
78 69
75 258
75 143
432 69
432 143
243 140
69 193
193 140
