500 12458
5 1
5 15
5 46
5 47
5 50
5 101
5 112
5 141
5 144
5 153
5 161
5 183
5 194
5 195
5 227
5 234
5 281
5 294
5 298
5 341
5 344
5 358
5 360
5 363
5 367
5 390
5 401
5 404
5 424
5 441
5 451
5 456
5 458
5 459
5 468
5 470
5 472
5 481
5 490
5 496
5 497
1 9
1 12
1 19
1 35
1 47
1 63
1 68
1 71
1 79
1 81
1 88
1 93
1 100
1 120
1 128
1 140
1 165
1 167
1 168
1 169
1 186
1 193
1 204
1 206
1 214
1 220
1 223
1 236
1 239
1 245
1 247
1 292
1 295
1 323
1 325
1 330
1 346
1 371
1 372
1 376
1 384
1 390
1 392
1 405
1 409
1 413
1 426
1 428
1 456
1 461
1 476
7 2
7 3
7 6
7 21
7 39
7 72
7 79
7 80
7 85
7 88
7 89
7 101
7 102
7 109
7 128
7 138
7 170
7 172
7 190
7 191
7 195
7 199
7 203
7 248
7 268
7 271
7 276
7 298
7 308
7 322
7 337
7 344
7 345
7 352
7 372
7 373
7 374
7 378
7 387
7 390
7 415
7 426
7 437
7 456
7 471
7 485
7 488
7 496
7 498
2 11
2 25
2 30
2 36
2 45
2 47
2 49
2 59
2 96
2 106
2 115
2 119
2 125
2 135
2 138
2 171
2 178
2 179
2 180
2 181
2 189
2 201
2 208
2 210
2 245
2 253
2 261
2 277
2 280
2 284
2 301
2 303
2 313
2 321
2 326
2 333
2 340
2 357
2 360
2 362
2 369
2 381
2 385
2 389
2 402
2 420
2 437
2 454
2 459
2 484
2 487
2 494
3 8
3 29
3 31
3 46
3 55
3 70
3 72
3 85
3 97
3 100
3 113
3 120
3 136
3 146
3 162
3 179
3 184
3 200
3 219
3 220
3 233
3 246
3 253
3 259
3 262
3 263
3 268
3 269
3 281
3 285
3 291
3 309
3 326
3 327
3 331
3 332
3 344
3 360
3 375
3 394
3 417
3 418
3 423
3 424
3 429
3 434
3 436
3 438
3 442
3 446
3 474
3 490
6 10
6 13
6 30
6 54
6 66
6 69
6 70
6 71
6 83
6 107
6 114
6 115
6 171
6 174
6 179
6 191
6 194
6 213
6 229
6 242
6 253
6 254
6 256
6 270
6 275
6 287
6 292
6 300
6 305
6 306
6 310
6 311
6 330
6 381
6 386
6 400
6 420
6 426
6 430
6 433
6 449
6 456
6 485
6 486
6 493
8 16
8 19
8 25
8 37
8 40
8 41
8 51
8 53
8 61
8 78
8 84
8 120
8 127
8 136
8 146
8 179
8 186
8 194
8 210
8 211
8 224
8 231
8 234
8 243
8 246
8 256
8 258
8 269
8 285
8 288
8 321
8 323
8 328
8 330
8 359
8 378
8 382
8 383
8 393
8 405
8 408
8 416
8 424
8 427
8 448
8 453
8 470
8 476
9 4
9 11
9 33
9 43
9 44
9 49
9 66
9 67
9 80
9 85
9 92
9 104
9 118
9 143
9 154
9 166
9 188
9 189
9 195
9 204
9 229
9 238
9 251
9 263
9 264
9 269
9 320
9 339
9 347
9 356
9 368
9 373
9 374
9 388
9 398
9 414
9 434
9 435
9 447
9 448
9 475
9 477
9 482
9 487
9 488
9 491
4 12
4 14
4 29
4 40
4 49
4 55
4 61
4 64
4 97
4 99
4 110
4 126
4 136
4 141
4 145
4 164
4 165
4 170
4 176
4 190
4 195
4 199
4 200
4 205
4 265
4 267
4 274
4 298
4 331
4 333
4 341
4 360
4 367
4 383
4 392
4 394
4 407
4 413
4 434
4 452
4 460
4 476
4 478
4 481
4 483
4 490
10 15
10 23
10 29
10 34
10 46
10 53
10 57
10 67
10 78
10 79
10 85
10 86
10 87
10 88
10 108
10 109
10 119
10 127
10 133
10 145
10 147
10 156
10 159
10 161
10 186
10 194
10 208
10 233
10 246
10 251
10 262
10 264
10 265
10 279
10 312
10 316
10 317
10 325
10 331
10 337
10 355
10 363
10 367
10 368
10 389
10 392
10 402
10 403
10 417
10 418
10 432
10 439
10 445
10 448
10 450
10 452
10 455
10 466
10 472
10 475
10 480
10 481
10 486
10 498
11 35
11 36
11 37
11 54
11 56
11 62
11 105
11 127
11 132
11 152
11 154
11 162
11 189
11 192
11 195
11 205
11 234
11 242
11 266
11 267
11 270
11 279
11 297
11 301
11 302
11 306
11 321
11 333
11 342
11 346
11 358
11 359
11 360
11 365
11 382
11 386
11 391
11 399
11 403
11 415
11 472
11 491
11 495
12 19
12 25
12 27
12 29
12 32
12 34
12 49
12 51
12 53
12 68
12 71
12 91
12 124
12 136
12 151
12 164
12 167
12 182
12 191
12 192
12 193
12 201
12 208
12 213
12 225
12 228
12 239
12 250
12 253
12 263
12 266
12 267
12 314
12 332
12 336
12 349
12 351
12 360
12 361
12 397
12 401
12 411
12 414
12 433
12 440
12 447
12 449
12 463
12 465
12 487
12 489
12 492
12 493
12 498
13 14
13 27
13 37
13 39
13 45
13 47
13 56
13 57
13 70
13 79
13 82
13 86
13 92
13 94
13 96
13 152
13 155
13 169
13 175
13 189
13 197
13 205
13 206
13 207
13 225
13 230
13 233
13 255
13 290
13 302
13 304
13 307
13 311
13 320
13 322
13 334
13 337
13 339
13 344
13 358
13 360
13 376
13 388
13 391
13 415
13 425
13 427
13 445
13 447
13 464
13 482
13 491
13 492
14 73
14 91
14 92
14 127
14 136
14 158
14 163
14 178
14 182
14 200
14 204
14 220
14 249
14 263
14 267
14 276
14 292
14 317
14 327
14 340
14 355
14 358
14 359
14 375
14 379
14 384
14 394
14 415
14 429
14 432
14 433
14 438
14 439
15 47
15 53
15 55
15 84
15 99
15 104
15 130
15 131
15 135
15 144
15 148
15 151
15 154
15 159
15 160
15 161
15 162
15 170
15 178
15 185
15 186
15 207
15 209
15 210
15 212
15 220
15 233
15 252
15 255
15 256
15 274
15 282
15 287
15 295
15 313
15 322
15 327
15 347
15 352
15 364
15 372
15 378
15 413
15 425
15 430
15 440
15 441
15 451
15 470
15 473
15 489
15 492
15 499
16 0
16 32
16 58
16 66
16 76
16 89
16 101
16 117
16 127
16 147
16 148
16 156
16 165
16 169
16 180
16 199
16 207
16 213
16 218
16 221
16 230
16 231
16 254
16 264
16 280
16 298
16 331
16 344
16 348
16 352
16 353
16 356
16 361
16 368
16 390
16 392
16 395
16 407
16 410
16 416
16 419
16 430
16 434
16 437
16 440
16 455
16 467
16 471
16 481
16 494
16 495
0 29
0 30
0 36
0 38
0 45
0 51
0 102
0 111
0 120
0 127
0 130
0 132
0 135
0 149
0 213
0 216
0 218
0 231
0 233
0 236
0 243
0 249
0 261
0 268
0 269
0 273
0 282
0 283
0 290
0 291
0 298
0 301
0 311
0 322
0 330
0 342
0 346
0 350
0 355
0 361
0 403
0 405
0 424
0 431
0 433
0 435
0 451
0 473
0 478
0 481
0 483
19 29
19 30
19 37
19 44
19 46
19 56
19 59
19 109
19 135
19 137
19 181
19 182
19 203
19 204
19 221
19 224
19 230
19 240
19 246
19 247
19 252
19 273
19 280
19 308
19 313
19 322
19 327
19 331
19 340
19 357
19 360
19 374
19 394
19 413
19 421
19 429
19 451
19 474
19 485
19 490
19 499
21 31
21 34
21 36
21 42
21 48
21 80
21 81
21 93
21 102
21 106
21 124
21 171
21 173
21 180
21 187
21 189
21 198
21 211
21 219
21 224
21 228
21 230
21 242
21 254
21 255
21 256
21 260
21 266
21 270
21 299
21 323
21 346
21 349
21 353
21 359
21 376
21 404
21 408
21 416
21 420
21 423
21 444
21 456
21 469
21 470
21 473
21 477
21 499
23 39
23 44
23 53
23 54
23 58
23 71
23 75
23 86
23 95
23 97
23 111
23 114
23 137
23 145
23 164
23 169
23 175
23 187
23 202
23 209
23 220
23 234
23 248
23 255
23 262
23 267
23 288
23 311
23 319
23 329
23 337
23 339
23 344
23 369
23 371
23 383
23 394
23 400
23 403
23 434
23 461
23 464
23 469
23 494
23 498
24 20
24 25
24 26
24 37
24 40
24 41
24 60
24 73
24 108
24 109
24 123
24 134
24 168
24 169
24 180
24 212
24 220
24 227
24 246
24 249
24 257
24 267
24 280
24 304
24 306
24 310
24 311
24 334
24 341
24 355
24 356
24 377
24 382
24 398
24 400
24 418
24 424
24 440
24 454
24 471
24 472
24 477
24 486
24 495
20 38
20 42
20 52
20 55
20 58
20 61
20 83
20 108
20 118
20 140
20 149
20 166
20 168
20 173
20 184
20 186
20 195
20 199
20 201
20 205
20 215
20 223
20 228
20 239
20 247
20 254
20 261
20 264
20 274
20 285
20 296
20 305
20 309
20 313
20 315
20 323
20 324
20 350
20 352
20 363
20 404
20 408
20 418
20 431
20 438
20 444
20 448
20 455
20 458
20 459
20 464
20 470
20 474
20 484
20 489
20 499
25 33
25 61
25 62
25 89
25 94
25 110
25 147
25 155
25 164
25 178
25 190
25 203
25 215
25 216
25 225
25 252
25 265
25 273
25 283
25 285
25 287
25 293
25 310
25 327
25 359
25 361
25 363
25 366
25 368
25 370
25 380
25 384
25 419
25 430
25 441
25 448
25 477
25 481
25 497
26 30
26 33
26 38
26 41
26 42
26 53
26 60
26 95
26 98
26 109
26 154
26 158
26 161
26 166
26 168
26 169
26 181
26 189
26 199
26 207
26 213
26 223
26 235
26 245
26 250
26 255
26 262
26 272
26 294
26 302
26 310
26 311
26 329
26 331
26 342
26 371
26 403
26 407
26 428
26 436
26 446
26 459
26 472
26 477
26 478
26 480
26 483
26 490
26 496
26 498
27 30
27 34
27 42
27 51
27 52
27 54
27 56
27 67
27 70
27 84
27 88
27 90
27 119
27 135
27 136
27 145
27 191
27 208
27 219
27 224
27 237
27 256
27 273
27 283
27 286
27 293
27 297
27 349
27 377
27 380
27 381
27 394
27 400
27 401
27 404
27 405
27 411
27 412
27 414
27 435
27 441
27 452
27 459
27 461
27 474
27 490
28 22
28 31
28 32
28 53
28 70
28 107
28 112
28 119
28 121
28 155
28 156
28 160
28 164
28 171
28 175
28 182
28 183
28 189
28 196
28 216
28 222
28 224
28 252
28 260
28 271
28 281
28 338
28 346
28 352
28 355
28 360
28 380
28 383
28 392
28 397
28 403
28 433
28 454
28 463
28 465
28 494
22 32
22 54
22 62
22 72
22 86
22 87
22 99
22 105
22 109
22 126
22 134
22 141
22 144
22 146
22 171
22 175
22 177
22 183
22 185
22 199
22 202
22 209
22 212
22 218
22 224
22 237
22 249
22 250
22 257
22 265
22 273
22 282
22 286
22 313
22 335
22 336
22 340
22 343
22 353
22 354
22 368
22 376
22 378
22 387
22 391
22 403
22 412
22 436
22 439
22 444
22 450
22 465
22 478
22 482
22 495
29 46
29 55
29 69
29 82
29 105
29 113
29 126
29 133
29 137
29 170
29 193
29 201
29 245
29 246
29 252
29 267
29 272
29 280
29 289
29 305
29 323
29 334
29 336
29 349
29 355
29 360
29 362
29 375
29 378
29 379
29 380
29 385
29 388
29 409
29 414
29 419
29 433
29 437
29 447
29 448
29 450
29 474
29 485
30 17
30 38
30 49
30 55
30 61
30 71
30 75
30 86
30 89
30 96
30 129
30 133
30 134
30 139
30 150
30 176
30 178
30 195
30 205
30 226
30 235
30 242
30 284
30 286
30 311
30 320
30 322
30 329
30 331
30 335
30 351
30 361
30 372
30 375
30 389
30 418
30 439
30 440
30 456
30 467
30 471
30 495
30 499
17 32
17 36
17 39
17 44
17 53
17 56
17 58
17 80
17 109
17 111
17 130
17 157
17 162
17 163
17 165
17 188
17 207
17 212
17 246
17 274
17 282
17 284
17 291
17 300
17 314
17 323
17 360
17 372
17 374
17 376
17 385
17 397
17 399
17 411
17 422
17 425
17 437
17 442
17 459
17 472
17 473
17 482
17 484
17 493
17 494
17 498
31 38
31 46
31 50
31 55
31 58
31 60
31 74
31 75
31 83
31 87
31 88
31 99
31 113
31 114
31 116
31 127
31 130
31 135
31 138
31 139
31 142
31 145
31 147
31 151
31 154
31 169
31 170
31 178
31 187
31 191
31 194
31 202
31 219
31 223
31 230
31 232
31 245
31 260
31 262
31 263
31 287
31 310
31 318
31 321
31 322
31 323
31 329
31 342
31 348
31 360
31 364
31 375
31 382
31 390
31 393
31 399
31 405
31 411
31 412
31 417
31 434
31 441
31 447
31 458
31 475
32 37
32 52
32 63
32 64
32 77
32 81
32 83
32 100
32 107
32 117
32 123
32 128
32 137
32 140
32 157
32 194
32 197
32 201
32 214
32 217
32 239
32 257
32 263
32 271
32 275
32 291
32 301
32 308
32 321
32 333
32 344
32 349
32 360
32 364
32 366
32 411
32 418
32 424
32 434
32 450
32 464
32 479
32 480
32 499
33 57
33 70
33 77
33 100
33 116
33 125
33 148
33 173
33 188
33 210
33 219
33 233
33 239
33 243
33 249
33 268
33 320
33 324
33 329
33 335
33 338
33 340
33 341
33 345
33 376
33 403
33 407
33 431
33 434
33 448
33 458
33 461
33 467
33 472
33 475
33 489
33 492
34 40
34 44
34 46
34 49
34 84
34 85
34 113
34 116
34 130
34 134
34 140
34 148
34 160
34 169
34 180
34 195
34 210
34 217
34 228
34 233
34 234
34 243
34 246
34 248
34 309
34 319
34 321
34 325
34 329
34 354
34 383
34 406
34 412
34 422
34 434
34 439
34 476
34 497
35 53
35 57
35 83
35 86
35 103
35 105
35 128
35 142
35 150
35 182
35 187
35 198
35 204
35 234
35 248
35 279
35 282
35 298
35 300
35 313
35 318
35 329
35 346
35 351
35 353
35 359
35 364
35 368
35 372
35 376
35 415
35 433
35 461
35 493
35 496
36 42
36 65
36 72
36 74
36 75
36 78
36 83
36 89
36 90
36 94
36 119
36 146
36 152
36 158
36 171
36 185
36 206
36 208
36 222
36 228
36 233
36 245
36 248
36 249
36 251
36 252
36 267
36 276
36 277
36 283
36 295
36 296
36 300
36 307
36 316
36 317
36 326
36 331
36 339
36 382
36 388
36 399
36 407
36 409
36 411
36 423
36 428
36 445
36 446
36 453
36 475
37 49
37 55
37 64
37 70
37 86
37 89
37 110
37 111
37 118
37 128
37 131
37 134
37 150
37 153
37 156
37 193
37 198
37 203
37 236
37 238
37 246
37 257
37 259
37 265
37 322
37 323
37 325
37 328
37 332
37 336
37 337
37 345
37 352
37 366
37 369
37 372
37 379
37 398
37 406
37 434
37 439
37 455
37 484
37 495
37 496
37 498
38 69
38 75
38 76
38 86
38 95
38 115
38 126
38 132
38 138
38 149
38 152
38 153
38 169
38 188
38 194
38 203
38 205
38 212
38 215
38 222
38 223
38 228
38 236
38 241
38 243
38 245
38 266
38 267
38 269
38 284
38 286
38 289
38 290
38 291
38 300
38 311
38 312
38 320
38 324
38 336
38 357
38 404
38 410
38 414
38 423
38 440
38 442
38 448
38 462
38 471
38 484
38 486
38 491
38 495
39 41
39 78
39 88
39 89
39 92
39 97
39 107
39 154
39 155
39 167
39 168
39 170
39 172
39 175
39 179
39 187
39 188
39 190
39 207
39 213
39 220
39 231
39 239
39 240
39 281
39 285
39 288
39 304
39 307
39 316
39 321
39 330
39 340
39 352
39 360
39 376
39 384
39 385
39 389
39 391
39 398
39 405
39 406
39 415
39 428
39 433
39 445
39 448
39 450
39 463
39 467
39 473
39 483
39 486
39 496
40 18
40 62
40 76
40 84
40 89
40 112
40 113
40 115
40 142
40 151
40 153
40 156
40 204
40 225
40 237
40 245
40 253
40 274
40 290
40 308
40 312
40 325
40 333
40 338
40 354
40 355
40 360
40 371
40 374
40 376
40 404
40 423
40 440
40 444
40 446
40 448
40 497
18 57
18 67
18 79
18 86
18 120
18 123
18 149
18 160
18 170
18 213
18 215
18 221
18 224
18 227
18 228
18 230
18 236
18 247
18 253
18 263
18 264
18 273
18 295
18 301
18 303
18 304
18 313
18 319
18 348
18 349
18 357
18 360
18 361
18 363
18 375
18 376
18 391
18 438
18 452
18 457
41 53
41 56
41 65
41 75
41 85
41 108
41 115
41 116
41 131
41 133
41 136
41 139
41 140
41 148
41 150
41 162
41 167
41 169
41 172
41 173
41 176
41 187
41 192
41 202
41 219
41 233
41 251
41 257
41 260
41 300
41 313
41 317
41 322
41 328
41 329
41 346
41 349
41 384
41 399
41 400
41 409
41 418
41 427
41 437
41 444
41 445
41 452
41 456
41 458
41 460
41 462
41 465
41 474
41 475
41 482
41 485
41 499
42 45
42 74
42 76
42 85
42 100
42 104
42 108
42 127
42 142
42 177
42 178
42 179
42 193
42 217
42 226
42 230
42 238
42 243
42 257
42 263
42 267
42 277
42 281
42 285
42 288
42 311
42 323
42 327
42 334
42 346
42 351
42 354
42 378
42 389
42 394
42 405
42 429
42 432
42 439
42 452
42 464
42 472
42 475
42 490
43 55
43 63
43 67
43 89
43 92
43 96
43 119
43 131
43 137
43 150
43 171
43 173
43 175
43 177
43 179
43 184
43 187
43 193
43 204
43 212
43 228
43 237
43 247
43 249
43 257
43 258
43 293
43 299
43 305
43 309
43 312
43 313
43 328
43 337
43 342
43 352
43 373
43 380
43 386
43 390
43 395
43 410
43 428
43 437
43 447
43 451
43 453
43 454
43 486
44 70
44 73
44 79
44 91
44 98
44 111
44 117
44 126
44 140
44 156
44 157
44 171
44 174
44 176
44 181
44 210
44 217
44 236
44 252
44 261
44 262
44 266
44 267
44 281
44 284
44 321
44 342
44 355
44 442
44 444
44 451
44 453
44 454
44 465
44 473
44 479
44 483
44 486
44 497
44 499
45 49
45 55
45 77
45 83
45 86
45 105
45 110
45 113
45 126
45 134
45 153
45 159
45 163
45 177
45 180
45 183
45 186
45 188
45 194
45 218
45 236
45 242
45 254
45 258
45 277
45 284
45 285
45 288
45 310
45 312
45 321
45 341
45 345
45 363
45 368
45 391
45 403
45 411
45 420
45 430
45 435
45 449
45 492
46 56
46 62
46 64
46 82
46 87
46 92
46 100
46 105
46 112
46 122
46 126
46 147
46 175
46 182
46 183
46 190
46 193
46 195
46 208
46 231
46 252
46 271
46 279
46 280
46 281
46 284
46 302
46 323
46 326
46 330
46 332
46 334
46 338
46 349
46 353
46 360
46 373
46 380
46 395
46 404
46 410
46 417
46 423
46 428
46 432
46 433
46 441
46 449
46 465
46 474
46 481
46 494
47 53
47 56
47 58
47 60
47 67
47 78
47 83
47 86
47 99
47 112
47 122
47 131
47 139
47 164
47 178
47 190
47 213
47 215
47 246
47 263
47 273
47 303
47 324
47 348
47 351
47 369
47 381
47 388
47 394
47 398
47 399
47 407
47 414
47 416
47 440
47 451
47 452
47 468
47 475
47 480
48 54
48 58
48 68
48 69
48 80
48 90
48 103
48 108
48 119
48 142
48 185
48 198
48 210
48 218
48 246
48 253
48 255
48 259
48 266
48 278
48 305
48 306
48 326
48 327
48 370
48 380
48 381
48 399
48 405
48 413
48 414
48 416
48 418
48 420
48 437
48 445
48 447
48 467
48 469
48 474
48 488
48 494
49 51
49 67
49 87
49 108
49 137
49 143
49 144
49 154
49 164
49 169
49 175
49 189
49 206
49 215
49 226
49 230
49 242
49 262
49 287
49 311
49 328
49 331
49 342
49 345
49 346
49 349
49 366
49 373
49 378
49 382
49 385
49 394
49 397
49 403
49 404
49 408
49 413
49 420
49 428
49 445
49 452
49 464
49 494
49 495
50 56
50 58
50 64
50 65
50 70
50 79
50 88
50 93
50 109
50 110
50 115
50 128
50 129
50 134
50 155
50 171
50 178
50 182
50 193
50 194
50 213
50 230
50 232
50 239
50 243
50 247
50 264
50 268
50 274
50 287
50 301
50 313
50 315
50 317
50 332
50 337
50 340
50 348
50 350
50 351
50 354
50 357
50 368
50 372
50 380
50 384
50 392
50 401
50 417
50 420
50 430
50 438
50 448
50 465
50 470
50 477
51 57
51 66
51 78
51 89
51 106
51 114
51 122
51 128
51 132
51 137
51 139
51 142
51 155
51 161
51 175
51 180
51 204
51 222
51 236
51 267
51 279
51 283
51 299
51 312
51 314
51 321
51 333
51 338
51 340
51 348
51 367
51 368
51 371
51 374
51 381
51 385
51 398
51 415
51 418
51 422
51 425
51 432
51 443
51 444
51 459
51 481
51 484
51 489
52 59
52 88
52 89
52 97
52 109
52 115
52 133
52 136
52 137
52 189
52 197
52 212
52 214
52 218
52 226
52 234
52 256
52 268
52 275
52 304
52 310
52 313
52 316
52 321
52 325
52 327
52 347
52 361
52 371
52 380
52 389
52 393
52 400
52 402
52 406
52 408
52 417
52 424
52 426
52 431
52 436
52 454
52 455
52 475
53 61
53 97
53 100
53 115
53 159
53 168
53 186
53 187
53 191
53 193
53 195
53 203
53 224
53 239
53 269
53 270
53 294
53 304
53 312
53 315
53 320
53 327
53 359
53 366
53 378
53 390
53 398
53 407
53 413
53 414
53 422
53 425
53 430
53 442
53 443
53 460
53 465
53 473
53 491
53 497
54 58
54 60
54 71
54 79
54 85
54 99
54 101
54 104
54 108
54 110
54 120
54 134
54 149
54 155
54 185
54 186
54 187
54 189
54 199
54 226
54 233
54 235
54 237
54 245
54 248
54 264
54 326
54 340
54 347
54 355
54 362
54 364
54 372
54 374
54 375
54 376
54 377
54 391
54 395
54 397
54 410
54 414
54 419
54 447
54 464
54 480
54 494
54 496
54 498
55 60
55 68
55 69
55 73
55 82
55 85
55 93
55 103
55 104
55 106
55 114
55 120
55 126
55 128
55 134
55 137
55 158
55 208
55 214
55 221
55 222
55 248
55 254
55 265
55 278
55 286
55 287
55 288
55 311
55 318
55 329
55 340
55 357
55 363
55 365
55 368
55 371
55 374
55 379
55 395
55 403
55 406
55 408
55 439
55 449
55 496
56 80
56 85
56 92
56 95
56 108
56 109
56 124
56 131
56 143
56 161
56 182
56 188
56 201
56 208
56 210
56 225
56 227
56 230
56 239
56 250
56 263
56 269
56 276
56 286
56 296
56 297
56 311
56 325
56 350
56 366
56 388
56 389
56 408
56 410
56 420
56 429
56 431
56 433
56 449
56 452
56 458
56 460
56 467
56 472
56 482
56 487
56 490
56 495
57 68
57 74
57 91
57 116
57 117
57 120
57 124
57 152
57 165
57 169
57 178
57 179
57 183
57 186
57 191
57 196
57 207
57 210
57 213
57 217
57 234
57 242
57 243
57 256
57 294
57 297
57 300
57 322
57 342
57 351
57 367
57 370
57 375
57 378
57 387
57 389
57 410
57 411
57 423
57 438
57 440
57 443
57 446
57 450
57 452
57 455
57 459
57 485
57 492
58 71
58 75
58 84
58 89
58 94
58 129
58 140
58 157
58 188
58 197
58 212
58 219
58 223
58 224
58 232
58 233
58 234
58 243
58 244
58 249
58 267
58 295
58 313
58 317
58 318
58 329
58 336
58 350
58 354
58 387
58 394
58 402
58 408
58 410
58 434
58 436
58 437
58 438
58 443
58 459
58 492
59 68
59 73
59 97
59 104
59 109
59 113
59 115
59 120
59 125
59 128
59 135
59 150
59 154
59 157
59 211
59 230
59 231
59 262
59 265
59 272
59 285
59 286
59 304
59 311
59 331
59 333
59 337
59 349
59 350
59 360
59 370
59 375
59 377
59 393
59 398
59 402
59 421
59 435
59 446
59 457
59 465
59 478
60 80
60 86
60 92
60 93
60 112
60 120
60 129
60 139
60 140
60 149
60 150
60 152
60 160
60 163
60 165
60 167
60 176
60 192
60 194
60 195
60 205
60 228
60 232
60 239
60 257
60 262
60 288
60 292
60 303
60 313
60 342
60 345
60 361
60 362
60 371
60 372
60 376
60 380
60 381
60 393
60 400
60 412
60 418
60 431
60 432
60 450
60 452
60 458
60 470
60 485
60 498
61 87
61 91
61 94
61 100
61 103
61 106
61 109
61 113
61 121
61 139
61 159
61 160
61 168
61 172
61 221
61 231
61 232
61 233
61 246
61 247
61 253
61 269
61 279
61 285
61 307
61 308
61 309
61 324
61 339
61 346
61 352
61 354
61 363
61 426
61 431
61 437
61 447
61 457
61 460
61 468
61 474
61 488
61 492
62 63
62 65
62 69
62 78
62 79
62 82
62 100
62 102
62 111
62 112
62 123
62 124
62 136
62 137
62 138
62 152
62 167
62 187
62 191
62 199
62 216
62 221
62 230
62 239
62 245
62 253
62 254
62 266
62 274
62 276
62 285
62 286
62 300
62 330
62 342
62 344
62 352
62 361
62 368
62 377
62 385
62 390
62 393
62 396
62 402
62 403
62 411
62 412
62 443
62 446
62 456
62 462
62 468
62 484
63 65
63 66
63 73
63 96
63 104
63 105
63 120
63 128
63 134
63 135
63 137
63 138
63 142
63 147
63 155
63 158
63 160
63 187
63 188
63 201
63 231
63 233
63 237
63 251
63 267
63 268
63 285
63 287
63 292
63 310
63 336
63 344
63 363
63 395
63 396
63 413
63 420
63 443
63 453
63 463
63 469
63 477
63 484
64 67
64 72
64 91
64 118
64 123
64 125
64 135
64 140
64 144
64 152
64 163
64 168
64 170
64 181
64 189
64 194
64 201
64 209
64 217
64 218
64 225
64 249
64 284
64 286
64 290
64 292
64 293
64 312
64 319
64 324
64 326
64 328
64 369
64 372
64 375
64 378
64 381
64 385
64 387
64 389
64 392
64 400
64 401
64 414
64 424
64 429
64 435
64 449
64 474
64 484
64 486
64 490
64 492
64 494
65 79
65 97
65 105
65 125
65 130
65 139
65 158
65 173
65 175
65 178
65 180
65 205
65 244
65 255
65 273
65 312
65 316
65 317
65 328
65 334
65 343
65 347
65 349
65 351
65 355
65 364
65 370
65 371
65 391
65 399
65 413
65 452
65 459
65 485
65 489
66 70
66 74
66 82
66 83
66 108
66 128
66 130
66 145
66 174
66 175
66 178
66 196
66 214
66 216
66 218
66 227
66 233
66 238
66 245
66 259
66 265
66 266
66 269
66 295
66 311
66 313
66 314
66 321
66 325
66 334
66 340
66 345
66 365
66 369
66 380
66 388
66 392
66 410
66 413
66 417
66 419
66 427
66 436
66 439
66 445
66 460
66 465
66 468
66 474
66 483
66 493
67 72
67 74
67 77
67 80
67 98
67 104
67 122
67 126
67 131
67 139
67 147
67 159
67 161
67 174
67 184
67 187
67 195
67 209
67 222
67 227
67 236
67 238
67 247
67 250
67 251
67 258
67 265
67 278
67 294
67 302
67 311
67 319
67 328
67 334
67 336
67 371
67 372
67 376
67 399
67 406
67 409
67 416
67 439
67 443
67 453
67 473
67 492
67 499
68 72
68 74
68 78
68 87
68 99
68 101
68 109
68 111
68 119
68 124
68 129
68 155
68 165
68 186
68 190
68 197
68 198
68 224
68 226
68 258
68 259
68 267
68 271
68 305
68 312
68 324
68 332
68 342
68 350
68 359
68 365
68 370
68 378
68 383
68 385
68 387
68 388
68 400
68 406
68 408
68 420
68 421
68 432
68 441
68 444
68 453
68 492
68 494
69 71
69 83
69 88
69 93
69 107
69 108
69 133
69 134
69 137
69 165
69 170
69 173
69 187
69 233
69 240
69 242
69 249
69 253
69 254
69 260
69 261
69 293
69 297
69 300
69 305
69 306
69 313
69 315
69 318
69 326
69 350
69 355
69 362
69 372
69 375
69 384
69 386
69 389
69 392
69 393
69 397
69 410
69 415
69 420
69 431
69 436
69 444
69 453
69 459
69 467
69 469
69 480
69 490
69 491
69 494
69 498
70 81
70 85
70 90
70 93
70 132
70 135
70 149
70 150
70 160
70 161
70 162
70 218
70 234
70 239
70 250
70 257
70 282
70 283
70 290
70 298
70 299
70 306
70 314
70 329
70 338
70 353
70 368
70 373
70 376
70 377
70 379
70 380
70 389
70 396
70 399
70 425
70 434
70 466
70 478
70 481
70 484
70 498
71 82
71 103
71 107
71 125
71 129
71 142
71 165
71 170
71 187
71 191
71 192
71 206
71 224
71 231
71 235
71 249
71 268
71 276
71 319
71 324
71 327
71 330
71 352
71 364
71 365
71 394
71 405
71 407
71 421
71 422
71 424
71 440
71 442
71 452
71 481
71 492
71 495
72 74
72 83
72 90
72 99
72 120
72 129
72 135
72 137
72 145
72 158
72 168
72 192
72 195
72 197
72 203
72 211
72 221
72 244
72 249
72 281
72 291
72 315
72 328
72 335
72 336
72 338
72 345
72 374
72 397
72 405
72 424
72 438
72 443
72 449
72 453
72 462
72 469
72 471
72 474
72 478
72 487
72 493
72 497
72 498
72 499
73 85
73 90
73 99
73 101
73 122
73 123
73 131
73 136
73 171
73 177
73 179
73 187
73 191
73 194
73 228
73 250
73 256
73 260
73 279
73 292
73 323
73 328
73 329
73 335
73 337
73 339
73 347
73 357
73 372
73 375
73 393
73 397
73 403
73 405
73 411
73 419
73 423
73 427
73 436
73 449
73 459
73 462
73 463
73 465
73 482
73 484
74 79
74 81
74 87
74 88
74 98
74 99
74 106
74 112
74 117
74 119
74 136
74 144
74 148
74 154
74 166
74 172
74 175
74 179
74 199
74 201
74 202
74 205
74 220
74 233
74 239
74 254
74 255
74 257
74 279
74 283
74 296
74 316
74 321
74 324
74 361
74 382
74 388
74 394
74 398
74 400
74 404
74 407
74 410
74 421
74 427
74 441
74 468
74 485
74 489
75 91
75 95
75 110
75 118
75 120
75 129
75 147
75 155
75 156
75 160
75 167
75 174
75 182
75 184
75 197
75 202
75 229
75 242
75 243
75 244
75 245
75 258
75 288
75 293
75 318
75 319
75 320
75 334
75 342
75 354
75 381
75 395
75 400
75 401
75 408
75 415
75 416
75 421
75 422
75 438
75 460
75 465
75 482
76 95
76 99
76 108
76 121
76 130
76 136
76 141
76 142
76 146
76 171
76 178
76 179
76 210
76 217
76 234
76 238
76 263
76 288
76 289
76 317
76 339
76 341
76 368
76 385
76 389
76 392
76 404
76 413
76 414
76 429
76 458
76 470
76 478
76 479
76 482
76 493
77 80
77 85
77 86
77 91
77 112
77 121
77 122
77 124
77 125
77 134
77 139
77 142
77 146
77 151
77 203
77 205
77 212
77 222
77 226
77 235
77 242
77 250
77 252
77 262
77 284
77 293
77 309
77 311
77 317
77 326
77 335
77 341
77 380
77 389
77 422
77 425
77 428
77 434
77 453
77 477
77 484
77 493
77 499
78 83
78 88
78 89
78 99
78 111
78 118
78 134
78 153
78 154
78 164
78 169
78 175
78 177
78 216
78 218
78 276
78 286
78 299
78 306
78 308
78 314
78 339
78 353
78 396
78 403
78 417
78 425
78 444
78 448
78 459
78 472
78 486
78 487
78 488
78 492
79 89
79 91
79 96
79 101
79 104
79 115
79 116
79 118
79 124
79 128
79 137
79 141
79 149
79 157
79 178
79 192
79 200
79 202
79 203
79 206
79 220
79 222
79 226
79 232
79 252
79 254
79 259
79 266
79 272
79 273
79 294
79 312
79 329
79 335
79 343
79 356
79 362
79 364
79 367
79 379
79 453
79 461
79 478
79 488
79 494
80 92
80 100
80 104
80 105
80 119
80 121
80 125
80 126
80 132
80 139
80 151
80 153
80 159
80 165
80 179
80 197
80 205
80 215
80 223
80 232
80 240
80 242
80 244
80 250
80 251
80 256
80 296
80 309
80 339
80 340
80 344
80 350
80 353
80 362
80 363
80 392
80 398
80 407
80 419
80 421
80 426
80 430
80 438
80 450
80 457
80 460
80 467
80 472
80 474
80 477
80 495
81 94
81 98
81 107
81 110
81 116
81 124
81 130
81 139
81 142
81 152
81 161
81 168
81 172
81 178
81 184
81 185
81 195
81 203
81 237
81 239
81 242
81 263
81 298
81 317
81 321
81 327
81 333
81 345
81 347
81 361
81 365
81 367
81 384
81 387
81 388
81 395
81 413
81 414
81 419
81 421
81 438
81 443
81 449
81 452
81 475
81 498
82 84
82 99
82 106
82 107
82 108
82 112
82 151
82 162
82 177
82 183
82 189
82 216
82 220
82 226
82 228
82 233
82 242
82 244
82 298
82 352
82 370
82 385
82 401
82 408
82 410
82 413
82 424
82 429
82 440
82 449
82 460
82 464
82 472
82 479
82 485
82 493
82 499
83 103
83 114
83 131
83 135
83 147
83 184
83 198
83 217
83 220
83 228
83 237
83 238
83 249
83 259
83 270
83 281
83 282
83 295
83 354
83 370
83 372
83 385
83 397
83 409
83 411
83 420
83 438
83 448
83 455
83 458
83 463
83 469
83 476
83 493
84 98
84 126
84 140
84 154
84 174
84 187
84 192
84 202
84 203
84 206
84 207
84 234
84 248
84 270
84 274
84 296
84 319
84 329
84 341
84 343
84 361
84 378
84 380
84 383
84 401
84 422
84 424
84 439
84 444
84 462
84 473
84 486
85 104
85 116
85 118
85 122
85 127
85 134
85 139
85 162
85 214
85 220
85 228
85 233
85 237
85 240
85 250
85 256
85 268
85 272
85 287
85 292
85 307
85 313
85 322
85 329
85 332
85 336
85 344
85 368
85 385
85 397
85 398
85 414
85 419
85 427
85 435
85 448
85 454
85 461
85 469
85 480
85 488
85 490
85 499
86 88
86 95
86 106
86 116
86 122
86 127
86 131
86 139
86 156
86 160
86 161
86 172
86 179
86 185
86 197
86 204
86 206
86 208
86 213
86 232
86 236
86 289
86 293
86 296
86 311
86 321
86 326
86 327
86 340
86 351
86 368
86 386
86 387
86 388
86 393
86 397
86 401
86 405
86 420
86 426
86 430
86 443
86 447
86 451
86 459
86 475
86 480
86 496
87 121
87 122
87 134
87 143
87 149
87 156
87 159
87 164
87 169
87 174
87 179
87 198
87 202
87 209
87 216
87 227
87 231
87 236
87 241
87 268
87 298
87 338
87 356
87 386
87 418
87 432
87 439
87 444
87 446
87 447
87 458
87 463
87 469
87 473
87 479
87 487
88 94
88 101
88 103
88 110
88 111
88 112
88 117
88 121
88 133
88 135
88 140
88 150
88 153
88 160
88 169
88 175
88 201
88 202
88 208
88 219
88 222
88 231
88 245
88 281
88 286
88 290
88 297
88 299
88 308
88 333
88 335
88 345
88 358
88 366
88 373
88 374
88 375
88 381
88 387
88 390
88 415
88 421
88 445
88 460
88 462
88 497
89 94
89 113
89 135
89 136
89 156
89 161
89 170
89 174
89 177
89 179
89 192
89 208
89 209
89 210
89 214
89 231
89 245
89 260
89 262
89 264
89 269
89 275
89 277
89 279
89 287
89 290
89 307
89 318
89 326
89 327
89 332
89 361
89 366
89 376
89 383
89 397
89 404
89 435
89 452
89 459
89 463
89 464
89 466
89 472
89 475
89 483
89 490
89 493
89 494
90 96
90 97
90 126
90 134
90 148
90 163
90 169
90 194
90 195
90 204
90 208
90 223
90 225
90 249
90 262
90 268
90 276
90 297
90 301
90 319
90 320
90 337
90 368
90 371
90 407
90 412
90 417
90 420
90 432
90 446
90 453
90 460
90 465
90 469
90 479
90 480
91 133
91 135
91 140
91 155
91 168
91 171
91 174
91 196
91 202
91 217
91 239
91 240
91 254
91 255
91 258
91 274
91 275
91 304
91 307
91 311
91 333
91 337
91 339
91 352
91 377
91 380
91 390
91 403
91 404
91 409
91 417
91 420
91 442
91 444
91 451
91 471
91 475
91 477
91 499
92 135
92 149
92 156
92 164
92 189
92 191
92 236
92 239
92 240
92 250
92 254
92 265
92 283
92 287
92 292
92 300
92 306
92 325
92 327
92 329
92 335
92 344
92 367
92 372
92 382
92 383
92 393
92 408
92 410
92 428
92 432
92 433
92 459
92 461
92 470
92 483
92 491
92 493
93 107
93 110
93 129
93 135
93 139
93 142
93 143
93 155
93 170
93 174
93 198
93 199
93 203
93 204
93 216
93 223
93 232
93 235
93 253
93 259
93 265
93 272
93 287
93 299
93 301
93 309
93 312
93 316
93 318
93 335
93 337
93 342
93 345
93 365
93 370
93 379
93 386
93 388
93 412
93 413
93 447
93 449
93 463
93 470
93 491
94 95
94 112
94 117
94 121
94 122
94 138
94 141
94 146
94 169
94 184
94 191
94 205
94 210
94 212
94 219
94 227
94 230
94 232
94 247
94 255
94 261
94 262
94 272
94 276
94 285
94 323
94 325
94 354
94 379
94 409
94 412
94 414
94 430
94 470
94 481
94 488
95 97
95 104
95 117
95 118
95 129
95 131
95 139
95 140
95 143
95 145
95 156
95 171
95 181
95 202
95 208
95 212
95 226
95 236
95 243
95 246
95 255
95 258
95 267
95 271
95 275
95 279
95 291
95 296
95 319
95 333
95 343
95 373
95 378
95 383
95 386
95 390
95 419
95 421
95 446
95 447
95 450
95 452
95 473
95 474
95 476
96 124
96 130
96 133
96 134
96 142
96 145
96 163
96 172
96 173
96 181
96 184
96 197
96 203
96 227
96 235
96 238
96 255
96 256
96 263
96 285
96 288
96 298
96 303
96 313
96 317
96 330
96 338
96 345
96 355
96 356
96 386
96 391
96 395
96 406
96 417
96 432
96 437
96 444
96 449
96 461
96 464
96 483
96 487
96 489
97 111
97 120
97 132
97 136
97 144
97 148
97 154
97 159
97 161
97 180
97 189
97 191
97 203
97 229
97 233
97 239
97 249
97 257
97 268
97 275
97 276
97 293
97 294
97 305
97 327
97 330
97 342
97 353
97 358
97 360
97 368
97 375
97 382
97 389
97 400
97 413
97 432
97 434
97 450
97 451
97 456
97 457
97 460
97 483
97 486
97 498
98 113
98 120
98 136
98 145
98 188
98 198
98 202
98 205
98 224
98 242
98 246
98 264
98 273
98 290
98 296
98 297
98 298
98 305
98 317
98 323
98 333
98 346
98 348
98 352
98 361
98 365
98 372
98 409
98 410
98 460
98 470
98 471
98 472
98 477
98 478
98 485
99 109
99 125
99 167
99 172
99 177
99 178
99 179
99 230
99 244
99 247
99 266
99 309
99 318
99 324
99 325
99 326
99 339
99 351
99 363
99 380
99 392
99 432
99 443
99 445
99 460
99 468
100 102
100 109
100 115
100 120
100 127
100 141
100 165
100 176
100 205
100 216
100 218
100 219
100 234
100 244
100 258
100 271
100 281
100 290
100 291
100 304
100 340
100 347
100 352
100 353
100 356
100 360
100 363
100 373
100 393
100 399
100 405
100 417
100 422
100 425
100 426
100 429
100 431
100 440
100 447
100 457
100 462
100 479
100 486
100 490
100 493
100 499
101 107
101 139
101 155
101 162
101 164
101 168
101 171
101 180
101 181
101 182
101 189
101 190
101 191
101 198
101 207
101 216
101 220
101 235
101 244
101 251
101 256
101 259
101 265
101 276
101 277
101 282
101 307
101 319
101 325
101 328
101 339
101 341
101 353
101 365
101 366
101 400
101 402
101 410
101 416
101 447
101 456
101 467
101 468
101 476
101 482
101 491
102 107
102 113
102 117
102 121
102 126
102 137
102 139
102 154
102 158
102 159
102 185
102 188
102 191
102 198
102 202
102 219
102 272
102 279
102 284
102 328
102 331
102 332
102 340
102 344
102 368
102 379
102 393
102 396
102 398
102 402
102 408
102 412
102 451
102 455
102 469
102 476
102 480
102 497
102 498
103 108
103 126
103 131
103 135
103 146
103 151
103 156
103 185
103 199
103 200
103 223
103 230
103 239
103 264
103 277
103 306
103 307
103 333
103 334
103 337
103 342
103 352
103 355
103 361
103 364
103 386
103 388
103 396
103 416
103 428
103 432
103 433
103 435
103 436
103 444
103 456
103 474
103 477
103 481
103 498
104 132
104 141
104 150
104 163
104 187
104 200
104 219
104 222
104 238
104 257
104 261
104 265
104 279
104 282
104 301
104 305
104 306
104 308
104 312
104 316
104 320
104 325
104 326
104 330
104 350
104 372
104 373
104 383
104 387
104 388
104 389
104 390
104 391
104 397
104 403
104 431
104 433
104 440
104 448
104 449
104 465
104 474
104 481
105 114
105 121
105 126
105 158
105 169
105 170
105 175
105 178
105 194
105 197
105 213
105 243
105 255
105 263
105 294
105 303
105 314
105 318
105 329
105 334
105 335
105 350
105 381
105 389
105 405
105 411
105 428
105 430
105 433
105 446
105 456
105 477
105 490
106 110
106 155
106 158
106 175
106 187
106 195
106 197
106 220
106 231
106 241
106 243
106 251
106 269
106 281
106 282
106 295
106 306
106 311
106 364
106 365
106 371
106 380
106 385
106 399
106 401
106 406
106 408
106 410
106 414
106 416
106 422
106 437
106 440
106 478
106 491
107 129
107 134
107 152
107 154
107 159
107 182
107 204
107 218
107 221
107 222
107 235
107 236
107 239
107 240
107 248
107 249
107 257
107 259
107 260
107 284
107 286
107 291
107 297
107 298
107 309
107 311
107 315
107 324
107 330
107 342
107 346
107 370
107 371
107 411
107 451
107 454
107 464
107 466
107 474
108 109
108 134
108 138
108 139
108 140
108 146
108 164
108 205
108 211
108 215
108 243
108 247
108 261
108 300
108 312
108 315
108 318
108 328
108 332
108 340
108 344
108 359
108 380
108 383
108 384
108 388
108 405
108 417
108 433
108 437
108 440
108 485
108 491
108 498
109 142
109 148
109 182
109 188
109 226
109 238
109 268
109 280
109 281
109 286
109 295
109 318
109 325
109 333
109 336
109 344
109 365
109 369
109 379
109 392
109 399
109 409
109 427
109 429
109 433
109 447
109 453
109 455
109 480
109 491
109 492
110 129
110 133
110 135
110 149
110 154
110 156
110 173
110 175
110 192
110 202
110 212
110 218
110 225
110 255
110 267
110 270
110 283
110 296
110 304
110 328
110 342
110 344
110 345
110 360
110 389
110 390
110 401
110 409
110 426
110 435
110 442
110 447
110 450
110 468
110 481
111 116
111 124
111 137
111 144
111 159
111 185
111 187
111 190
111 214
111 241
111 256
111 259
111 260
111 271
111 283
111 289
111 298
111 305
111 318
111 320
111 324
111 338
111 342
111 349
111 355
111 366
111 373
111 379
111 395
111 397
111 421
111 425
111 443
111 445
111 453
111 456
111 459
111 461
111 463
111 470
111 480
111 498
112 121
112 129
112 130
112 133
112 154
112 180
112 254
112 258
112 263
112 267
112 269
112 292
112 295
112 320
112 334
112 348
112 349
112 350
112 380
112 397
112 398
112 404
112 440
112 442
112 461
112 472
112 484
112 489
113 129
113 131
113 141
113 149
113 153
113 174
113 175
113 179
113 189
113 208
113 217
113 226
113 240
113 258
113 259
113 272
113 279
113 293
113 303
113 323
113 324
113 327
113 336
113 348
113 352
113 354
113 362
113 367
113 385
113 391
113 397
113 406
113 410
113 449
113 455
113 460
113 486
113 488
114 126
114 150
114 157
114 170
114 181
114 185
114 197
114 212
114 214
114 217
114 224
114 264
114 278
114 289
114 291
114 292
114 293
114 306
114 307
114 311
114 316
114 339
114 353
114 354
114 356
114 364
114 371
114 375
114 386
114 397
114 407
114 418
114 427
114 431
114 444
114 484
114 495
115 130
115 138
115 163
115 168
115 170
115 174
115 177
115 180
115 188
115 196
115 199
115 202
115 210
115 212
115 243
115 245
115 246
115 265
115 267
115 275
115 282
115 290
115 325
115 333
115 356
115 376
115 380
115 393
115 409
115 431
115 451
115 470
115 492
115 494
115 496
116 118
116 122
116 140
116 141
116 170
116 174
116 184
116 185
116 187
116 190
116 199
116 212
116 215
116 217
116 239
116 247
116 252
116 255
116 280
116 316
116 317
116 324
116 332
116 333
116 342
116 343
116 349
116 352
116 365
116 379
116 390
116 417
116 431
116 450
116 452
116 477
117 119
117 121
117 134
117 135
117 148
117 149
117 151
117 160
117 172
117 186
117 205
117 208
117 209
117 228
117 239
117 241
117 255
117 267
117 287
117 313
117 315
117 316
117 317
117 328
117 334
117 336
117 346
117 354
117 362
117 370
117 374
117 391
117 427
117 469
118 124
118 127
118 135
118 181
118 185
118 189
118 203
118 206
118 207
118 208
118 211
118 212
118 223
118 229
118 230
118 238
118 245
118 255
118 256
118 262
118 269
118 274
118 293
118 312
118 316
118 340
118 342
118 346
118 350
118 354
118 355
118 365
118 374
118 399
118 418
118 421
118 432
118 443
118 451
118 458
118 484
118 485
118 486
118 489
119 132
119 134
119 150
119 151
119 156
119 160
119 162
119 164
119 171
119 184
119 191
119 192
119 194
119 199
119 210
119 214
119 219
119 220
119 224
119 228
119 241
119 251
119 258
119 273
119 275
119 287
119 292
119 297
119 314
119 325
119 337
119 346
119 359
119 363
119 388
119 405
119 409
119 419
119 425
119 427
119 450
119 457
119 467
119 473
120 127
120 141
120 143
120 159
120 165
120 178
120 189
120 193
120 199
120 201
120 209
120 238
120 245
120 257
120 279
120 295
120 299
120 300
120 301
120 305
120 309
120 316
120 329
120 349
120 361
120 380
120 386
120 394
120 404
120 405
120 411
120 430
120 435
120 455
120 460
120 463
120 483
120 494
121 128
121 139
121 150
121 169
121 170
121 174
121 189
121 194
121 207
121 208
121 217
121 220
121 255
121 259
121 266
121 268
121 269
121 289
121 308
121 315
121 322
121 325
121 326
121 345
121 361
121 386
121 402
121 407
121 437
121 441
121 470
121 472
121 484
121 486
121 488
121 496
121 498
121 499
122 125
122 134
122 137
122 156
122 159
122 160
122 170
122 176
122 180
122 212
122 216
122 224
122 230
122 238
122 247
122 268
122 301
122 306
122 310
122 316
122 322
122 331
122 341
122 342
122 349
122 362
122 366
122 378
122 389
122 414
122 427
122 445
122 449
122 463
122 470
122 476
122 481
122 487
122 490
123 134
123 147
123 170
123 183
123 195
123 199
123 200
123 215
123 222
123 236
123 252
123 253
123 258
123 280
123 283
123 287
123 289
123 294
123 303
123 305
123 313
123 315
123 324
123 334
123 335
123 340
123 350
123 356
123 365
123 386
123 394
123 396
123 402
123 405
123 429
123 432
123 443
123 463
123 482
123 484
123 487
123 490
123 495
123 499
124 126
124 160
124 163
124 169
124 178
124 190
124 200
124 203
124 207
124 224
124 232
124 240
124 248
124 251
124 259
124 286
124 294
124 295
124 312
124 313
124 323
124 338
124 345
124 358
124 376
124 387
124 391
124 400
124 419
124 428
124 435
124 446
124 449
124 464
125 144
125 173
125 176
125 178
125 187
125 193
125 196
125 206
125 223
125 224
125 228
125 231
125 248
125 256
125 275
125 293
125 301
125 333
125 363
125 365
125 374
125 393
125 405
125 429
125 433
125 443
125 456
125 458
125 471
125 478
125 493
126 142
126 152
126 162
126 165
126 171
126 195
126 200
126 215
126 227
126 237
126 243
126 253
126 260
126 263
126 268
126 278
126 287
126 306
126 325
126 333
126 340
126 347
126 364
126 377
126 383
126 385
126 388
126 391
126 407
126 424
126 457
126 459
126 461
126 466
126 475
126 481
126 492
127 132
127 157
127 167
127 173
127 174
127 176
127 179
127 216
127 217
127 228
127 237
127 264
127 293
127 302
127 303
127 307
127 335
127 336
127 341
127 342
127 350
127 356
127 388
127 393
127 404
127 407
127 415
127 422
127 429
127 437
127 444
127 447
127 479
127 489
128 136
128 139
128 154
128 182
128 183
128 186
128 229
128 250
128 251
128 252
128 257
128 261
128 280
128 284
128 287
128 329
128 331
128 336
128 341
128 347
128 349
128 405
128 414
128 419
128 424
128 428
128 432
128 435
128 444
128 449
128 462
128 469
128 472
128 474
128 485
128 486
128 493
129 135
129 146
129 164
129 186
129 200
129 220
129 225
129 232
129 235
129 241
129 247
129 264
129 311
129 333
129 355
129 359
129 365
129 377
129 378
129 406
129 423
129 424
129 439
129 440
129 450
129 476
130 142
130 150
130 156
130 162
130 207
130 213
130 233
130 238
130 239
130 240
130 242
130 260
130 271
130 278
130 312
130 318
130 331
130 337
130 340
130 345
130 374
130 405
130 412
130 419
130 426
130 434
130 439
130 451
130 462
130 468
130 480
131 134
131 136
131 152
131 160
131 162
131 170
131 175
131 182
131 198
131 203
131 228
131 247
131 276
131 282
131 287
131 309
131 318
131 335
131 342
131 344
131 349
131 369
131 373
131 417
131 447
131 449
131 490
131 491
132 136
132 154
132 157
132 160
132 165
132 179
132 182
132 192
132 196
132 198
132 247
132 256
132 273
132 287
132 311
132 319
132 331
132 333
132 339
132 414
132 419
132 432
132 452
132 478
132 482
133 141
133 145
133 156
133 163
133 165
133 167
133 170
133 200
133 202
133 208
133 209
133 214
133 217
133 221
133 243
133 249
133 259
133 265
133 267
133 268
133 285
133 292
133 308
133 312
133 324
133 330
133 353
133 368
133 370
133 371
133 396
133 398
133 407
133 409
133 414
133 415
133 432
133 483
134 139
134 141
134 150
134 151
134 166
134 168
134 193
134 195
134 198
134 215
134 218
134 225
134 285
134 287
134 289
134 293
134 298
134 311
134 335
134 337
134 339
134 340
134 342
134 379
134 394
134 402
134 409
134 438
134 439
134 443
134 451
134 456
134 473
134 483
134 491
135 142
135 158
135 184
135 187
135 189
135 202
135 213
135 229
135 233
135 239
135 242
135 254
135 258
135 282
135 285
135 287
135 300
135 303
135 304
135 305
135 314
135 322
135 329
135 331
135 334
135 335
135 347
135 359
135 365
135 395
135 398
135 400
135 411
135 426
135 429
135 431
135 443
135 445
135 448
135 450
135 460
135 464
135 465
135 483
135 486
135 497
136 141
136 159
136 162
136 167
136 168
136 181
136 183
136 188
136 189
136 198
136 203
136 230
136 241
136 249
136 254
136 255
136 258
136 260
136 269
136 278
136 292
136 305
136 322
136 329
136 340
136 341
136 350
136 355
136 367
136 370
136 386
136 388
136 431
136 446
136 452
136 470
136 471
137 152
137 167
137 170
137 195
137 198
137 199
137 226
137 241
137 243
137 274
137 292
137 294
137 298
137 330
137 347
137 351
137 363
137 374
137 379
137 403
137 433
137 435
137 448
137 471
137 489
138 151
138 182
138 191
138 196
138 202
138 204
138 206
138 213
138 215
138 219
138 231
138 234
138 237
138 238
138 242
138 296
138 298
138 303
138 304
138 319
138 331
138 336
138 347
138 368
138 371
138 377
138 378
138 386
138 404
138 416
138 419
138 467
138 472
138 493
139 173
139 184
139 187
139 192
139 217
139 229
139 231
139 234
139 237
139 246
139 265
139 277
139 280
139 287
139 301
139 308
139 313
139 318
139 322
139 325
139 332
139 340
139 346
139 356
139 371
139 373
139 375
139 388
139 391
139 404
139 409
139 431
139 436
139 442
139 469
139 478
139 494
140 141
140 153
140 172
140 173
140 183
140 187
140 202
140 220
140 223
140 225
140 260
140 264
140 271
140 279
140 286
140 293
140 294
140 302
140 314
140 332
140 362
140 366
140 395
140 399
140 400
140 428
140 445
140 453
140 484
140 493
141 143
141 156
141 159
141 163
141 182
141 192
141 201
141 207
141 220
141 266
141 280
141 290
141 298
141 299
141 315
141 317
141 340
141 362
141 376
141 383
141 401
141 412
141 419
141 436
141 437
141 441
141 442
141 450
141 451
141 462
141 471
141 474
141 483
141 497
142 173
142 181
142 221
142 225
142 254
142 275
142 280
142 292
142 311
142 319
142 324
142 326
142 331
142 335
142 340
142 365
142 369
142 373
142 394
142 396
142 405
142 409
142 411
142 415
142 420
142 424
142 434
142 443
142 445
142 454
142 462
143 145
143 150
143 152
143 155
143 167
143 183
143 213
143 215
143 225
143 228
143 256
143 257
143 266
143 277
143 280
143 293
143 335
143 336
143 347
143 358
143 370
143 372
143 381
143 396
143 404
143 406
143 418
143 434
143 448
143 452
143 465
144 149
144 156
144 174
144 178
144 192
144 193
144 206
144 211
144 214
144 215
144 220
144 270
144 278
144 290
144 315
144 316
144 321
144 326
144 344
144 345
144 374
144 378
144 391
144 393
144 396
144 403
144 404
144 407
144 409
144 411
144 418
144 425
144 432
144 436
144 440
144 441
144 467
144 468
144 470
144 475
144 484
144 491
145 150
145 177
145 192
145 194
145 200
145 201
145 212
145 218
145 249
145 254
145 270
145 273
145 285
145 287
145 289
145 303
145 308
145 318
145 319
145 329
145 342
145 356
145 369
145 397
145 409
145 419
145 422
145 445
145 448
145 488
145 499
146 155
146 156
146 165
146 166
146 187
146 189
146 190
146 202
146 211
146 213
146 215
146 234
146 240
146 246
146 254
146 262
146 270
146 277
146 285
146 293
146 305
146 312
146 317
146 324
146 337
146 338
146 342
146 348
146 350
146 369
146 370
146 371
146 375
146 384
146 393
146 401
146 409
146 412
146 415
146 422
146 425
146 439
146 445
146 449
146 479
146 482
146 499
147 154
147 166
147 169
147 186
147 188
147 190
147 196
147 217
147 219
147 223
147 236
147 238
147 241
147 243
147 244
147 245
147 250
147 274
147 281
147 292
147 296
147 298
147 304
147 309
147 310
147 336
147 339
147 352
147 377
147 385
147 397
147 413
147 414
147 416
147 437
147 440
147 451
147 458
147 468
147 477
147 488
147 490
147 492
148 167
148 169
148 171
148 178
148 186
148 201
148 206
148 208
148 219
148 238
148 243
148 251
148 252
148 267
148 272
148 273
148 294
148 296
148 303
148 308
148 316
148 317
148 318
148 324
148 326
148 342
148 350
148 362
148 373
148 378
148 382
148 397
148 410
148 412
148 413
148 430
148 437
148 466
148 471
148 479
148 489
148 497
149 159
149 160
149 171
149 172
149 174
149 181
149 198
149 208
149 224
149 254
149 275
149 277
149 284
149 289
149 297
149 307
149 312
149 318
149 334
149 344
149 351
149 354
149 375
149 380
149 393
149 408
149 411
149 424
149 435
149 437
149 439
149 442
149 448
149 450
149 468
149 469
149 470
149 473
149 474
149 477
149 479
149 482
149 484
149 486
149 492
149 497
150 170
150 173
150 197
150 225
150 232
150 239
150 243
150 250
150 251
150 256
150 258
150 260
150 269
150 277
150 285
150 315
150 319
150 331
150 337
150 373
150 376
150 378
150 410
150 425
150 434
150 455
150 462
150 477
150 478
150 495
150 496
151 202
151 204
151 205
151 208
151 226
151 239
151 245
151 254
151 276
151 282
151 283
151 312
151 321
151 348
151 385
151 389
151 401
151 404
151 413
151 419
151 427
151 430
151 455
151 470
151 487
151 488
151 492
151 496
151 499
152 156
152 159
152 176
152 178
152 186
152 189
152 191
152 205
152 206
152 223
152 228
152 245
152 251
152 259
152 266
152 271
152 296
152 309
152 327
152 331
152 358
152 362
152 371
152 377
152 382
152 412
152 417
152 422
152 431
152 453
152 460
152 471
152 472
152 475
152 477
152 486
153 191
153 203
153 209
153 229
153 240
153 244
153 252
153 256
153 264
153 267
153 311
153 315
153 323
153 327
153 328
153 330
153 336
153 350
153 359
153 368
153 372
153 392
153 404
153 414
153 451
153 455
153 474
153 478
153 486
154 160
154 163
154 188
154 196
154 201
154 203
154 205
154 225
154 229
154 234
154 239
154 245
154 247
154 258
154 266
154 277
154 283
154 293
154 302
154 308
154 310
154 314
154 324
154 332
154 338
154 339
154 348
154 359
154 363
154 400
154 402
154 406
154 421
154 433
154 444
154 449
154 452
154 457
154 474
154 482
155 165
155 171
155 173
155 176
155 178
155 179
155 186
155 232
155 235
155 258
155 281
155 290
155 304
155 306
155 331
155 338
155 356
155 367
155 378
155 383
155 397
155 405
155 415
155 440
155 443
155 452
155 470
155 471
155 478
155 479
155 490
155 495
156 163
156 174
156 197
156 207
156 210
156 219
156 238
156 262
156 276
156 289
156 302
156 309
156 312
156 330
156 349
156 350
156 358
156 382
156 383
156 390
156 391
156 392
156 424
156 456
156 472
156 493
157 163
157 165
157 182
157 193
157 196
157 202
157 204
157 213
157 224
157 237
157 242
157 246
157 254
157 256
157 266
157 278
157 296
157 319
157 323
157 331
157 358
157 368
157 385
157 386
157 387
157 388
157 389
157 395
157 400
157 414
157 426
157 428
157 430
157 437
157 456
157 469
157 481
157 492
158 165
158 171
158 174
158 175
158 195
158 204
158 222
158 225
158 234
158 246
158 259
158 268
158 281
158 287
158 313
158 343
158 354
158 360
158 369
158 394
158 414
158 416
158 418
158 419
158 455
158 460
158 473
158 487
159 172
159 196
159 197
159 225
159 228
159 235
159 245
159 250
159 252
159 265
159 266
159 286
159 288
159 306
159 311
159 328
159 335
159 349
159 365
159 374
159 377
159 439
159 443
159 462
159 468
159 474
159 480
159 481
159 487
159 490
159 498
160 170
160 181
160 194
160 205
160 207
160 211
160 214
160 216
160 220
160 228
160 234
160 239
160 241
160 249
160 250
160 255
160 272
160 296
160 300
160 317
160 325
160 332
160 338
160 339
160 343
160 357
160 364
160 370
160 378
160 383
160 384
160 395
160 402
160 405
160 414
160 415
160 442
160 447
160 457
160 459
160 462
160 487
160 497
161 171
161 172
161 189
161 206
161 209
161 211
161 217
161 243
161 248
161 254
161 255
161 276
161 279
161 294
161 302
161 308
161 319
161 325
161 331
161 335
161 346
161 350
161 352
161 353
161 354
161 387
161 389
161 403
161 434
161 440
161 454
161 476
162 186
162 188
162 200
162 211
162 225
162 239
162 246
162 255
162 269
162 276
162 303
162 307
162 326
162 331
162 335
162 337
162 342
162 347
162 372
162 378
162 384
162 385
162 422
162 435
162 438
162 450
162 460
162 466
162 467
162 470
162 481
162 485
162 487
162 490
162 493
163 193
163 198
163 199
163 202
163 208
163 214
163 220
163 237
163 250
163 252
163 270
163 293
163 310
163 326
163 337
163 341
163 352
163 361
163 365
163 388
163 397
163 402
163 419
163 447
163 453
163 462
164 167
164 184
164 190
164 196
164 208
164 216
164 227
164 230
164 239
164 243
164 250
164 251
164 255
164 258
164 263
164 276
164 277
164 320
164 324
164 327
164 333
164 348
164 352
164 356
164 362
164 365
164 367
164 385
164 387
164 392
164 398
164 402
164 422
164 443
164 449
164 452
164 472
164 474
164 493
164 498
165 168
165 201
165 218
165 235
165 250
165 257
165 274
165 278
165 287
165 289
165 296
165 313
165 317
165 321
165 323
165 325
165 342
165 350
165 354
165 356
165 358
165 368
165 380
165 384
165 390
165 394
165 395
165 412
165 449
165 458
165 459
165 460
165 498
166 172
166 173
166 177
166 182
166 192
166 217
166 218
166 225
166 226
166 231
166 235
166 238
166 246
166 253
166 256
166 257
166 269
166 280
166 281
166 289
166 299
166 314
166 316
166 328
166 337
166 348
166 352
166 355
166 372
166 373
166 377
166 378
166 382
166 386
166 393
166 403
166 410
166 412
166 415
166 425
166 427
166 434
166 439
166 448
166 452
166 453
166 458
166 462
166 467
166 468
166 488
166 489
166 495
167 169
167 183
167 191
167 202
167 218
167 221
167 222
167 246
167 248
167 256
167 258
167 265
167 266
167 275
167 278
167 296
167 301
167 312
167 320
167 324
167 338
167 341
167 345
167 353
167 394
167 408
167 414
167 424
167 425
167 428
167 429
167 434
167 466
167 487
167 488
167 490
167 495
168 174
168 199
168 203
168 205
168 211
168 220
168 229
168 243
168 250
168 320
168 327
168 330
168 349
168 394
168 420
168 431
168 438
168 440
168 459
168 469
168 472
169 174
169 183
169 206
169 217
169 231
169 237
169 261
169 263
169 275
169 287
169 301
169 302
169 315
169 331
169 332
169 341
169 344
169 356
169 357
169 359
169 364
169 402
169 409
169 410
169 421
169 431
169 453
169 456
169 478
169 479
169 480
170 181
170 197
170 206
170 214
170 227
170 249
170 267
170 288
170 294
170 305
170 326
170 328
170 336
170 354
170 356
170 382
170 388
170 405
170 445
170 467
170 470
171 178
171 184
171 193
171 202
171 203
171 215
171 221
171 228
171 229
171 247
171 277
171 282
171 283
171 286
171 294
171 322
171 330
171 339
171 343
171 351
171 363
171 364
171 383
171 390
171 396
171 413
171 417
171 439
171 461
171 468
171 473
171 485
171 496
172 192
172 214
172 216
172 219
172 222
172 227
172 230
172 231
172 266
172 284
172 299
172 313
172 335
172 351
172 363
172 395
172 398
172 406
172 409
172 411
172 415
172 426
172 432
172 447
172 452
172 457
172 477
172 481
172 490
172 498
173 193
173 194
173 204
173 226
173 229
173 230
173 233
173 238
173 240
173 250
173 271
173 302
173 303
173 320
173 323
173 324
173 328
173 332
173 347
173 357
173 373
173 375
173 385
173 388
173 417
173 435
173 443
173 487
173 492
174 176
174 190
174 215
174 227
174 229
174 233
174 248
174 272
174 295
174 305
174 328
174 339
174 375
174 377
174 379
174 388
174 396
174 416
174 438
174 445
174 448
174 456
174 465
174 482
174 498
175 182
175 188
175 191
175 199
175 212
175 225
175 226
175 239
175 249
175 268
175 272
175 275
175 280
175 288
175 289
175 333
175 340
175 366
175 372
175 384
175 385
175 397
175 398
175 404
175 421
175 425
175 438
175 444
175 482
176 192
176 201
176 208
176 217
176 226
176 228
176 261
176 270
176 275
176 288
176 301
176 304
176 314
176 322
176 324
176 327
176 335
176 342
176 343
176 345
176 349
176 352
176 360
176 369
176 377
176 387
176 388
176 405
176 414
176 426
176 433
176 476
176 486
176 493
176 496
177 196
177 207
177 210
177 211
177 226
177 240
177 280
177 281
177 282
177 293
177 294
177 302
177 303
177 306
177 309
177 311
177 334
177 341
177 358
177 359
177 393
177 419
177 420
177 451
177 454
177 472
177 481
177 483
178 186
178 206
178 208
178 209
178 231
178 244
178 256
178 312
178 325
178 327
178 331
178 335
178 340
178 345
178 371
178 375
178 379
178 401
178 410
178 414
178 415
178 441
178 457
178 485
179 195
179 200
179 212
179 238
179 246
179 254
179 257
179 285
179 289
179 290
179 294
179 306
179 309
179 348
179 367
179 370
179 372
179 382
179 402
179 416
179 421
179 447
179 451
179 454
179 458
179 466
179 471
179 472
179 489
179 492
179 493
180 185
180 200
180 205
180 226
180 240
180 249
180 252
180 256
180 269
180 284
180 290
180 305
180 317
180 319
180 326
180 336
180 337
180 342
180 360
180 385
180 388
180 400
180 418
180 420
180 452
180 468
181 187
181 188
181 204
181 213
181 215
181 216
181 218
181 222
181 224
181 253
181 256
181 259
181 275
181 300
181 319
181 332
181 351
181 358
181 367
181 384
181 385
181 388
181 396
181 404
181 410
181 425
181 429
181 432
181 445
181 454
181 466
181 471
181 473
181 480
181 484
181 488
181 491
181 492
181 493
182 191
182 192
182 197
182 210
182 218
182 231
182 232
182 237
182 239
182 254
182 260
182 264
182 268
182 271
182 281
182 287
182 307
182 308
182 329
182 340
182 345
182 352
182 380
182 382
182 408
182 409
182 425
182 438
182 458
182 475
182 476
182 481
182 487
182 495
183 227
183 238
183 239
183 244
183 251
183 255
183 272
183 280
183 294
183 295
183 305
183 321
183 333
183 340
183 351
183 353
183 374
183 382
183 389
183 397
183 401
183 406
183 410
183 412
183 417
183 418
183 454
183 464
183 471
183 487
183 489
184 192
184 200
184 203
184 208
184 221
184 242
184 250
184 254
184 286
184 290
184 303
184 306
184 311
184 312
184 322
184 327
184 344
184 347
184 348
184 351
184 381
184 399
184 424
184 427
184 429
184 446
184 455
184 467
184 472
184 473
184 483
184 489
184 496
184 499
185 201
185 202
185 207
185 220
185 235
185 252
185 257
185 293
185 305
185 346
185 350
185 351
185 364
185 385
185 392
185 405
185 412
185 415
185 417
185 436
185 439
185 446
185 455
185 458
185 460
185 461
185 481
185 486
185 493
186 200
186 207
186 221
186 229
186 238
186 255
186 260
186 296
186 318
186 335
186 343
186 350
186 371
186 376
186 383
186 388
186 393
186 415
186 416
186 444
186 446
186 465
186 470
186 481
186 486
186 487
186 489
186 496
187 188
187 198
187 212
187 213
187 214
187 231
187 237
187 242
187 243
187 252
187 267
187 268
187 272
187 273
187 278
187 285
187 289
187 292
187 299
187 319
187 322
187 324
187 328
187 330
187 334
187 359
187 366
187 396
187 398
187 422
187 440
187 491
188 206
188 214
188 234
188 247
188 258
188 270
188 275
188 289
188 313
188 316
188 327
188 335
188 351
188 352
188 353
188 354
188 357
188 368
188 377
188 379
188 387
188 393
188 395
188 404
188 406
188 415
188 430
188 438
188 451
188 453
188 455
188 458
188 469
188 470
188 493
189 198
189 208
189 214
189 227
189 237
189 244
189 255
189 272
189 274
189 280
189 297
189 314
189 336
189 349
189 355
189 370
189 373
189 380
189 387
189 390
189 392
189 394
189 402
189 404
189 412
189 428
189 434
189 438
189 443
189 467
189 471
189 484
189 495
189 496
190 195
190 203
190 206
190 210
190 213
190 228
190 236
190 249
190 261
190 267
190 270
190 276
190 280
190 282
190 284
190 291
190 295
190 301
190 304
190 313
190 333
190 334
190 337
190 345
190 348
190 354
190 361
190 369
190 373
190 374
190 375
190 378
190 381
190 386
190 389
190 394
190 411
190 417
190 441
190 442
190 448
190 466
190 470
190 472
190 474
190 489
190 495
191 192
191 210
191 215
191 220
191 222
191 236
191 255
191 288
191 304
191 322
191 333
191 363
191 371
191 377
191 391
191 394
191 397
191 402
191 407
191 413
191 417
191 424
191 426
191 427
191 471
191 473
191 475
191 480
191 496
192 231
192 236
192 241
192 242
192 249
192 257
192 261
192 269
192 280
192 297
192 300
192 311
192 319
192 326
192 334
192 337
192 340
192 345
192 348
192 362
192 393
192 398
192 405
192 431
192 450
192 457
192 462
192 471
192 475
192 488
192 497
193 203
193 206
193 214
193 219
193 227
193 249
193 250
193 254
193 255
193 267
193 281
193 286
193 289
193 290
193 295
193 296
193 310
193 363
193 376
193 381
193 396
193 398
193 401
193 408
193 415
193 431
193 433
193 438
193 441
193 442
193 444
193 451
193 459
193 468
194 199
194 205
194 217
194 245
194 262
194 279
194 280
194 284
194 287
194 290
194 291
194 294
194 306
194 307
194 343
194 357
194 363
194 369
194 385
194 386
194 411
194 413
194 419
194 445
194 448
194 464
194 473
194 491
194 499
195 197
195 198
195 238
195 259
195 260
195 264
195 273
195 285
195 286
195 291
195 296
195 301
195 309
195 317
195 321
195 324
195 327
195 336
195 338
195 363
195 380
195 389
195 393
195 399
195 426
195 433
195 458
195 463
195 472
195 476
196 201
196 205
196 220
196 224
196 227
196 228
196 249
196 254
196 259
196 266
196 268
196 289
196 294
196 307
196 315
196 333
196 353
196 360
196 368
196 409
196 422
196 424
196 434
196 439
196 494
196 497
197 201
197 236
197 254
197 257
197 269
197 271
197 275
197 278
197 280
197 296
197 307
197 309
197 325
197 328
197 330
197 333
197 334
197 359
197 365
197 383
197 405
197 426
197 433
197 435
197 455
197 458
197 471
197 475
197 477
198 209
198 211
198 213
198 217
198 235
198 241
198 254
198 261
198 286
198 306
198 313
198 314
198 317
198 320
198 333
198 334
198 338
198 341
198 345
198 348
198 363
198 374
198 387
198 402
198 403
198 440
198 441
198 456
198 470
198 471
198 473
198 482
199 203
199 210
199 237
199 240
199 243
199 249
199 256
199 260
199 263
199 285
199 297
199 316
199 325
199 351
199 355
199 361
199 376
199 382
199 389
199 392
199 394
199 400
199 406
199 413
199 416
199 437
199 460
199 465
199 479
199 482
199 488
199 491
199 492
199 493
200 230
200 249
200 252
200 259
200 261
200 268
200 279
200 286
200 295
200 305
200 309
200 324
200 328
200 341
200 352
200 353
200 384
200 387
200 393
200 397
200 410
200 415
200 423
200 442
200 449
200 455
200 468
200 473
200 485
200 497
201 203
201 226
201 227
201 234
201 238
201 239
201 242
201 271
201 293
201 296
201 302
201 310
201 322
201 326
201 336
201 344
201 347
201 356
201 360
201 379
201 382
201 390
201 401
201 406
201 409
201 419
201 442
201 458
201 467
201 470
201 473
201 478
201 498
202 205
202 210
202 225
202 243
202 246
202 262
202 268
202 271
202 282
202 288
202 291
202 294
202 297
202 302
202 310
202 317
202 320
202 326
202 327
202 342
202 373
202 381
202 396
202 402
202 406
202 410
202 417
202 420
202 424
202 428
202 431
202 434
202 442
202 456
202 468
202 471
203 206
203 228
203 234
203 236
203 243
203 252
203 253
203 256
203 259
203 266
203 268
203 270
203 299
203 304
203 319
203 350
203 375
203 382
203 389
203 396
203 412
203 416
203 417
203 422
203 423
203 424
203 432
203 434
203 452
203 457
203 461
203 471
203 481
203 497
204 217
204 237
204 247
204 251
204 275
204 288
204 294
204 296
204 307
204 309
204 324
204 327
204 332
204 350
204 367
204 371
204 412
204 413
204 418
204 453
204 458
204 462
204 470
204 476
204 478
204 492
204 495
205 209
205 214
205 222
205 234
205 236
205 280
205 286
205 293
205 299
205 307
205 319
205 324
205 347
205 348
205 350
205 354
205 364
205 370
205 381
205 403
205 406
205 407
205 436
205 441
205 447
205 451
205 456
205 473
205 481
205 483
205 485
205 489
205 497
206 228
206 234
206 246
206 249
206 252
206 260
206 262
206 263
206 281
206 294
206 331
206 336
206 348
206 357
206 361
206 374
206 379
206 381
206 392
206 394
206 396
206 408
206 416
206 419
206 466
206 478
206 491
206 498
207 209
207 227
207 254
207 258
207 268
207 302
207 303
207 304
207 310
207 322
207 326
207 339
207 343
207 346
207 351
207 379
207 391
207 392
207 422
207 427
207 431
207 442
207 453
207 459
207 464
207 465
207 473
207 485
207 497
208 210
208 219
208 241
208 247
208 248
208 255
208 261
208 265
208 269
208 275
208 310
208 312
208 355
208 363
208 364
208 367
208 380
208 397
208 400
208 403
208 446
208 461
208 464
209 226
209 232
209 243
209 245
209 252
209 264
209 283
209 303
209 307
209 312
209 315
209 323
209 329
209 348
209 354
209 362
209 377
209 422
209 469
209 474
209 477
209 488
210 233
210 234
210 243
210 255
210 272
210 283
210 301
210 302
210 304
210 320
210 337
210 339
210 340
210 351
210 353
210 355
210 365
210 380
210 387
210 390
210 421
210 437
210 438
210 453
210 461
210 462
210 464
210 466
210 483
210 488
210 489
211 224
211 230
211 236
211 246
211 276
211 278
211 283
211 287
211 292
211 298
211 305
211 324
211 327
211 336
211 350
211 360
211 365
211 366
211 369
211 370
211 372
211 386
211 397
211 421
211 436
211 448
211 461
212 216
212 217
212 225
212 240
212 244
212 247
212 267
212 271
212 274
212 287
212 305
212 318
212 326
212 329
212 342
212 344
212 347
212 355
212 356
212 384
212 389
212 397
212 405
212 410
212 418
212 424
212 430
212 432
212 446
212 450
212 464
212 479
212 481
213 215
213 240
213 280
213 318
213 327
213 345
213 354
213 360
213 405
213 422
213 427
213 429
213 443
213 448
213 485
214 222
214 227
214 248
214 262
214 264
214 276
214 277
214 296
214 302
214 309
214 311
214 324
214 328
214 329
214 334
214 344
214 355
214 358
214 361
214 367
214 379
214 390
214 396
214 401
214 402
214 404
214 425
214 434
214 450
214 488
214 493
214 496
215 216
215 223
215 227
215 231
215 234
215 247
215 253
215 254
215 268
215 283
215 291
215 303
215 318
215 319
215 329
215 338
215 348
215 360
215 368
215 384
215 386
215 395
215 396
215 400
215 408
215 411
215 414
215 416
215 437
215 442
215 445
215 460
215 461
215 463
215 469
216 219
216 232
216 245
216 250
216 253
216 267
216 274
216 282
216 289
216 309
216 311
216 314
216 332
216 333
216 336
216 355
216 359
216 376
216 393
216 401
216 412
216 419
216 420
216 425
216 433
216 472
216 478
216 492
216 493
216 499
217 248
217 251
217 255
217 257
217 259
217 261
217 262
217 272
217 288
217 305
217 306
217 312
217 320
217 358
217 380
217 390
217 409
217 416
217 421
217 430
217 438
217 443
217 445
217 453
217 463
217 472
217 484
217 497
218 219
218 224
218 231
218 247
218 257
218 267
218 275
218 285
218 294
218 298
218 299
218 304
218 322
218 327
218 343
218 374
218 376
218 377
218 405
218 414
218 415
218 417
218 429
218 431
218 433
218 440
218 441
218 445
218 461
218 484
218 491
218 495
219 223
219 228
219 234
219 237
219 238
219 258
219 270
219 277
219 299
219 308
219 310
219 312
219 332
219 333
219 340
219 348
219 350
219 352
219 361
219 378
219 380
219 381
219 382
219 400
219 405
219 408
219 421
219 424
219 425
219 429
219 447
219 450
219 452
219 461
219 477
219 498
220 250
220 254
220 257
220 258
220 297
220 300
220 301
220 305
220 319
220 328
220 330
220 345
220 352
220 369
220 406
220 428
220 431
220 437
220 440
220 454
220 461
220 496
221 222
221 227
221 229
221 232
221 244
221 254
221 260
221 262
221 279
221 284
221 285
221 332
221 361
221 370
221 411
221 424
221 428
221 436
221 446
221 447
221 452
221 480
222 225
222 243
222 269
222 272
222 281
222 295
222 322
222 328
222 332
222 355
222 357
222 388
222 392
222 399
222 403
222 411
222 412
222 419
222 421
222 430
222 441
222 443
222 445
222 454
222 460
222 467
222 472
222 475
222 476
222 477
222 479
222 496
223 286
223 307
223 320
223 323
223 335
223 356
223 359
223 369
223 376
223 377
223 386
223 412
223 416
223 423
223 424
223 433
223 445
223 451
223 466
223 488
224 230
224 231
224 239
224 242
224 245
224 250
224 261
224 277
224 282
224 292
224 303
224 328
224 331
224 338
224 358
224 363
224 380
224 391
224 431
224 450
224 467
224 468
224 484
224 493
224 499
225 227
225 235
225 237
225 250
225 257
225 261
225 263
225 267
225 293
225 307
225 310
225 321
225 328
225 368
225 370
225 379
225 440
225 442
225 446
225 449
225 450
225 454
225 475
225 496
225 498
226 248
226 276
226 279
226 283
226 288
226 293
226 298
226 310
226 322
226 323
226 331
226 350
226 366
226 370
226 403
226 408
226 415
226 419
226 438
226 446
226 454
226 469
226 470
226 475
226 487
226 493
227 270
227 277
227 283
227 292
227 294
227 299
227 309
227 319
227 322
227 355
227 357
227 361
227 371
227 402
227 415
227 417
227 424
227 426
227 446
227 447
227 449
227 455
227 460
227 472
227 476
227 479
227 482
228 244
228 246
228 282
228 300
228 304
228 312
228 321
228 323
228 330
228 339
228 357
228 371
228 380
228 388
228 412
228 422
228 438
228 449
228 462
228 466
228 470
228 476
228 483
228 489
229 231
229 232
229 247
229 249
229 251
229 261
229 263
229 265
229 279
229 283
229 305
229 323
229 337
229 345
229 348
229 368
229 379
229 387
229 392
229 395
229 403
229 408
229 412
229 415
229 418
229 428
229 442
229 459
229 463
229 470
229 477
229 483
230 240
230 242
230 257
230 258
230 264
230 275
230 277
230 285
230 288
230 295
230 308
230 312
230 317
230 319
230 325
230 338
230 342
230 350
230 356
230 361
230 366
230 374
230 380
230 389
230 412
230 414
230 437
230 451
230 490
231 233
231 235
231 260
231 261
231 264
231 270
231 284
231 288
231 289
231 291
231 293
231 297
231 306
231 316
231 331
231 360
231 378
231 379
231 398
231 435
231 438
231 446
231 447
231 448
231 478
231 481
231 490
231 494
232 233
232 254
232 277
232 281
232 292
232 294
232 302
232 304
232 310
232 311
232 318
232 332
232 346
232 352
232 379
232 389
232 395
232 398
232 408
232 410
232 435
232 449
232 460
232 462
232 476
232 487
232 497
233 239
233 249
233 252
233 259
233 296
233 303
233 324
233 338
233 370
233 375
233 377
233 381
233 385
233 387
233 388
233 396
233 397
233 424
233 438
233 449
233 455
233 469
233 479
233 481
233 493
234 243
234 263
234 274
234 282
234 289
234 295
234 298
234 299
234 307
234 322
234 338
234 347
234 351
234 392
234 395
234 399
234 400
234 407
234 414
234 426
234 448
234 457
234 459
235 238
235 247
235 248
235 257
235 260
235 264
235 282
235 297
235 301
235 305
235 326
235 375
235 400
235 402
235 413
235 444
235 445
235 458
235 459
235 474
235 485
236 261
236 262
236 280
236 293
236 295
236 306
236 318
236 329
236 343
236 358
236 367
236 371
236 375
236 376
236 377
236 382
236 383
236 412
236 413
236 437
236 453
236 462
236 481
236 493
236 497
237 241
237 253
237 258
237 281
237 283
237 312
237 328
237 331
237 350
237 354
237 357
237 375
237 391
237 395
237 402
237 404
237 416
237 417
237 449
237 451
237 456
237 458
237 469
237 470
237 487
237 489
238 240
238 248
238 258
238 275
238 280
238 313
238 316
238 354
238 356
238 360
238 362
238 376
238 404
238 408
238 452
238 471
238 473
238 486
238 487
239 254
239 259
239 262
239 265
239 274
239 284
239 286
239 288
239 307
239 310
239 335
239 347
239 351
239 358
239 365
239 372
239 385
239 396
239 397
239 405
239 407
239 418
239 420
239 423
239 439
239 450
239 453
239 456
239 457
239 466
239 490
239 494
240 251
240 265
240 269
240 280
240 292
240 293
240 307
240 322
240 325
240 349
240 376
240 378
240 387
240 417
240 426
240 432
240 434
240 454
240 462
240 497
241 250
241 257
241 261
241 272
241 282
241 290
241 295
241 296
241 298
241 322
241 340
241 357
241 360
241 362
241 374
241 376
241 387
241 404
241 409
241 421
241 426
241 433
241 444
241 459
241 464
241 471
241 472
241 482
241 485
241 486
241 493
241 495
242 249
242 265
242 295
242 300
242 305
242 310
242 316
242 339
242 340
242 390
242 396
242 408
242 425
242 426
242 452
242 456
242 460
242 471
242 487
242 492
243 246
243 249
243 250
243 251
243 272
243 281
243 285
243 288
243 299
243 300
243 313
243 324
243 330
243 336
243 358
243 371
243 375
243 377
243 408
243 418
243 419
243 420
243 427
243 431
243 435
243 441
243 446
243 448
243 454
243 466
243 481
243 493
244 248
244 253
244 255
244 259
244 264
244 289
244 304
244 320
244 331
244 342
244 347
244 349
244 364
244 378
244 383
244 387
244 394
244 400
244 410
244 430
244 436
244 449
244 485
245 248
245 259
245 263
245 268
245 276
245 278
245 290
245 295
245 308
245 311
245 312
245 314
245 316
245 330
245 340
245 352
245 357
245 369
245 374
245 397
245 399
245 401
245 404
245 407
245 430
245 435
245 444
245 445
245 454
245 465
246 247
246 259
246 280
246 284
246 285
246 286
246 299
246 307
246 308
246 343
246 358
246 364
246 372
246 379
246 382
246 394
246 416
246 430
246 437
246 438
246 444
246 468
246 492
247 273
247 301
247 302
247 306
247 308
247 316
247 324
247 337
247 351
247 354
247 360
247 372
247 416
247 417
247 429
247 430
247 431
247 433
247 444
247 469
247 477
247 495
247 497
248 265
248 273
248 277
248 289
248 307
248 324
248 327
248 359
248 381
248 393
248 397
248 408
248 411
248 427
248 441
248 445
248 464
248 474
248 479
248 481
248 494
248 495
248 499
249 250
249 260
249 279
249 288
249 327
249 332
249 342
249 344
249 347
249 368
249 372
249 378
249 390
249 393
249 395
249 416
249 422
249 443
249 457
249 465
249 469
249 476
249 478
249 479
249 487
250 269
250 282
250 301
250 325
250 332
250 339
250 355
250 363
250 367
250 368
250 371
250 381
250 387
250 391
250 445
250 466
250 473
250 479
250 483
250 484
250 488
250 493
250 494
251 252
251 260
251 264
251 294
251 303
251 305
251 335
251 350
251 401
251 406
251 421
251 423
251 427
251 440
251 448
251 452
251 466
251 483
251 490
251 497
252 259
252 287
252 289
252 293
252 307
252 316
252 320
252 321
252 322
252 333
252 350
252 352
252 357
252 363
252 388
252 399
252 400
252 404
252 416
252 431
252 438
252 441
252 446
252 450
252 451
252 452
252 460
252 468
252 478
252 485
252 486
252 489
252 497
253 260
253 333
253 337
253 361
253 376
253 377
253 383
253 390
253 433
253 451
253 454
253 455
253 468
253 472
253 479
253 480
253 488
253 490
254 258
254 267
254 276
254 296
254 307
254 331
254 332
254 337
254 348
254 350
254 361
254 380
254 399
254 401
254 403
254 407
254 408
254 443
254 457
254 468
254 478
254 483
254 484
254 487
254 494
255 263
255 264
255 277
255 283
255 295
255 297
255 309
255 313
255 319
255 330
255 333
255 341
255 363
255 364
255 369
255 388
255 391
255 394
255 399
255 412
255 414
255 418
255 427
255 431
255 440
255 452
255 453
255 456
255 460
255 481
255 485
255 490
255 496
256 266
256 283
256 287
256 319
256 334
256 339
256 391
256 402
256 407
256 412
256 414
256 417
256 427
256 432
256 435
256 483
256 487
256 490
257 259
257 275
257 278
257 296
257 300
257 305
257 306
257 323
257 325
257 330
257 335
257 337
257 342
257 344
257 369
257 384
257 389
257 395
257 403
257 406
257 412
257 432
257 433
257 439
257 453
257 464
257 468
257 469
257 488
257 493
258 259
258 268
258 288
258 303
258 321
258 322
258 323
258 333
258 351
258 395
258 396
258 402
258 422
258 431
258 439
258 454
258 456
258 470
258 487
258 494
258 497
259 261
259 274
259 281
259 287
259 303
259 312
259 321
259 326
259 353
259 357
259 363
259 365
259 373
259 377
259 384
259 396
259 408
259 411
259 419
259 420
259 425
259 432
259 441
259 450
259 454
259 456
259 457
259 463
259 474
259 489
259 492
260 269
260 282
260 293
260 299
260 329
260 350
260 357
260 390
260 392
260 393
260 410
260 415
260 427
260 440
260 446
260 450
260 454
260 470
260 474
261 266
261 274
261 295
261 305
261 316
261 320
261 323
261 331
261 336
261 339
261 341
261 366
261 379
261 391
261 395
261 400
261 402
261 413
261 425
261 432
261 436
261 437
261 438
261 448
261 450
261 498
262 264
262 274
262 294
262 306
262 313
262 318
262 319
262 322
262 335
262 351
262 366
262 367
262 372
262 388
262 390
262 392
262 394
262 400
262 408
262 442
262 446
262 456
262 486
262 492
263 279
263 284
263 290
263 322
263 334
263 368
263 372
263 387
263 407
263 413
263 416
263 418
263 422
263 442
263 448
263 449
263 459
263 465
263 473
264 269
264 270
264 271
264 297
264 298
264 317
264 337
264 343
264 363
264 364
264 371
264 381
264 397
264 400
264 411
264 438
264 461
264 462
264 490
264 491
265 291
265 312
265 314
265 316
265 335
265 369
265 402
265 403
265 408
265 409
265 417
265 418
265 448
265 450
265 470
265 492
266 291
266 318
266 321
266 337
266 343
266 348
266 381
266 400
266 415
266 432
266 440
266 442
266 454
266 459
266 463
266 476
266 480
266 482
266 487
266 490
267 269
267 276
267 280
267 314
267 319
267 328
267 336
267 345
267 346
267 363
267 370
267 378
267 399
267 404
267 416
267 427
267 438
267 468
267 474
267 496
268 276
268 286
268 299
268 325
268 339
268 345
268 364
268 387
268 389
268 398
268 402
268 405
268 406
268 440
268 446
268 452
268 456
268 458
268 459
268 460
268 461
268 475
268 491
269 273
269 276
269 278
269 308
269 309
269 315
269 337
269 344
269 347
269 368
269 383
269 384
269 388
269 389
269 396
269 466
269 478
269 484
270 271
270 292
270 297
270 330
270 343
270 349
270 352
270 360
270 361
270 366
270 379
270 385
270 387
270 393
270 399
270 406
270 424
270 436
270 440
270 462
270 475
270 481
270 493
271 277
271 343
271 349
271 355
271 356
271 357
271 363
271 364
271 365
271 377
271 391
271 392
271 393
271 394
271 409
271 412
271 422
271 446
271 465
271 468
271 476
271 481
271 496
271 498
272 282
272 303
272 319
272 322
272 329
272 355
272 359
272 365
272 403
272 408
272 430
272 445
272 451
272 454
272 456
272 459
272 479
272 482
272 493
273 290
273 300
273 301
273 325
273 328
273 329
273 340
273 343
273 345
273 348
273 359
273 363
273 378
273 380
273 387
273 411
273 423
273 435
273 437
273 448
273 452
273 456
273 468
273 477
273 492
273 496
274 309
274 320
274 323
274 336
274 352
274 354
274 362
274 366
274 395
274 409
274 417
274 432
274 445
274 455
274 461
274 469
274 475
275 278
275 299
275 302
275 319
275 322
275 331
275 332
275 353
275 360
275 385
275 397
275 406
275 409
275 418
275 423
275 430
275 433
275 440
275 441
275 459
275 466
275 469
275 481
276 279
276 283
276 284
276 289
276 315
276 322
276 331
276 367
276 373
276 410
276 414
276 431
276 445
276 452
276 458
276 468
276 470
276 487
277 282
277 285
277 291
277 305
277 323
277 325
277 328
277 338
277 359
277 365
277 371
277 413
277 425
277 431
277 453
277 475
277 482
277 496
278 311
278 313
278 334
278 365
278 388
278 399
278 405
278 421
278 430
278 433
278 437
278 439
278 440
278 452
278 453
278 454
278 458
278 467
278 472
278 474
278 480
279 285
279 293
279 294
279 298
279 307
279 317
279 324
279 325
279 333
279 343
279 358
279 361
279 369
279 410
279 419
279 425
279 429
279 456
279 462
279 468
279 484
280 317
280 331
280 361
280 365
280 377
280 393
280 394
280 414
280 425
280 426
280 427
280 429
280 455
280 473
280 482
281 284
281 289
281 296
281 298
281 338
281 367
281 370
281 376
281 385
281 398
281 410
281 412
281 413
281 417
281 420
281 425
281 428
281 429
281 437
281 451
281 453
281 459
281 471
281 473
281 475
281 485
281 493
282 284
282 290
282 298
282 306
282 310
282 317
282 331
282 332
282 338
282 390
282 400
282 411
282 427
282 428
282 431
282 432
282 447
282 455
282 459
282 460
282 463
282 472
282 476
282 479
282 485
282 487
283 303
283 304
283 345
283 347
283 381
283 398
283 417
283 420
283 434
283 440
283 456
283 470
283 486
284 310
284 323
284 338
284 343
284 368
284 376
284 380
284 391
284 411
284 419
284 421
284 430
284 435
284 439
284 447
284 456
284 493
284 494
285 290
285 301
285 307
285 308
285 309
285 311
285 315
285 319
285 334
285 338
285 356
285 362
285 388
285 407
285 417
285 418
285 457
285 471
285 477
285 495
285 496
286 302
286 307
286 321
286 327
286 341
286 353
286 358
286 363
286 364
286 382
286 392
286 403
286 406
286 408
286 424
286 436
286 442
286 479
287 288
287 294
287 306
287 308
287 321
287 330
287 337
287 341
287 365
287 370
287 374
287 378
287 380
287 387
287 388
287 392
287 396
287 399
287 420
287 423
287 424
287 428
287 437
287 447
287 452
287 474
287 485
287 490
287 494
287 497
288 318
288 325
288 346
288 347
288 349
288 362
288 375
288 378
288 402
288 416
288 431
288 432
288 439
288 443
288 445
288 460
288 466
288 485
289 294
289 307
289 311
289 315
289 318
289 319
289 322
289 330
289 338
289 341
289 354
289 360
289 373
289 387
289 391
289 408
289 409
289 412
289 415
289 417
289 430
289 436
289 438
289 443
289 457
289 481
289 486
290 294
290 300
290 327
290 329
290 332
290 333
290 340
290 342
290 369
290 371
290 372
290 374
290 406
290 410
290 426
290 440
290 447
290 453
290 463
290 472
290 475
290 477
290 488
291 308
291 315
291 325
291 328
291 352
291 367
291 373
291 390
291 409
291 410
291 420
291 424
291 437
291 440
291 441
291 448
291 457
291 476
291 483
291 490
292 300
292 303
292 305
292 314
292 323
292 331
292 339
292 346
292 354
292 355
292 373
292 377
292 380
292 390
292 395
292 396
292 398
292 409
292 434
292 441
292 443
292 468
292 474
292 486
293 295
293 297
293 331
293 366
293 371
293 373
293 380
293 403
293 412
293 419
293 430
293 437
293 441
293 459
293 468
293 472
293 480
293 492
293 496
294 298
294 301
294 303
294 308
294 312
294 317
294 319
294 331
294 333
294 335
294 346
294 353
294 357
294 368
294 370
294 376
294 383
294 385
294 403
294 417
294 430
294 437
294 438
294 446
294 460
294 472
294 475
294 480
294 484
294 494
295 335
295 339
295 340
295 348
295 362
295 372
295 378
295 388
295 424
295 441
295 452
295 457
295 458
295 460
295 479
295 481
295 491
295 497
296 311
296 313
296 331
296 344
296 365
296 377
296 397
296 406
296 408
296 425
296 429
296 432
296 437
296 438
296 463
296 472
296 476
296 487
296 495
297 301
297 303
297 308
297 320
297 328
297 331
297 341
297 352
297 362
297 386
297 392
297 401
297 414
297 442
297 446
297 449
297 452
297 464
297 465
297 472
297 480
297 481
297 484
297 487
297 498
298 313
298 318
298 337
298 354
298 360
298 369
298 375
298 381
298 388
298 393
298 400
298 408
298 419
298 443
298 458
298 469
298 482
298 487
298 490
299 317
299 328
299 336
299 339
299 342
299 348
299 350
299 358
299 374
299 379
299 385
299 391
299 395
299 396
299 401
299 403
299 408
299 441
299 447
299 453
300 332
300 360
300 388
300 404
300 408
300 419
300 424
300 427
300 435
300 436
300 440
300 443
300 447
300 451
300 459
300 465
300 481
301 327
301 335
301 336
301 352
301 354
301 356
301 361
301 363
301 373
301 380
301 389
301 392
301 396
301 399
301 400
301 401
301 419
301 444
301 446
301 479
301 484
302 306
302 310
302 313
302 330
302 344
302 373
302 390
302 415
302 420
302 435
302 444
302 445
302 472
303 305
303 307
303 314
303 323
303 343
303 352
303 354
303 359
303 361
303 431
303 437
303 472
303 473
303 474
303 478
303 479
303 485
303 487
304 308
304 313
304 314
304 322
304 331
304 351
304 372
304 379
304 386
304 395
304 412
304 420
304 430
304 439
304 451
304 454
304 467
304 468
304 469
304 472
304 477
304 484
304 486
304 488
304 493
304 494
305 327
305 330
305 356
305 358
305 363
305 369
305 388
305 401
305 415
305 416
305 418
305 421
305 425
305 464
305 472
305 473
305 478
305 479
305 483
305 484
305 495
306 309
306 314
306 320
306 326
306 330
306 336
306 343
306 360
306 363
306 382
306 390
306 394
306 396
306 398
306 418
306 428
306 441
306 452
306 462
306 463
306 471
306 474
306 480
306 488
307 318
307 320
307 321
307 329
307 341
307 349
307 366
307 367
307 382
307 396
307 400
307 402
307 415
307 432
307 448
307 449
307 485
307 492
307 494
308 342
308 368
308 374
308 414
308 426
308 432
308 434
308 443
308 464
308 465
308 477
308 489
308 493
309 336
309 343
309 344
309 358
309 359
309 387
309 414
309 427
309 429
309 494
309 496
309 498
309 499
310 326
310 330
310 355
310 378
310 400
310 413
310 425
310 443
310 444
310 453
310 454
310 459
310 468
310 472
310 495
311 314
311 331
311 343
311 352
311 353
311 354
311 358
311 363
311 364
311 379
311 425
311 426
311 454
311 471
311 475
311 476
311 494
312 322
312 323
312 337
312 361
312 362
312 375
312 378
312 388
312 412
312 418
312 432
312 441
312 448
312 457
312 459
312 466
312 484
312 490
313 321
313 331
313 339
313 340
313 358
313 367
313 387
313 393
313 402
313 427
313 437
313 459
313 471
313 474
313 476
313 477
313 481
313 493
313 494
313 498
314 315
314 329
314 343
314 346
314 349
314 360
314 375
314 384
314 408
314 414
314 431
314 434
314 437
314 444
314 453
314 462
314 480
314 486
314 487
314 497
315 327
315 328
315 338
315 354
315 355
315 373
315 374
315 380
315 384
315 386
315 388
315 401
315 412
315 413
315 433
315 435
315 441
315 486
315 491
315 499
316 338
316 343
316 346
316 352
316 369
316 385
316 389
316 393
316 394
316 402
316 403
316 412
316 414
316 420
316 425
316 437
316 444
316 452
316 465
316 471
316 481
316 490
316 492
316 498
317 321
317 341
317 344
317 352
317 372
317 373
317 376
317 385
317 390
317 408
317 411
317 415
317 424
317 436
317 454
317 486
317 498
318 336
318 347
318 352
318 356
318 363
318 396
318 420
318 423
318 427
318 432
318 433
318 436
318 440
318 441
318 448
318 452
318 458
318 473
318 488
318 498
319 333
319 340
319 367
319 388
319 390
319 392
319 409
319 427
319 431
319 432
319 446
319 467
319 471
319 474
319 475
319 493
320 323
320 330
320 338
320 355
320 357
320 359
320 360
320 369
320 377
320 387
320 391
320 393
320 405
320 406
320 408
320 416
320 429
320 444
320 456
320 466
320 473
320 474
320 488
320 490
321 322
321 353
321 354
321 357
321 366
321 368
321 371
321 377
321 394
321 399
321 403
321 430
321 435
321 443
321 457
321 458
321 464
321 476
321 479
321 490
321 491
322 355
322 388
322 391
322 399
322 403
322 405
322 411
322 418
322 420
322 450
322 451
322 461
322 475
322 476
322 482
322 496
323 327
323 329
323 333
323 340
323 341
323 342
323 345
323 350
323 363
323 367
323 371
323 375
323 377
323 395
323 403
323 409
323 420
323 421
323 424
323 436
323 468
323 482
324 327
324 337
324 340
324 342
324 368
324 378
324 384
324 398
324 411
324 419
324 437
324 448
324 459
324 474
324 475
324 490
324 495
325 346
325 350
325 361
325 362
325 369
325 381
325 386
325 388
325 394
325 399
325 404
325 405
325 414
325 422
325 425
325 429
325 439
325 445
325 449
325 458
325 459
325 460
325 471
325 478
325 484
325 499
326 335
326 339
326 360
326 380
326 388
326 389
326 396
326 421
326 430
326 435
326 442
326 456
326 467
326 477
326 490
327 332
327 353
327 368
327 371
327 375
327 389
327 394
327 406
327 430
327 433
327 447
327 490
327 492
327 494
327 496
328 331
328 338
328 346
328 354
328 362
328 410
328 424
328 428
328 452
328 462
328 463
328 480
328 484
329 340
329 343
329 351
329 353
329 356
329 361
329 363
329 364
329 384
329 385
329 401
329 411
329 419
329 427
329 434
329 464
329 467
329 477
329 485
329 494
329 497
330 345
330 354
330 359
330 362
330 367
330 379
330 410
330 411
330 431
330 434
330 440
330 449
330 452
330 456
330 459
330 462
330 486
330 488
331 333
331 335
331 338
331 347
331 351
331 353
331 356
331 374
331 381
331 408
331 409
331 416
331 417
331 426
331 450
331 451
331 455
331 464
331 483
331 499
332 341
332 380
332 382
332 389
332 392
332 399
332 434
332 462
332 471
332 485
333 336
333 353
333 376
333 386
333 399
333 413
333 418
333 419
333 420
333 424
333 426
333 447
333 470
333 483
334 361
334 375
334 379
334 381
334 383
334 390
334 411
334 414
334 428
334 438
334 443
334 457
334 473
334 477
334 479
334 487
335 344
335 358
335 362
335 364
335 365
335 369
335 389
335 399
335 402
335 408
335 409
335 413
335 414
335 435
335 444
335 446
335 447
335 448
335 456
335 468
335 470
335 479
335 480
335 486
335 495
336 345
336 349
336 352
336 357
336 359
336 366
336 371
336 390
336 394
336 408
336 411
336 414
336 428
336 431
336 443
336 493
337 344
337 357
337 379
337 400
337 406
337 413
337 426
337 428
337 453
337 470
337 474
337 475
338 343
338 362
338 365
338 368
338 369
338 381
338 391
338 402
338 403
338 413
338 428
338 430
338 439
338 447
338 450
338 455
338 464
338 465
338 466
338 473
338 482
338 484
338 486
338 496
339 342
339 350
339 352
339 358
339 359
339 367
339 371
339 409
339 416
339 418
339 451
339 456
339 458
339 463
339 465
339 468
339 472
339 477
339 497
340 345
340 357
340 362
340 365
340 374
340 375
340 384
340 396
340 405
340 423
340 425
340 429
340 431
340 439
340 465
340 475
340 485
340 490
340 498
341 346
341 356
341 360
341 375
341 393
341 402
341 408
341 414
341 433
341 434
341 445
341 450
341 457
341 469
341 476
342 348
342 368
342 374
342 379
342 388
342 403
342 415
342 423
342 424
342 426
342 427
342 433
342 461
342 471
342 489
343 354
343 355
343 362
343 383
343 395
343 397
343 398
343 405
343 406
343 415
343 416
343 419
343 434
343 436
343 447
343 457
343 484
344 348
344 358
344 360
344 372
344 404
344 414
344 417
344 419
344 423
344 427
344 431
344 433
344 436
344 441
344 455
344 478
344 497
345 351
345 352
345 361
345 379
345 393
345 405
345 424
345 438
345 445
345 448
345 452
345 477
345 493
346 349
346 351
346 357
346 361
346 379
346 388
346 392
346 398
346 400
346 407
346 415
346 425
346 434
346 438
346 454
346 481
346 485
347 375
347 404
347 411
347 417
347 419
347 429
347 432
347 446
347 460
347 463
347 469
347 474
347 484
347 486
347 487
347 496
348 354
348 359
348 362
348 368
348 370
348 374
348 378
348 379
348 386
348 389
348 394
348 402
348 410
348 418
348 434
348 449
348 450
348 466
348 471
348 473
348 478
348 483
348 484
348 490
348 492
348 494
349 368
349 389
349 398
349 418
349 427
349 431
349 435
349 445
349 461
349 463
349 477
349 486
349 499
350 351
350 364
350 369
350 383
350 384
350 385
350 391
350 393
350 450
350 454
350 465
350 466
350 489
350 492
350 498
351 355
351 356
351 368
351 374
351 385
351 407
351 413
351 428
351 451
351 454
351 473
351 476
351 487
351 488
351 489
351 490
352 357
352 363
352 371
352 380
352 391
352 393
352 402
352 406
352 411
352 413
352 426
352 435
352 448
352 459
352 470
352 476
352 488
352 489
353 359
353 364
353 370
353 398
353 419
353 454
353 461
353 463
353 467
353 488
353 490
353 497
354 369
354 370
354 371
354 395
354 399
354 405
354 414
354 433
354 439
354 444
354 450
354 457
354 461
354 481
354 495
355 393
355 407
355 408
355 431
355 441
355 457
355 460
355 462
355 471
355 480
355 486
355 494
356 382
356 385
356 399
356 410
356 433
356 434
356 435
356 481
356 493
356 494
356 497
357 363
357 389
357 408
357 411
357 423
357 432
357 443
357 449
357 458
357 476
357 479
357 489
358 360
358 364
358 367
358 379
358 381
358 391
358 404
358 406
358 407
358 414
358 416
358 443
358 468
358 476
358 488
359 360
359 379
359 387
359 397
359 409
359 421
359 435
359 441
359 446
359 448
359 450
359 458
359 467
359 493
360 366
360 369
360 384
360 391
360 392
360 403
360 409
360 426
360 428
360 446
360 447
360 468
360 471
360 474
360 488
360 492
361 370
361 379
361 389
361 405
361 419
361 445
361 452
361 453
361 461
361 484
361 494
362 375
362 389
362 392
362 399
362 402
362 415
362 429
362 431
362 444
362 474
363 367
363 384
363 387
363 396
363 412
363 414
363 422
363 440
363 449
363 464
363 468
363 476
363 480
363 488
363 491
363 494
363 499
364 378
364 383
364 390
364 402
364 406
364 408
364 410
364 412
364 426
364 437
364 449
364 470
364 473
364 479
364 488
365 406
365 408
365 409
365 413
365 427
365 428
365 429
365 431
365 433
365 435
365 440
365 450
365 459
365 464
365 473
365 475
365 477
365 488
366 368
366 386
366 393
366 416
366 422
366 440
366 454
366 469
366 470
366 471
366 495
367 392
367 401
367 403
367 412
367 421
367 437
367 445
367 447
367 483
367 493
367 497
368 377
368 398
368 416
368 417
368 422
368 423
368 454
368 463
368 467
368 470
369 377
369 393
369 402
369 403
369 404
369 406
369 412
369 429
369 434
369 458
369 460
369 474
369 476
369 484
369 485
369 493
370 395
370 396
370 409
370 412
370 421
370 424
370 426
370 442
370 450
370 456
370 457
370 473
370 477
370 481
370 490
370 491
370 497
371 382
371 398
371 401
371 406
371 413
371 417
371 419
371 421
371 426
371 437
371 452
371 461
371 493
371 494
371 496
371 497
371 498
372 387
372 392
372 398
372 410
372 443
372 480
372 491
372 494
373 383
373 388
373 392
373 400
373 404
373 405
373 421
373 424
373 430
373 435
373 449
373 471
373 474
373 484
373 486
373 490
373 493
374 384
374 386
374 391
374 392
374 395
374 425
374 430
374 445
374 447
374 464
374 480
374 483
374 491
374 497
375 376
375 384
375 397
375 414
375 416
375 423
375 429
375 444
375 447
375 466
375 471
375 482
375 484
375 493
375 495
376 386
376 408
376 439
376 454
376 484
376 496
377 381
377 384
377 387
377 395
377 405
377 413
377 423
377 434
377 435
377 452
377 463
377 466
377 473
377 487
377 488
377 492
378 381
378 390
378 398
378 400
378 404
378 409
378 421
378 424
378 446
378 450
378 486
378 490
378 498
379 385
379 409
379 423
379 424
379 442
379 458
379 470
379 492
380 386
380 388
380 389
380 391
380 394
380 411
380 429
380 442
380 448
380 452
380 465
380 467
380 496
381 390
381 409
381 422
381 423
381 442
381 446
381 452
381 453
381 454
381 456
381 458
381 462
381 473
381 477
381 480
381 497
382 388
382 422
382 423
382 424
382 427
382 440
382 444
382 445
382 449
382 450
382 453
382 457
382 472
382 477
382 479
382 491
382 492
382 497
383 394
383 396
383 403
383 418
383 457
383 472
383 478
383 492
383 498
384 389
384 391
384 395
384 396
384 423
384 435
384 461
384 472
384 486
384 494
385 389
385 403
385 410
385 416
385 421
385 426
385 429
385 433
385 436
385 440
385 442
385 453
385 456
385 463
385 472
385 478
385 482
385 494
386 392
386 399
386 408
386 413
386 419
386 441
386 445
386 470
386 479
387 390
387 408
387 414
387 448
387 454
387 467
387 475
387 481
387 489
388 394
388 400
388 425
388 432
388 499
389 390
389 401
389 403
389 407
389 415
389 422
389 429
389 430
389 439
389 443
389 457
389 462
389 464
389 465
389 471
389 482
390 391
390 402
390 404
390 447
390 449
390 450
390 452
390 456
390 460
390 465
390 478
390 479
390 485
390 490
390 495
391 405
391 416
391 432
391 454
391 457
391 483
391 484
391 498
392 397
392 402
392 411
392 423
392 427
392 447
392 454
392 464
392 466
392 468
392 496
393 395
393 402
393 406
393 424
393 428
393 429
393 431
393 449
393 471
393 475
393 482
393 485
393 487
394 421
394 423
394 425
394 426
394 430
394 434
394 454
394 477
394 478
394 483
394 490
394 497
395 399
395 400
395 403
395 410
395 415
395 476
395 477
395 479
395 481
395 485
395 486
396 417
396 432
396 438
396 486
397 399
397 400
397 429
397 441
397 474
397 478
398 401
398 408
398 414
398 427
398 439
398 445
398 446
398 460
398 463
398 469
398 477
398 478
398 479
398 480
398 493
398 495
399 401
399 429
399 430
399 434
399 441
399 442
399 448
399 458
399 459
399 469
399 474
399 478
399 480
399 482
399 487
399 491
400 401
400 413
400 422
400 441
400 450
400 459
400 464
400 473
400 493
400 495
400 496
401 420
401 424
401 436
401 437
401 459
401 478
401 484
402 431
402 448
402 454
402 483
402 499
403 404
403 408
403 420
403 427
403 430
403 431
403 435
403 437
403 439
403 447
403 450
403 459
403 460
403 461
403 463
403 474
403 485
404 406
404 410
404 420
404 429
404 436
404 464
404 489
405 418
405 420
405 422
405 428
405 434
405 451
405 456
405 458
405 461
405 463
405 470
405 476
405 493
406 413
406 470
406 483
406 487
406 494
406 496
407 440
407 444
407 467
408 409
408 413
408 442
408 451
408 457
408 465
408 485
408 486
408 496
409 412
409 417
409 418
409 428
409 442
409 443
409 446
409 477
409 480
409 482
409 483
409 495
409 499
410 411
410 428
410 429
410 434
410 435
410 439
410 447
410 478
410 481
410 484
411 424
411 429
411 432
411 448
411 452
411 481
411 493
412 413
412 414
412 432
412 439
412 440
412 460
412 472
412 473
412 474
412 480
412 486
412 492
413 414
413 421
413 429
413 431
413 447
413 463
413 472
413 476
413 489
413 490
413 492
414 441
414 452
414 457
414 468
414 482
414 495
415 418
415 423
415 436
415 463
415 466
415 467
415 474
415 491
416 454
416 459
416 462
416 465
416 480
416 482
416 484
416 490
417 420
417 422
417 427
417 438
417 439
417 451
417 458
417 482
417 496
417 499
418 419
418 424
418 453
418 469
418 482
418 490
418 493
419 431
419 444
419 451
419 460
419 473
419 478
419 491
419 498
420 430
420 439
420 443
420 455
420 458
420 459
420 469
420 496
421 476
421 481
421 487
421 488
422 427
422 444
422 461
422 463
422 468
422 477
422 488
423 428
423 445
423 451
423 454
423 472
423 485
423 499
424 432
424 441
424 457
424 466
424 481
424 497
425 428
425 435
425 446
425 447
425 480
425 484
425 491
425 497
425 498
426 431
426 439
426 441
426 450
426 456
426 474
426 477
426 497
427 428
427 430
427 449
427 458
427 491
427 493
427 498
427 499
428 444
428 447
428 465
428 471
428 473
428 482
428 483
428 491
429 459
429 465
429 466
429 471
429 475
429 476
429 477
429 479
429 481
429 487
429 498
430 431
430 438
430 446
430 455
430 465
430 478
430 495
430 498
431 432
431 446
431 470
431 474
431 499
432 445
432 450
432 456
432 469
432 476
432 497
432 499
433 436
433 442
433 446
433 454
433 465
433 469
433 474
433 483
433 491
433 499
434 458
435 444
435 445
435 476
435 478
435 480
435 483
435 488
435 493
435 494
436 463
436 477
436 488
437 440
437 447
437 451
437 463
437 466
437 477
437 480
437 485
437 497
437 499
438 448
438 449
438 452
438 458
438 471
438 476
438 479
438 484
438 496
439 446
439 453
439 458
439 470
440 459
440 463
440 487
440 490
440 498
441 451
441 454
441 461
441 472
441 475
442 446
442 447
442 449
442 464
442 492
442 493
443 447
443 459
443 488
443 491
445 450
445 461
445 467
445 472
445 476
445 489
446 447
446 450
446 455
446 463
446 479
446 481
446 488
446 489
447 452
447 453
447 457
447 460
447 462
447 468
447 469
447 471
447 488
447 490
448 450
448 459
448 468
448 479
448 480
448 499
449 461
449 485
449 487
449 494
449 498
450 455
450 464
450 467
450 475
450 476
450 479
450 488
451 454
451 457
451 464
451 476
451 477
451 483
451 486
451 492
451 494
451 497
451 499
452 463
452 468
452 480
452 485
452 494
452 499
453 459
453 467
453 472
453 476
453 479
453 480
453 488
453 494
453 496
453 499
454 465
454 470
454 475
454 482
454 487
455 464
455 470
455 484
455 490
455 497
456 463
456 472
456 482
457 481
457 493
457 499
458 471
458 486
458 488
458 496
459 484
459 490
459 496
460 477
460 478
460 480
460 495
461 465
461 473
461 478
461 480
462 465
462 467
462 483
462 488
462 499
463 464
463 476
463 477
463 489
463 491
463 498
464 468
464 470
464 479
465 466
465 469
465 471
466 469
466 476
466 490
466 499
467 493
468 475
468 490
468 496
469 471
469 476
469 481
469 494
470 473
470 476
470 477
470 480
471 474
471 490
472 474
472 492
473 474
473 477
473 480
473 483
473 487
474 495
475 490
475 496
476 495
477 489
477 498
477 499
478 479
479 491
479 495
480 482
480 497
480 498
481 482
481 486
481 490
481 492
483 485
484 497
484 499
487 495
488 495
489 493
490 495
490 496
493 495
493 499
497 498
