559 13969
0 1
0 2
0 3
0 4
0 5
0 6
0 7
0 8
0 9
0 10
0 11
0 12
0 13
0 14
0 15
0 37
0 70
0 71
0 72
0 73
0 74
0 75
0 76
0 77
0 78
0 79
0 90
0 91
0 92
0 93
0 94
0 102
0 103
0 104
0 105
0 108
0 109
0 110
0 111
0 112
0 113
0 114
0 116
0 117
0 118
0 119
0 120
0 121
0 122
0 123
0 125
0 126
0 127
0 128
0 129
0 130
0 131
0 132
0 133
0 134
0 135
0 137
0 138
0 140
0 141
0 142
0 143
0 144
0 145
0 146
0 147
0 148
0 149
0 150
0 151
0 153
0 154
0 155
0 156
0 157
0 158
0 159
0 166
0 167
0 169
0 170
0 171
0 172
0 173
0 174
0 175
0 176
0 177
0 178
0 179
0 180
0 182
0 184
0 185
0 202
0 204
0 205
0 206
0 207
0 212
0 213
0 214
0 217
0 218
0 222
0 223
0 224
0 225
0 226
0 227
0 228
0 229
0 230
0 231
0 232
0 233
0 234
0 235
0 236
0 237
0 269
0 273
0 274
0 275
0 278
0 279
0 280
0 281
0 282
0 283
0 284
0 285
0 286
0 287
0 289
0 292
0 293
0 294
0 299
0 300
0 301
0 303
0 304
0 305
0 306
0 308
0 309
0 321
0 322
0 323
0 324
0 362
0 382
0 383
0 384
0 385
0 386
0 387
0 388
0 389
0 390
0 391
0 392
0 393
0 394
0 395
0 396
0 397
0 398
0 399
0 400
0 401
0 402
0 403
0 404
0 405
0 406
0 407
0 408
0 409
0 410
0 411
0 412
0 413
0 423
0 424
0 434
0 435
0 436
0 437
0 438
0 441
0 442
0 443
0 444
0 445
0 446
0 451
0 468
0 469
0 470
0 471
0 472
0 473
0 483
0 485
0 487
0 488
0 489
0 490
0 491
0 503
0 526
0 530
0 531
0 540
0 552
0 553
0 554
0 555
0 556
0 557
0 96
0 95
0 89
0 88
0 87
0 86
0 85
0 84
0 83
0 82
0 81
0 80
0 69
0 68
0 67
0 66
0 65
0 64
0 63
0 62
0 47
0 160
0 35
0 152
0 139
0 136
0 124
0 201
0 44
0 51
0 534
0 538
0 537
0 536
0 535
0 550
0 549
0 548
0 52
0 547
0 546
0 545
0 544
0 543
0 542
0 541
0 558
0 551
0 539
0 216
0 215
0 211
0 210
0 209
0 208
0 203
0 240
0 239
0 55
0 313
0 312
0 311
0 310
0 307
0 302
0 298
0 297
0 296
0 295
0 291
0 290
0 288
0 277
0 276
0 492
0 40
0 486
0 484
0 482
0 481
0 480
0 479
0 478
0 477
0 476
0 475
0 38
0 506
0 39
0 533
0 532
0 315
0 314
0 416
0 415
0 58
0 59
0 448
0 454
0 453
0 452
0 450
0 449
0 60
0 467
0 466
0 465
0 464
0 463
0 462
0 461
0 460
0 459
0 458
0 457
0 456
0 474
0 455
0 447
0 440
0 439
0 433
0 432
0 431
0 430
0 429
0 428
0 427
0 426
0 425
0 422
0 421
0 420
0 419
0 418
0 417
0 316
0 36
0 349
0 348
0 347
0 355
0 354
0 353
0 352
0 351
0 350
0 61
0 380
0 379
0 378
0 377
0 376
0 375
0 374
0 373
0 372
0 371
0 370
0 369
0 368
0 367
0 366
0 365
0 364
0 363
0 414
0 381
0 361
0 360
0 359
0 358
0 357
0 356
0 319
0 318
0 317
0 345
0 43
0 346
0 320
0 343
0 42
0 344
0 41
0 337
0 336
0 335
0 334
0 333
0 340
0 339
0 338
0 34
0 342
0 341
0 332
0 331
0 330
0 329
0 328
0 327
0 326
0 325
0 508
0 507
0 529
0 528
0 525
0 524
0 523
0 57
0 522
0 521
0 520
0 519
0 518
0 517
0 516
0 515
0 514
0 513
0 512
0 511
0 510
0 509
0 527
0 56
0 502
0 501
0 500
0 499
0 498
0 497
0 496
0 495
0 494
0 493
0 504
0 505
0 242
0 241
0 247
0 246
0 245
0 244
0 243
0 254
0 253
0 252
0 251
0 250
0 249
0 248
0 268
0 54
0 267
0 266
0 265
0 264
0 263
0 262
0 261
0 271
0 270
0 272
0 260
0 259
0 258
0 257
0 256
0 255
0 220
0 53
0 219
0 238
0 221
0 48
0 49
0 161
0 186
0 183
0 181
0 168
0 165
0 164
0 163
0 162
0 50
0 199
0 198
0 197
0 196
0 195
0 194
0 193
0 192
0 191
0 190
0 189
0 188
0 200
0 187
0 100
0 99
0 98
0 32
0 45
0 46
0 97
0 106
0 101
0 33
0 115
0 107
1 2
1 3
1 4
1 5
1 6
1 7
1 8
1 9
1 10
1 11
1 12
1 13
1 14
1 15
1 37
1 70
1 71
1 72
1 73
1 74
1 75
1 76
1 77
1 78
1 79
1 90
1 91
1 92
1 93
1 94
1 102
1 103
1 104
1 105
1 108
1 109
1 110
1 111
1 112
1 113
1 114
1 116
1 117
1 118
1 119
1 120
1 121
1 122
1 123
1 125
1 126
1 127
1 128
1 129
1 130
1 131
1 132
1 133
1 134
1 135
1 137
1 138
1 140
1 141
1 142
1 143
1 144
1 145
1 146
1 147
1 148
1 149
1 150
1 151
1 153
1 154
1 155
1 156
1 157
1 158
1 159
1 166
1 167
1 169
1 170
1 171
1 172
1 173
1 174
1 175
1 176
1 177
1 178
1 179
1 180
1 182
1 184
1 185
1 202
1 204
1 205
1 206
1 207
1 212
1 213
1 214
1 217
1 218
1 222
1 223
1 224
1 225
1 226
1 227
1 228
1 229
1 230
1 231
1 232
1 233
1 234
1 235
1 236
1 237
1 269
1 273
1 274
1 275
1 278
1 279
1 280
1 281
1 282
1 283
1 284
1 285
1 286
1 287
1 289
1 292
1 293
1 294
1 299
1 300
1 301
1 303
1 304
1 305
1 306
1 308
1 309
1 321
1 322
1 323
1 324
1 362
1 382
1 383
1 384
1 385
1 386
1 387
1 388
1 389
1 390
1 391
1 392
1 393
1 394
1 395
1 396
1 397
1 398
1 399
1 400
1 401
1 402
1 403
1 404
1 405
1 406
1 407
1 408
1 409
1 410
1 411
1 412
1 413
1 423
1 424
1 434
1 435
1 436
1 437
1 438
1 441
1 442
1 443
1 444
1 445
1 446
1 451
1 468
1 469
1 470
1 471
1 472
1 473
1 483
1 485
1 487
1 488
1 489
1 490
1 491
1 503
1 526
1 530
1 531
1 540
1 552
1 553
1 554
1 555
1 556
1 557
1 96
1 95
1 89
1 88
1 87
1 86
1 85
1 84
1 83
1 82
1 81
1 80
1 69
1 68
1 67
1 66
1 65
1 64
1 63
1 62
1 47
1 160
1 35
1 152
1 139
1 136
1 124
1 201
1 44
1 51
1 534
1 538
1 537
1 536
1 535
1 550
1 549
1 548
1 52
1 547
1 546
1 545
1 544
1 543
1 542
1 541
1 558
1 551
1 539
1 216
1 215
1 211
1 210
1 209
1 208
1 203
1 240
1 239
1 55
1 313
1 312
1 311
1 310
1 307
1 302
1 298
1 297
1 296
1 295
1 291
1 290
1 288
1 277
1 276
1 492
1 40
1 486
1 484
1 482
1 481
1 480
1 479
1 478
1 477
1 476
1 475
1 38
1 506
1 39
1 533
1 532
1 315
1 314
1 416
1 415
1 58
1 59
1 448
1 454
1 453
1 452
1 450
1 449
1 60
1 467
1 466
1 465
1 464
1 463
1 462
1 461
1 460
1 459
1 458
1 457
1 456
1 474
1 455
1 447
1 440
1 439
1 433
1 432
1 431
1 430
1 429
1 428
1 427
1 426
1 425
1 422
1 421
1 420
1 419
1 418
1 417
1 316
1 36
1 349
1 348
1 347
1 355
1 354
1 353
1 352
1 351
1 350
1 61
1 380
1 379
1 378
1 377
1 376
1 375
1 374
1 373
1 372
1 371
1 370
1 369
1 368
1 367
1 366
1 365
1 364
1 363
1 414
1 381
1 361
1 360
1 359
1 358
1 357
1 356
1 319
1 318
1 317
1 345
1 43
1 346
1 320
1 343
1 42
1 344
1 41
1 337
1 336
1 335
1 334
1 333
1 340
1 339
1 338
1 34
1 342
1 341
1 332
1 331
1 330
1 329
1 328
1 327
1 326
1 325
1 508
1 507
1 529
1 528
1 525
1 524
1 523
1 57
1 522
1 521
1 520
1 519
1 518
1 517
1 516
1 515
1 514
1 513
1 512
1 511
1 510
1 509
1 527
1 56
1 502
1 501
1 500
1 499
1 498
1 497
1 496
1 495
1 494
1 493
1 504
1 505
1 242
1 241
1 247
1 246
1 245
1 244
1 243
1 254
1 253
1 252
1 251
1 250
1 249
1 248
1 268
1 54
1 267
1 266
1 265
1 264
1 263
1 262
1 261
1 271
1 270
1 272
1 260
1 259
1 258
1 257
1 256
1 255
1 220
1 53
1 219
1 238
1 221
1 48
1 49
1 161
1 186
1 183
1 181
1 168
1 165
1 164
1 163
1 162
1 50
1 199
1 198
1 197
1 196
1 195
1 194
1 193
1 192
1 191
1 190
1 189
1 188
1 200
1 187
1 100
1 99
1 98
1 32
1 45
1 46
1 97
1 106
1 101
1 33
1 115
1 107
2 3
2 4
2 5
2 6
2 7
2 8
2 9
2 10
2 11
2 12
2 13
2 14
2 15
2 37
2 70
2 71
2 72
2 73
2 74
2 75
2 76
2 77
2 78
2 79
2 90
2 91
2 92
2 93
2 94
2 102
2 103
2 104
2 105
2 108
2 109
2 110
2 111
2 112
2 113
2 114
2 116
2 117
2 118
2 119
2 120
2 121
2 122
2 123
2 125
2 126
2 127
2 128
2 129
2 130
2 131
2 132
2 133
2 134
2 135
2 137
2 138
2 140
2 141
2 142
2 143
2 144
2 145
2 146
2 147
2 148
2 149
2 150
2 151
2 153
2 154
2 155
2 156
2 157
2 158
2 159
2 166
2 167
2 169
2 170
2 171
2 172
2 173
2 174
2 175
2 176
2 177
2 178
2 179
2 180
2 182
2 184
2 185
2 202
2 204
2 205
2 206
2 207
2 212
2 213
2 214
2 217
2 218
2 222
2 223
2 224
2 225
2 226
2 227
2 228
2 229
2 230
2 231
2 232
2 233
2 234
2 235
2 236
2 237
2 269
2 273
2 274
2 275
2 278
2 279
2 280
2 281
2 282
2 283
2 284
2 285
2 286
2 287
2 289
2 292
2 293
2 294
2 299
2 300
2 301
2 303
2 304
2 305
2 306
2 308
2 309
2 321
2 322
2 323
2 324
2 362
2 382
2 383
2 384
2 385
2 386
2 387
2 388
2 389
2 390
2 391
2 392
2 393
2 394
2 395
2 396
2 397
2 398
2 399
2 400
2 401
2 402
2 403
2 404
2 405
2 406
2 407
2 408
2 409
2 410
2 411
2 412
2 413
2 423
2 424
2 434
2 435
2 436
2 437
2 438
2 441
2 442
2 443
2 444
2 445
2 446
2 451
2 468
2 469
2 470
2 471
2 472
2 473
2 483
2 485
2 487
2 488
2 489
2 490
2 491
2 503
2 526
2 530
2 531
2 540
2 552
2 553
2 554
2 555
2 556
2 557
2 96
2 95
2 89
2 88
2 87
2 86
2 85
2 84
2 83
2 82
2 81
2 80
2 69
2 68
2 67
2 66
2 65
2 64
2 63
2 62
2 47
2 160
2 35
2 152
2 139
2 136
2 124
2 201
2 44
2 51
2 534
2 538
2 537
2 536
2 535
2 550
2 549
2 548
2 52
2 547
2 546
2 545
2 544
2 543
2 542
2 541
2 558
2 551
2 539
2 216
2 215
2 211
2 210
2 209
2 208
2 203
2 240
2 239
2 55
2 313
2 312
2 311
2 310
2 307
2 302
2 298
2 297
2 296
2 295
2 291
2 290
2 288
2 277
2 276
2 492
2 40
2 486
2 484
2 482
2 481
2 480
2 479
2 478
2 477
2 476
2 475
2 38
2 506
2 39
2 533
2 532
2 315
2 314
2 416
2 415
2 58
2 59
2 448
2 454
2 453
2 452
2 450
2 449
2 60
2 467
2 466
2 465
2 464
2 463
2 462
2 461
2 460
2 459
2 458
2 457
2 456
2 474
2 455
2 447
2 440
2 439
2 433
2 432
2 431
2 430
2 429
2 428
2 427
2 426
2 425
2 422
2 421
2 420
2 419
2 418
2 417
2 316
2 36
2 349
2 348
2 347
2 355
2 354
2 353
2 352
2 351
2 350
2 61
2 380
2 379
2 378
2 377
2 376
2 375
2 374
2 373
2 372
2 371
2 370
2 369
2 368
2 367
2 366
2 365
2 364
2 363
2 414
2 381
2 361
2 360
2 359
2 358
2 357
2 356
2 508
2 507
2 529
2 528
2 525
2 524
2 523
2 57
2 522
2 521
2 520
2 519
2 518
2 517
2 516
2 515
2 514
2 513
2 512
2 511
2 510
2 509
2 527
2 56
2 502
2 501
2 500
2 499
2 498
2 497
2 496
2 495
2 494
2 493
2 504
2 505
2 242
2 241
2 247
2 246
2 245
2 244
2 243
2 254
2 253
2 252
2 251
2 250
2 249
2 248
2 268
2 54
2 267
2 266
2 265
2 264
2 263
2 262
2 261
2 271
2 270
2 272
2 260
2 259
2 258
2 257
2 256
2 255
2 220
2 53
2 219
2 238
2 221
2 48
2 49
2 161
2 186
2 183
2 181
2 168
2 165
2 164
2 163
2 162
2 50
2 199
2 198
2 197
2 196
2 195
2 194
2 193
2 192
2 191
2 190
2 189
2 188
2 200
2 187
2 100
2 99
2 98
2 32
2 45
2 46
2 97
2 106
2 101
2 33
2 115
2 107
3 4
3 5
3 6
3 7
3 8
3 9
3 10
3 11
3 12
3 13
3 14
3 15
3 37
3 70
3 71
3 72
3 73
3 74
3 75
3 76
3 77
3 78
3 79
3 90
3 91
3 92
3 93
3 94
3 102
3 103
3 104
3 105
3 108
3 109
3 110
3 111
3 112
3 113
3 114
3 116
3 117
3 118
3 119
3 120
3 121
3 122
3 123
3 125
3 126
3 127
3 128
3 129
3 130
3 131
3 132
3 133
3 134
3 135
3 137
3 138
3 140
3 141
3 142
3 143
3 144
3 145
3 146
3 147
3 148
3 149
3 150
3 151
3 153
3 154
3 155
3 156
3 157
3 158
3 159
3 166
3 167
3 169
3 170
3 171
3 172
3 173
3 174
3 175
3 176
3 177
3 178
3 179
3 180
3 182
3 184
3 185
3 202
3 204
3 205
3 206
3 207
3 212
3 213
3 214
3 217
3 218
3 222
3 223
3 224
3 225
3 226
3 227
3 228
3 229
3 230
3 231
3 232
3 233
3 234
3 235
3 236
3 237
3 269
3 273
3 274
3 275
3 278
3 279
3 280
3 281
3 282
3 283
3 284
3 285
3 286
3 287
3 289
3 292
3 293
3 294
3 299
3 300
3 301
3 303
3 304
3 305
3 306
3 308
3 309
3 321
3 322
3 323
3 324
3 362
3 382
3 383
3 384
3 385
3 386
3 387
3 388
3 389
3 390
3 391
3 392
3 393
3 394
3 395
3 396
3 397
3 398
3 399
3 400
3 401
3 402
3 403
3 404
3 405
3 406
3 407
3 408
3 409
3 410
3 411
3 412
3 413
3 423
3 424
3 434
3 435
3 436
3 437
3 438
3 441
3 442
3 443
3 444
3 445
3 446
3 451
3 468
3 469
3 470
3 471
3 472
3 473
3 483
3 485
3 487
3 488
3 489
3 490
3 491
3 503
3 526
3 530
3 531
3 540
3 552
3 553
3 554
3 555
3 556
3 557
4 5
4 6
4 7
4 8
4 9
4 10
4 11
4 12
4 13
4 14
4 15
4 37
4 70
4 71
4 72
4 73
4 74
4 75
4 76
4 77
4 78
4 79
4 90
4 91
4 92
4 93
4 94
4 102
4 103
4 104
4 105
4 108
4 109
4 110
4 111
4 112
4 113
4 114
4 116
4 117
4 118
4 119
4 120
4 121
4 122
4 123
4 125
4 126
4 127
4 128
4 129
4 130
4 131
4 132
4 133
4 134
4 135
4 137
4 138
4 140
4 141
4 142
4 143
4 144
4 145
4 146
4 147
4 148
4 149
4 150
4 151
4 153
4 154
4 155
4 156
4 157
4 158
4 159
4 166
4 167
4 169
4 170
4 171
4 172
4 173
4 174
4 175
4 176
4 177
4 178
4 179
4 180
4 182
4 184
4 185
4 202
4 204
4 205
4 206
4 207
4 212
4 213
4 214
4 217
4 218
4 222
4 223
4 224
4 225
4 226
4 227
4 228
4 229
4 230
4 231
4 232
4 233
4 234
4 235
4 236
4 237
4 269
4 273
4 274
4 275
4 278
4 279
4 280
4 281
4 282
4 283
4 284
4 285
4 286
4 287
4 289
4 292
4 293
4 294
4 299
4 300
4 301
4 303
4 304
4 305
4 306
4 308
4 309
4 321
4 322
4 323
4 324
4 362
4 382
4 383
4 384
4 385
4 386
4 387
4 388
4 389
4 390
4 391
4 392
4 393
4 394
4 395
4 396
4 397
4 398
4 399
4 400
4 401
4 402
4 403
4 404
4 405
4 406
4 407
4 408
4 409
4 410
4 411
4 412
4 413
4 423
4 424
4 434
4 435
4 436
4 437
4 438
4 441
4 442
4 443
4 444
4 445
4 446
4 451
4 468
4 469
4 470
4 471
4 472
4 473
4 483
4 485
4 487
4 488
4 489
4 490
4 491
4 503
4 526
4 530
4 531
4 540
4 552
4 553
4 554
4 555
4 556
4 557
4 62
4 332
5 6
5 7
5 8
5 9
5 10
5 11
5 12
5 13
5 14
5 15
5 37
5 70
5 71
5 72
5 73
5 74
5 75
5 76
5 77
5 78
5 79
5 90
5 91
5 92
5 93
5 94
5 102
5 103
5 104
5 105
5 108
5 109
5 110
5 111
5 112
5 113
5 114
5 116
5 117
5 118
5 119
5 120
5 121
5 122
5 123
5 125
5 126
5 127
5 128
5 129
5 130
5 131
5 132
5 133
5 134
5 135
5 137
5 138
5 140
5 141
5 142
5 143
5 144
5 145
5 146
5 147
5 148
5 149
5 150
5 151
5 153
5 154
5 155
5 156
5 157
5 158
5 159
5 166
5 167
5 169
5 170
5 171
5 172
5 173
5 174
5 175
5 176
5 177
5 178
5 179
5 180
5 182
5 184
5 185
5 202
5 204
5 205
5 206
5 207
5 212
5 213
5 214
5 217
5 218
5 222
5 223
5 224
5 225
5 226
5 227
5 228
5 229
5 230
5 231
5 232
5 233
5 234
5 235
5 236
5 237
5 269
5 273
5 274
5 275
5 278
5 279
5 280
5 281
5 282
5 283
5 284
5 285
5 286
5 287
5 289
5 292
5 293
5 294
5 299
5 300
5 301
5 303
5 304
5 305
5 306
5 308
5 309
5 321
5 322
5 323
5 324
5 362
5 382
5 383
5 384
5 385
5 386
5 387
5 388
5 389
5 390
5 391
5 392
5 393
5 394
5 395
5 396
5 397
5 398
5 399
5 400
5 401
5 402
5 403
5 404
5 405
5 406
5 407
5 408
5 409
5 410
5 411
5 412
5 413
5 423
5 424
5 434
5 435
5 436
5 437
5 438
5 441
5 442
5 443
5 444
5 445
5 446
5 451
5 468
5 469
5 470
5 471
5 472
5 473
5 483
5 485
5 487
5 488
5 489
5 490
5 491
5 503
5 526
5 530
5 531
5 540
5 552
5 553
5 554
5 555
5 556
5 557
5 63
5 62
5 331
5 332
6 7
6 8
6 9
6 10
6 11
6 12
6 13
6 14
6 15
6 37
6 70
6 71
6 72
6 73
6 74
6 75
6 76
6 77
6 78
6 79
6 90
6 91
6 92
6 93
6 94
6 102
6 103
6 104
6 105
6 108
6 109
6 110
6 111
6 112
6 113
6 114
6 116
6 117
6 118
6 119
6 120
6 121
6 122
6 123
6 125
6 126
6 127
6 128
6 129
6 130
6 131
6 132
6 133
6 134
6 135
6 137
6 138
6 140
6 141
6 142
6 143
6 144
6 145
6 146
6 147
6 148
6 149
6 150
6 151
6 153
6 154
6 155
6 156
6 157
6 158
6 159
6 166
6 167
6 169
6 170
6 171
6 172
6 173
6 174
6 175
6 176
6 177
6 178
6 179
6 180
6 182
6 184
6 185
6 202
6 204
6 205
6 206
6 207
6 212
6 213
6 214
6 217
6 218
6 222
6 223
6 224
6 225
6 226
6 227
6 228
6 229
6 230
6 231
6 232
6 233
6 234
6 235
6 236
6 237
6 269
6 273
6 274
6 275
6 278
6 279
6 280
6 281
6 282
6 283
6 284
6 285
6 286
6 287
6 289
6 292
6 293
6 294
6 299
6 300
6 301
6 303
6 304
6 305
6 306
6 308
6 309
6 321
6 322
6 323
6 324
6 362
6 382
6 383
6 384
6 385
6 386
6 387
6 388
6 389
6 390
6 391
6 392
6 393
6 394
6 395
6 396
6 397
6 398
6 399
6 400
6 401
6 402
6 403
6 404
6 405
6 406
6 407
6 408
6 409
6 410
6 411
6 412
6 413
6 423
6 424
6 434
6 435
6 436
6 437
6 438
6 441
6 442
6 443
6 444
6 445
6 446
6 451
6 468
6 469
6 470
6 471
6 472
6 473
6 483
6 485
6 487
6 488
6 489
6 490
6 491
6 503
6 526
6 530
6 531
6 540
6 552
6 553
6 554
6 555
6 556
6 557
6 64
6 63
6 62
6 330
6 331
6 332
7 8
7 9
7 10
7 11
7 12
7 13
7 14
7 15
7 37
7 70
7 71
7 72
7 73
7 74
7 75
7 76
7 77
7 78
7 79
7 90
7 91
7 92
7 93
7 94
7 102
7 103
7 104
7 105
7 108
7 109
7 110
7 111
7 112
7 113
7 114
7 116
7 117
7 118
7 119
7 120
7 121
7 122
7 123
7 125
7 126
7 127
7 128
7 129
7 130
7 131
7 132
7 133
7 134
7 135
7 137
7 138
7 140
7 141
7 142
7 143
7 144
7 145
7 146
7 147
7 148
7 149
7 150
7 151
7 153
7 154
7 155
7 156
7 157
7 158
7 159
7 166
7 167
7 169
7 170
7 171
7 172
7 173
7 174
7 175
7 176
7 177
7 178
7 179
7 180
7 182
7 184
7 185
7 202
7 204
7 205
7 206
7 207
7 212
7 213
7 214
7 217
7 218
7 222
7 223
7 224
7 225
7 226
7 227
7 228
7 229
7 230
7 231
7 232
7 233
7 234
7 235
7 236
7 237
7 269
7 273
7 274
7 275
7 278
7 279
7 280
7 281
7 282
7 283
7 284
7 285
7 286
7 287
7 289
7 292
7 293
7 294
7 299
7 300
7 301
7 303
7 304
7 305
7 306
7 308
7 309
7 321
7 322
7 323
7 324
7 362
7 382
7 383
7 384
7 385
7 386
7 387
7 388
7 389
7 390
7 391
7 392
7 393
7 394
7 395
7 396
7 397
7 398
7 399
7 400
7 401
7 402
7 403
7 404
7 405
7 406
7 407
7 408
7 409
7 410
7 411
7 412
7 413
7 423
7 424
7 434
7 435
7 436
7 437
7 438
7 441
7 442
7 443
7 444
7 445
7 446
7 451
7 468
7 469
7 470
7 471
7 472
7 473
7 483
7 485
7 487
7 488
7 489
7 490
7 491
7 503
7 526
7 530
7 531
7 540
7 552
7 553
7 554
7 555
7 556
7 557
7 65
7 64
7 63
7 62
7 329
7 330
7 331
7 332
8 9
8 10
8 11
8 12
8 13
8 14
8 15
8 37
8 70
8 71
8 72
8 73
8 74
8 75
8 76
8 77
8 78
8 79
8 90
8 91
8 92
8 93
8 94
8 102
8 103
8 104
8 105
8 108
8 109
8 110
8 111
8 112
8 113
8 114
8 116
8 117
8 118
8 119
8 120
8 121
8 122
8 123
8 125
8 126
8 127
8 128
8 129
8 130
8 131
8 132
8 133
8 134
8 135
8 137
8 138
8 140
8 141
8 142
8 143
8 144
8 145
8 146
8 147
8 148
8 149
8 150
8 151
8 153
8 154
8 155
8 156
8 157
8 158
8 159
8 166
8 167
8 169
8 170
8 171
8 172
8 173
8 174
8 175
8 176
8 177
8 178
8 179
8 180
8 182
8 184
8 185
8 202
8 204
8 205
8 206
8 207
8 212
8 213
8 214
8 217
8 218
8 222
8 223
8 224
8 225
8 226
8 227
8 228
8 229
8 230
8 231
8 232
8 233
8 234
8 235
8 236
8 237
8 269
8 273
8 274
8 275
8 278
8 279
8 280
8 281
8 282
8 283
8 284
8 285
8 286
8 287
8 289
8 292
8 293
8 294
8 299
8 300
8 301
8 303
8 304
8 305
8 306
8 308
8 309
8 321
8 322
8 323
8 324
8 362
8 382
8 383
8 384
8 385
8 386
8 387
8 388
8 389
8 390
8 391
8 392
8 393
8 394
8 395
8 396
8 397
8 398
8 399
8 400
8 401
8 402
8 403
8 404
8 405
8 406
8 407
8 408
8 409
8 410
8 411
8 412
8 413
8 423
8 424
8 434
8 435
8 436
8 437
8 438
8 441
8 442
8 443
8 444
8 445
8 446
8 451
8 468
8 469
8 470
8 471
8 472
8 473
8 483
8 485
8 487
8 488
8 489
8 490
8 491
8 503
8 526
8 530
8 531
8 540
8 552
8 553
8 554
8 555
8 556
8 557
8 66
8 65
8 64
8 63
8 62
8 328
8 329
8 330
8 331
8 332
9 10
9 11
9 12
9 13
9 14
9 15
9 37
9 70
9 71
9 72
9 73
9 74
9 75
9 76
9 77
9 78
9 79
9 90
9 91
9 92
9 93
9 94
9 102
9 103
9 104
9 105
9 108
9 109
9 110
9 111
9 112
9 113
9 114
9 116
9 117
9 118
9 119
9 120
9 121
9 122
9 123
9 125
9 126
9 127
9 128
9 129
9 130
9 131
9 132
9 133
9 134
9 135
9 137
9 138
9 140
9 141
9 142
9 143
9 144
9 145
9 146
9 147
9 148
9 149
9 150
9 151
9 153
9 154
9 155
9 156
9 157
9 158
9 159
9 166
9 167
9 169
9 170
9 171
9 172
9 173
9 174
9 175
9 176
9 177
9 178
9 179
9 180
9 182
9 184
9 185
9 202
9 204
9 205
9 206
9 207
9 212
9 213
9 214
9 217
9 218
9 222
9 223
9 224
9 225
9 226
9 227
9 228
9 229
9 230
9 231
9 232
9 233
9 234
9 235
9 236
9 237
9 269
9 273
9 274
9 275
9 278
9 279
9 280
9 281
9 282
9 283
9 284
9 285
9 286
9 287
9 289
9 292
9 293
9 294
9 299
9 300
9 301
9 303
9 304
9 305
9 306
9 308
9 309
9 321
9 322
9 323
9 324
9 362
9 382
9 383
9 384
9 385
9 386
9 387
9 388
9 389
9 390
9 391
9 392
9 393
9 394
9 395
9 396
9 397
9 398
9 399
9 400
9 401
9 402
9 403
9 404
9 405
9 406
9 407
9 408
9 409
9 410
9 411
9 412
9 413
9 423
9 424
9 434
9 435
9 436
9 437
9 438
9 441
9 442
9 443
9 444
9 445
9 446
9 451
9 468
9 469
9 470
9 471
9 472
9 473
9 483
9 485
9 487
9 488
9 489
9 490
9 491
9 503
9 526
9 530
9 531
9 540
9 552
9 553
9 554
9 555
9 556
9 557
9 67
9 66
9 65
9 64
9 63
9 62
9 327
9 328
9 329
9 330
9 331
9 332
10 11
10 12
10 13
10 14
10 15
10 37
10 70
10 71
10 72
10 73
10 74
10 75
10 76
10 77
10 78
10 79
10 90
10 91
10 92
10 93
10 94
10 102
10 103
10 104
10 105
10 108
10 109
10 110
10 111
10 112
10 113
10 114
10 116
10 117
10 118
10 119
10 120
10 121
10 122
10 123
10 125
10 126
10 127
10 128
10 129
10 130
10 131
10 132
10 133
10 134
10 135
10 137
10 138
10 140
10 141
10 142
10 143
10 144
10 145
10 146
10 147
10 148
10 149
10 150
10 151
10 153
10 154
10 155
10 156
10 157
10 158
10 159
10 166
10 167
10 169
10 170
10 171
10 172
10 173
10 174
10 175
10 176
10 177
10 178
10 179
10 180
10 182
10 184
10 185
10 202
10 204
10 205
10 206
10 207
10 212
10 213
10 214
10 217
10 218
10 222
10 223
10 224
10 225
10 226
10 227
10 228
10 229
10 230
10 231
10 232
10 233
10 234
10 235
10 236
10 237
10 269
10 273
10 274
10 275
10 278
10 279
10 280
10 281
10 282
10 283
10 284
10 285
10 286
10 287
10 289
10 292
10 293
10 294
10 299
10 300
10 301
10 303
10 304
10 305
10 306
10 308
10 309
10 321
10 322
10 323
10 324
10 362
10 382
10 383
10 384
10 385
10 386
10 387
10 388
10 389
10 390
10 391
10 392
10 393
10 394
10 395
10 396
10 397
10 398
10 399
10 400
10 401
10 402
10 403
10 404
10 405
10 406
10 407
10 408
10 409
10 410
10 411
10 412
10 413
10 423
10 424
10 434
10 435
10 436
10 437
10 438
10 441
10 442
10 443
10 444
10 445
10 446
10 451
10 468
10 469
10 470
10 471
10 472
10 473
10 483
10 485
10 487
10 488
10 489
10 490
10 491
10 503
10 526
10 530
10 531
10 540
10 552
10 553
10 554
10 555
10 556
10 557
10 139
10 89
10 80
10 47
10 211
10 210
10 209
10 208
10 55
10 297
11 12
11 13
11 14
11 15
11 37
11 70
11 71
11 72
11 73
11 74
11 75
11 76
11 77
11 78
11 79
11 90
11 91
11 92
11 93
11 94
11 102
11 103
11 104
11 105
11 108
11 109
11 110
11 111
11 112
11 113
11 114
11 116
11 117
11 118
11 119
11 120
11 121
11 122
11 123
11 125
11 126
11 127
11 128
11 129
11 130
11 131
11 132
11 133
11 134
11 135
11 137
11 138
11 140
11 141
11 142
11 143
11 144
11 145
11 146
11 147
11 148
11 149
11 150
11 151
11 153
11 154
11 155
11 156
11 157
11 158
11 159
11 166
11 167
11 169
11 170
11 171
11 172
11 173
11 174
11 175
11 176
11 177
11 178
11 179
11 180
11 182
11 184
11 185
11 202
11 204
11 205
11 206
11 207
11 212
11 213
11 214
11 217
11 218
11 222
11 223
11 224
11 225
11 226
11 227
11 228
11 229
11 230
11 231
11 232
11 233
11 234
11 235
11 236
11 237
11 269
11 273
11 274
11 275
11 278
11 279
11 280
11 281
11 282
11 283
11 284
11 285
11 286
11 287
11 289
11 292
11 293
11 294
11 299
11 300
11 301
11 303
11 304
11 305
11 306
11 308
11 309
11 321
11 322
11 323
11 324
11 362
11 382
11 383
11 384
11 385
11 386
11 387
11 388
11 389
11 390
11 391
11 392
11 393
11 394
11 395
11 396
11 397
11 398
11 399
11 400
11 401
11 402
11 403
11 404
11 405
11 406
11 407
11 408
11 409
11 410
11 411
11 412
11 413
11 423
11 424
11 434
11 435
11 436
11 437
11 438
11 441
11 442
11 443
11 444
11 445
11 446
11 451
11 468
11 469
11 470
11 471
11 472
11 473
11 483
11 485
11 487
11 488
11 489
11 490
11 491
11 503
11 526
11 530
11 531
11 540
11 552
11 553
11 554
11 555
11 556
11 557
11 139
11 89
11 80
11 47
11 211
11 210
11 209
11 208
11 55
11 297
11 296
11 295
11 291
11 290
11 288
12 13
12 14
12 15
12 37
12 70
12 71
12 72
12 73
12 74
12 75
12 76
12 77
12 78
12 79
12 90
12 91
12 92
12 93
12 94
12 102
12 103
12 104
12 105
12 108
12 109
12 110
12 111
12 112
12 113
12 114
12 116
12 117
12 118
12 119
12 120
12 121
12 122
12 123
12 125
12 126
12 127
12 128
12 129
12 130
12 131
12 132
12 133
12 134
12 135
12 137
12 138
12 140
12 141
12 142
12 143
12 144
12 145
12 146
12 147
12 148
12 149
12 150
12 151
12 153
12 154
12 155
12 156
12 157
12 158
12 159
12 166
12 167
12 169
12 170
12 171
12 172
12 173
12 174
12 175
12 176
12 177
12 178
12 179
12 180
12 182
12 184
12 185
12 202
12 204
12 205
12 206
12 207
12 212
12 213
12 214
12 217
12 218
12 222
12 223
12 224
12 225
12 226
12 227
12 228
12 229
12 230
12 231
12 232
12 233
12 234
12 235
12 236
12 237
12 269
12 273
12 274
12 275
12 278
12 279
12 280
12 281
12 282
12 283
12 284
12 285
12 286
12 287
12 289
12 292
12 293
12 294
12 299
12 300
12 301
12 303
12 304
12 305
12 306
12 308
12 309
12 321
12 322
12 323
12 324
12 362
12 382
12 383
12 384
12 385
12 386
12 387
12 388
12 389
12 390
12 391
12 392
12 393
12 394
12 395
12 396
12 397
12 398
12 399
12 400
12 401
12 402
12 403
12 404
12 405
12 406
12 407
12 408
12 409
12 410
12 411
12 412
12 413
12 423
12 424
12 434
12 435
12 436
12 437
12 438
12 441
12 442
12 443
12 444
12 445
12 446
12 451
12 468
12 469
12 470
12 471
12 472
12 473
12 483
12 485
12 487
12 488
12 489
12 490
12 491
12 503
12 526
12 530
12 531
12 540
12 552
12 553
12 554
12 555
12 556
12 557
12 139
12 89
12 80
12 47
12 211
12 210
12 209
12 55
12 297
12 296
12 295
12 291
12 290
12 288
13 14
13 15
13 37
13 70
13 71
13 72
13 73
13 74
13 75
13 76
13 77
13 78
13 79
13 90
13 91
13 92
13 93
13 94
13 102
13 103
13 104
13 105
13 108
13 109
13 110
13 111
13 112
13 113
13 114
13 116
13 117
13 118
13 119
13 120
13 121
13 122
13 123
13 125
13 126
13 127
13 128
13 129
13 130
13 131
13 132
13 133
13 134
13 135
13 137
13 138
13 140
13 141
13 142
13 143
13 144
13 145
13 146
13 147
13 148
13 149
13 150
13 151
13 153
13 154
13 155
13 156
13 157
13 158
13 159
13 166
13 167
13 169
13 170
13 171
13 172
13 173
13 174
13 175
13 176
13 177
13 178
13 179
13 180
13 182
13 184
13 185
13 202
13 204
13 205
13 206
13 207
13 212
13 213
13 214
13 217
13 218
13 222
13 223
13 224
13 225
13 226
13 227
13 228
13 229
13 230
13 231
13 232
13 233
13 234
13 235
13 236
13 237
13 269
13 273
13 274
13 275
13 278
13 279
13 280
13 281
13 282
13 283
13 284
13 285
13 286
13 287
13 289
13 292
13 293
13 294
13 299
13 300
13 301
13 303
13 304
13 305
13 306
13 308
13 309
13 321
13 322
13 323
13 324
13 362
13 382
13 383
13 384
13 385
13 386
13 387
13 388
13 389
13 390
13 391
13 392
13 393
13 394
13 395
13 396
13 397
13 398
13 399
13 400
13 401
13 402
13 403
13 404
13 405
13 406
13 407
13 408
13 409
13 410
13 411
13 412
13 413
13 423
13 424
13 434
13 435
13 436
13 437
13 438
13 441
13 442
13 443
13 444
13 445
13 446
13 451
13 468
13 469
13 470
13 471
13 472
13 473
13 483
13 485
13 487
13 488
13 489
13 490
13 491
13 503
13 526
13 530
13 531
13 540
13 552
13 553
13 554
13 555
13 556
13 557
13 139
13 89
13 80
13 47
13 211
13 210
13 209
13 55
14 15
14 37
14 70
14 71
14 72
14 73
14 74
14 75
14 76
14 77
14 78
14 79
14 90
14 91
14 92
14 93
14 94
14 102
14 103
14 104
14 105
14 108
14 109
14 110
14 111
14 112
14 113
14 114
14 116
14 117
14 118
14 119
14 120
14 121
14 122
14 123
14 125
14 126
14 127
14 128
14 129
14 130
14 131
14 132
14 133
14 134
14 135
14 137
14 138
14 140
14 141
14 142
14 143
14 144
14 145
14 146
14 147
14 148
14 149
14 150
14 151
14 153
14 154
14 155
14 156
14 157
14 158
14 159
14 166
14 167
14 169
14 170
14 171
14 172
14 173
14 174
14 175
14 176
14 177
14 178
14 179
14 180
14 182
14 184
14 185
14 202
14 204
14 205
14 206
14 207
14 212
14 213
14 214
14 217
14 218
14 222
14 223
14 224
14 225
14 226
14 227
14 228
14 229
14 230
14 231
14 232
14 233
14 234
14 235
14 236
14 237
14 269
14 273
14 274
14 275
14 278
14 279
14 280
14 281
14 282
14 283
14 284
14 285
14 286
14 287
14 289
14 292
14 293
14 294
14 299
14 300
14 301
14 303
14 304
14 305
14 306
14 308
14 309
14 321
14 322
14 323
14 324
14 362
14 382
14 383
14 384
14 385
14 386
14 387
14 388
14 389
14 390
14 391
14 392
14 393
14 394
14 395
14 396
14 397
14 398
14 399
14 400
14 401
14 402
14 403
14 404
14 405
14 406
14 407
14 408
14 409
14 410
14 411
14 412
14 413
14 423
14 424
14 434
14 435
14 436
14 437
14 438
14 441
14 442
14 443
14 444
14 445
14 446
14 451
14 468
14 469
14 470
14 471
14 472
14 473
14 483
14 485
14 487
14 488
14 489
14 490
14 491
14 503
14 526
14 530
14 531
14 540
14 552
14 553
14 554
14 555
14 556
14 557
14 139
14 89
14 80
14 47
14 55
15 37
15 70
15 71
15 72
15 73
15 74
15 75
15 76
15 77
15 78
15 79
15 90
15 91
15 92
15 93
15 94
15 102
15 103
15 104
15 105
15 108
15 109
15 110
15 111
15 112
15 113
15 114
15 116
15 117
15 118
15 119
15 120
15 121
15 122
15 123
15 125
15 126
15 127
15 128
15 129
15 130
15 131
15 132
15 133
15 134
15 135
15 137
15 138
15 140
15 141
15 142
15 143
15 144
15 145
15 146
15 147
15 148
15 149
15 150
15 151
15 153
15 154
15 155
15 156
15 157
15 158
15 159
15 166
15 167
15 169
15 170
15 171
15 172
15 173
15 174
15 175
15 176
15 177
15 178
15 179
15 180
15 182
15 184
15 185
15 202
15 204
15 205
15 206
15 207
15 212
15 213
15 214
15 217
15 218
15 222
15 223
15 224
15 225
15 226
15 227
15 228
15 229
15 230
15 231
15 232
15 233
15 234
15 235
15 236
15 237
15 269
15 273
15 274
15 275
15 278
15 279
15 280
15 281
15 282
15 283
15 284
15 285
15 286
15 287
15 289
15 292
15 293
15 294
15 299
15 300
15 301
15 303
15 304
15 305
15 306
15 308
15 309
15 321
15 322
15 323
15 324
15 362
15 382
15 383
15 384
15 385
15 386
15 387
15 388
15 389
15 390
15 391
15 392
15 393
15 394
15 395
15 396
15 397
15 398
15 399
15 400
15 401
15 402
15 403
15 404
15 405
15 406
15 407
15 408
15 409
15 410
15 411
15 412
15 413
15 423
15 424
15 434
15 435
15 436
15 437
15 438
15 441
15 442
15 443
15 444
15 445
15 446
15 451
15 468
15 469
15 470
15 471
15 472
15 473
15 483
15 485
15 487
15 488
15 489
15 490
15 491
15 503
15 526
15 530
15 531
15 540
15 552
15 553
15 554
15 555
15 556
15 557
15 68
15 67
15 66
15 65
15 64
15 63
15 62
15 139
15 89
15 80
15 47
15 55
15 327
15 328
15 329
15 330
15 331
15 332
15 326
37 16
37 94
37 93
37 92
37 91
37 90
37 79
37 78
37 77
37 76
37 75
37 74
37 128
37 127
37 126
37 125
37 123
37 122
37 121
37 120
37 119
37 118
70 16
70 18
70 19
70 20
70 21
70 22
70 23
70 24
70 25
71 16
71 19
71 20
71 21
71 22
71 23
71 24
71 25
72 16
72 20
72 21
72 22
72 23
72 24
72 25
73 16
73 21
73 22
73 23
73 24
73 25
74 16
74 22
74 23
74 24
74 25
74 26
74 27
74 28
74 29
74 30
74 31
74 94
74 93
74 92
74 91
74 90
74 79
74 78
74 77
74 76
74 75
74 159
74 158
74 157
74 156
74 155
74 154
74 153
74 151
74 150
74 149
74 148
74 147
74 146
74 145
74 144
74 143
74 142
74 141
74 140
74 138
74 137
74 135
74 134
74 133
74 132
74 131
74 130
74 129
74 128
74 127
74 126
74 125
74 123
74 122
74 121
74 120
74 119
74 118
74 540
74 557
74 556
74 555
74 554
74 553
74 552
74 214
74 213
74 212
74 207
74 206
74 205
74 204
74 202
74 309
74 308
74 306
74 305
74 304
74 303
74 301
74 300
74 299
74 294
74 293
74 292
74 289
74 287
74 286
74 285
74 284
74 283
74 282
74 281
74 280
74 279
74 278
74 275
74 274
74 491
74 490
74 489
74 488
74 487
74 485
74 483
74 531
74 530
74 451
74 473
74 472
74 471
74 470
74 469
74 468
74 446
74 445
74 444
74 443
74 442
74 441
74 438
74 437
74 436
74 435
74 434
74 424
74 423
74 362
74 413
74 412
74 411
74 410
74 409
74 408
74 407
74 406
74 405
74 404
74 403
74 402
74 401
74 400
74 399
74 398
74 397
74 396
74 395
74 394
74 393
74 392
74 391
74 390
74 389
74 388
74 387
74 386
74 385
74 384
74 383
74 382
74 324
74 323
74 322
74 321
74 526
74 503
74 269
74 273
74 218
74 217
74 237
74 236
74 235
74 234
74 233
74 232
74 231
74 230
74 229
74 228
74 227
74 226
74 225
74 224
74 223
74 222
74 185
74 184
74 182
74 180
74 179
74 178
74 177
74 176
74 175
74 174
74 173
74 172
74 171
74 170
74 169
74 167
74 166
74 105
74 104
74 103
74 102
74 108
74 114
74 113
74 112
74 111
74 110
74 109
74 116
74 117
75 16
75 23
75 24
75 25
75 26
75 27
75 28
75 29
75 30
75 31
75 94
75 93
75 92
75 91
75 90
75 79
75 78
75 77
75 76
75 159
75 158
75 157
75 156
75 155
75 154
75 153
75 151
75 150
75 149
75 148
75 147
75 146
75 145
75 144
75 143
75 142
75 141
75 140
75 138
75 137
75 135
75 134
75 133
75 132
75 131
75 130
75 129
75 128
75 127
75 126
75 125
75 123
75 122
75 121
75 120
75 119
75 118
75 540
75 557
75 556
75 555
75 554
75 553
75 552
75 214
75 213
75 212
75 207
75 206
75 205
75 204
75 202
75 309
75 308
75 306
75 305
75 304
75 303
75 301
75 300
75 299
75 294
75 293
75 292
75 289
75 287
75 286
75 285
75 284
75 283
75 282
75 281
75 280
75 279
75 278
75 275
75 274
75 491
75 490
75 489
75 488
75 487
75 485
75 483
75 531
75 530
75 451
75 473
75 472
75 471
75 470
75 469
75 468
75 446
75 445
75 444
75 443
75 442
75 441
75 438
75 437
75 436
75 435
75 434
75 424
75 423
75 362
75 413
75 412
75 411
75 410
75 409
75 408
75 407
75 406
75 405
75 404
75 403
75 402
75 401
75 400
75 399
75 398
75 397
75 396
75 395
75 394
75 393
75 392
75 391
75 390
75 389
75 388
75 387
75 386
75 385
75 384
75 383
75 382
75 324
75 323
75 322
75 321
75 526
75 503
75 269
75 273
75 218
75 217
75 237
75 236
75 235
75 234
75 233
75 232
75 231
75 230
75 229
75 228
75 227
75 226
75 225
75 224
75 223
75 222
75 185
75 184
75 182
75 180
75 179
75 178
75 177
75 176
75 175
75 174
75 173
75 172
75 171
75 170
75 169
75 167
75 166
75 105
75 104
75 103
75 102
75 108
75 114
75 113
75 112
75 111
75 110
75 109
75 116
75 117
76 16
76 24
76 25
76 26
76 27
76 28
76 29
76 30
76 31
76 94
76 93
76 92
76 91
76 90
76 79
76 78
76 77
76 159
76 158
76 157
76 156
76 155
76 154
76 153
76 151
76 150
76 149
76 148
76 147
76 146
76 145
76 144
76 143
76 142
76 141
76 140
76 138
76 137
76 135
76 134
76 133
76 132
76 131
76 130
76 129
76 128
76 127
76 126
76 125
76 123
76 122
76 121
76 120
76 119
76 118
76 540
76 557
76 556
76 555
76 554
76 553
76 552
76 214
76 213
76 212
76 207
76 206
76 205
76 204
76 202
76 309
76 308
76 306
76 305
76 304
76 303
76 301
76 300
76 299
76 294
76 293
76 292
76 289
76 287
76 286
76 285
76 284
76 283
76 282
76 281
76 280
76 279
76 278
76 275
76 274
76 491
76 490
76 489
76 488
76 487
76 485
76 483
76 531
76 530
76 451
76 473
76 472
76 471
76 470
76 469
76 468
76 446
76 445
76 444
76 443
76 442
76 441
76 438
76 437
76 436
76 435
76 434
76 424
76 423
76 362
76 413
76 412
76 411
76 410
76 409
76 408
76 407
76 406
76 405
76 404
76 403
76 402
76 401
76 400
76 399
76 398
76 397
76 396
76 395
76 394
76 393
76 392
76 391
76 390
76 389
76 388
76 387
76 386
76 385
76 384
76 383
76 382
76 324
76 323
76 322
76 321
76 526
76 503
76 269
76 273
76 218
76 217
76 237
76 236
76 235
76 234
76 233
76 232
76 231
76 230
76 229
76 228
76 227
76 226
76 225
76 224
76 223
76 222
76 185
76 184
76 182
76 180
76 179
76 178
76 177
76 176
76 175
76 174
76 173
76 172
76 171
76 170
76 169
76 167
76 166
76 105
76 104
76 103
76 102
76 108
76 114
76 113
76 112
76 111
76 110
76 109
76 116
76 117
77 16
77 25
77 26
77 27
77 28
77 29
77 30
77 31
77 94
77 93
77 92
77 91
77 90
77 79
77 78
77 159
77 158
77 157
77 156
77 155
77 154
77 153
77 151
77 150
77 149
77 148
77 147
77 146
77 145
77 144
77 143
77 142
77 141
77 140
77 138
77 137
77 135
77 134
77 133
77 132
77 131
77 130
77 129
77 128
77 127
77 126
77 125
77 123
77 122
77 121
77 120
77 119
77 118
77 540
77 557
77 556
77 555
77 554
77 553
77 552
77 214
77 213
77 212
77 207
77 206
77 205
77 204
77 202
77 309
77 308
77 306
77 305
77 304
77 303
77 301
77 300
77 299
77 294
77 293
77 292
77 289
77 287
77 286
77 285
77 284
77 283
77 282
77 281
77 280
77 279
77 278
77 275
77 274
77 491
77 490
77 489
77 488
77 487
77 485
77 483
77 531
77 530
77 451
77 473
77 472
77 471
77 470
77 469
77 468
77 446
77 445
77 444
77 443
77 442
77 441
77 438
77 437
77 436
77 435
77 434
77 424
77 423
77 362
77 413
77 412
77 411
77 410
77 409
77 408
77 407
77 406
77 405
77 404
77 403
77 402
77 401
77 400
77 399
77 398
77 397
77 396
77 395
77 394
77 393
77 392
77 391
77 390
77 389
77 388
77 387
77 386
77 385
77 384
77 383
77 382
77 324
77 323
77 322
77 321
77 526
77 503
77 269
77 273
77 218
77 217
77 237
77 236
77 235
77 234
77 233
77 232
77 231
77 230
77 229
77 228
77 227
77 226
77 225
77 224
77 223
77 222
77 185
77 184
77 182
77 180
77 179
77 178
77 177
77 176
77 175
77 174
77 173
77 172
77 171
77 170
77 169
77 167
77 166
77 105
77 104
77 103
77 102
77 108
77 114
77 113
77 112
77 111
77 110
77 109
77 116
77 117
78 16
78 26
78 27
78 28
78 29
78 30
78 31
78 94
78 93
78 92
78 91
78 90
78 79
78 159
78 158
78 157
78 156
78 155
78 154
78 153
78 151
78 150
78 149
78 148
78 147
78 146
78 145
78 144
78 143
78 142
78 141
78 140
78 138
78 137
78 135
78 134
78 133
78 132
78 131
78 130
78 129
78 128
78 127
78 126
78 125
78 123
78 122
78 121
78 120
78 119
78 118
78 540
78 557
78 556
78 555
78 554
78 553
78 552
78 214
78 213
78 212
78 207
78 206
78 205
78 204
78 202
78 309
78 308
78 306
78 305
78 304
78 303
78 301
78 300
78 299
78 294
78 293
78 292
78 289
78 287
78 286
78 285
78 284
78 283
78 282
78 281
78 280
78 279
78 278
78 275
78 274
78 491
78 490
78 489
78 488
78 487
78 485
78 483
78 531
78 530
78 451
78 473
78 472
78 471
78 470
78 469
78 468
78 446
78 445
78 444
78 443
78 442
78 441
78 438
78 437
78 436
78 435
78 434
78 424
78 423
78 362
78 413
78 412
78 411
78 410
78 409
78 408
78 407
78 406
78 405
78 404
78 403
78 402
78 401
78 400
78 399
78 398
78 397
78 396
78 395
78 394
78 393
78 392
78 391
78 390
78 389
78 388
78 387
78 386
78 385
78 384
78 383
78 382
78 324
78 323
78 322
78 321
78 526
78 503
78 269
78 273
78 218
78 217
78 237
78 236
78 235
78 234
78 233
78 232
78 231
78 230
78 229
78 228
78 227
78 226
78 225
78 224
78 223
78 222
78 185
78 184
78 182
78 180
78 179
78 178
78 177
78 176
78 175
78 174
78 173
78 172
78 171
78 170
78 169
78 167
78 166
78 105
78 104
78 103
78 102
78 108
78 114
78 113
78 112
78 111
78 110
78 109
78 116
78 117
79 16
79 26
79 27
79 28
79 29
79 30
79 31
79 94
79 93
79 92
79 91
79 90
79 159
79 158
79 157
79 156
79 155
79 154
79 153
79 151
79 150
79 149
79 148
79 147
79 146
79 145
79 144
79 143
79 142
79 141
79 140
79 138
79 137
79 135
79 134
79 133
79 132
79 131
79 130
79 129
79 128
79 127
79 126
79 125
79 123
79 122
79 121
79 120
79 119
79 118
79 540
79 557
79 556
79 555
79 554
79 553
79 552
79 214
79 213
79 212
79 207
79 206
79 205
79 204
79 202
79 185
79 184
79 182
79 180
79 179
79 178
79 177
79 176
79 175
79 174
79 173
79 172
79 171
79 170
79 169
79 167
79 166
79 105
79 104
79 103
79 102
79 108
79 114
79 113
79 112
79 111
79 110
79 109
79 116
79 117
90 16
90 26
90 27
90 28
90 29
90 30
90 31
90 94
90 93
90 92
90 91
90 159
90 158
90 157
90 156
90 155
90 154
90 153
90 151
90 150
90 149
90 148
90 147
90 146
90 145
90 144
90 143
90 142
90 141
90 140
90 138
90 137
90 135
90 134
90 133
90 132
90 131
90 130
90 129
90 128
90 127
90 126
90 125
90 123
90 122
90 121
90 120
90 119
90 118
90 540
90 557
90 556
90 555
90 554
90 553
90 552
90 214
90 213
90 212
90 207
90 206
90 205
90 204
90 202
90 309
90 308
90 306
90 305
90 304
90 303
90 301
90 300
90 299
90 294
90 293
90 292
90 289
90 287
90 286
90 285
90 284
90 283
90 282
90 281
90 280
90 279
90 278
90 275
90 274
90 491
90 490
90 489
90 488
90 487
90 485
90 483
90 531
90 530
90 451
90 473
90 472
90 471
90 470
90 469
90 468
90 446
90 445
90 444
90 443
90 442
90 441
90 438
90 437
90 436
90 435
90 434
90 424
90 423
90 362
90 413
90 412
90 411
90 410
90 409
90 408
90 407
90 406
90 405
90 404
90 403
90 402
90 401
90 400
90 399
90 398
90 397
90 396
90 395
90 394
90 393
90 392
90 391
90 390
90 389
90 388
90 387
90 386
90 385
90 384
90 383
90 382
90 526
90 503
90 269
90 273
90 218
90 217
90 237
90 236
90 235
90 234
90 233
90 232
90 231
90 230
90 229
90 228
90 227
90 226
90 225
90 224
90 223
90 222
90 185
90 184
90 182
90 180
90 179
90 178
90 177
90 176
90 175
90 174
90 173
90 172
90 171
90 170
90 169
90 167
90 166
90 105
90 104
90 103
90 102
90 108
90 114
90 113
90 112
90 111
90 110
90 109
90 116
90 117
91 16
91 94
91 93
91 92
91 105
91 104
91 103
91 102
91 108
91 114
91 113
91 112
91 111
91 110
91 109
91 116
91 117
92 16
92 93
93 16
94 16
94 105
94 104
94 103
94 102
94 108
94 114
94 113
94 112
94 111
94 110
94 109
94 116
94 117
102 16
102 105
102 104
102 103
102 108
102 114
102 113
102 112
102 111
102 110
102 109
102 116
102 117
103 16
103 104
104 16
105 16
105 108
105 114
105 113
105 112
105 111
105 110
105 109
105 116
105 117
108 16
108 114
108 113
108 112
108 111
108 110
108 109
108 116
108 117
109 16
110 16
111 16
112 16
112 114
112 113
113 16
113 114
113 116
114 16
116 16
117 16
118 16
119 16
119 121
119 120
120 16
121 16
122 16
123 16
123 125
125 16
126 16
126 127
127 16
127 26
127 27
127 28
127 29
127 30
127 31
127 159
127 158
127 157
127 156
127 155
127 154
127 153
127 151
127 150
127 149
127 148
127 147
127 146
127 145
127 144
127 143
127 142
127 141
127 140
127 138
127 137
127 135
127 134
127 133
127 132
127 131
127 130
127 129
127 128
127 540
127 557
127 556
127 555
127 554
127 553
127 552
127 214
127 213
127 212
127 207
127 206
127 205
127 204
127 202
127 218
127 217
127 237
127 236
127 235
127 234
127 233
127 232
127 231
127 230
127 229
127 228
127 227
127 226
127 225
127 224
127 223
127 222
127 185
127 184
127 182
127 180
127 179
127 178
127 177
127 176
127 175
127 174
127 173
127 172
127 171
127 170
127 169
127 167
127 166
128 16
128 26
128 27
128 28
128 29
128 30
128 31
128 159
128 158
128 157
128 156
128 155
128 154
128 153
128 151
128 150
128 149
128 148
128 147
128 146
128 145
128 144
128 143
128 142
128 141
128 140
128 138
128 137
128 135
128 134
128 133
128 132
128 131
128 130
128 129
128 540
128 557
128 556
128 555
128 554
128 553
128 552
128 214
128 213
128 212
128 207
128 206
128 205
128 204
128 202
128 303
128 301
128 300
128 299
128 294
128 293
128 292
128 289
128 287
128 286
128 285
128 284
128 283
128 282
128 281
128 280
128 279
128 278
128 275
128 274
128 269
128 273
128 218
128 217
128 237
128 236
128 235
128 234
128 233
128 232
128 231
128 230
128 229
128 228
128 227
128 226
128 225
128 224
128 223
128 222
128 185
128 184
128 182
128 180
128 179
128 178
128 177
128 176
128 175
128 174
128 173
128 172
128 171
128 170
128 169
128 167
128 166
129 16
130 16
130 131
131 16
132 16
133 16
133 134
134 16
135 16
135 137
137 16
138 16
140 16
140 141
141 16
142 16
143 16
143 144
144 16
145 16
146 16
146 147
147 16
148 16
149 16
149 150
150 16
151 16
153 16
154 16
154 155
155 16
156 16
156 158
156 157
157 16
158 16
159 16
166 16
166 167
167 16
167 178
167 177
167 176
167 175
167 174
167 173
167 172
167 171
167 170
167 169
169 16
169 170
170 16
170 175
170 174
170 173
170 172
170 171
171 16
171 172
172 16
172 184
172 182
172 180
172 179
172 178
172 177
172 176
172 175
172 174
172 173
173 16
173 185
173 184
173 182
173 180
173 179
173 178
173 177
173 176
173 175
173 174
174 16
175 16
176 16
177 16
177 185
177 184
177 182
177 180
177 179
177 178
178 16
179 16
180 16
180 182
182 16
184 16
185 16
202 16
202 204
204 16
205 16
205 206
206 16
207 16
212 16
212 213
213 16
214 16
217 16
217 218
217 237
217 236
217 235
217 234
217 233
217 232
217 231
217 230
217 229
217 228
217 227
217 226
217 225
217 224
217 223
217 222
218 16
218 237
218 236
218 235
218 234
218 233
218 232
218 231
218 230
218 229
218 228
218 227
218 226
218 225
218 224
218 223
218 222
222 16
222 229
222 228
222 227
222 226
222 225
222 224
222 223
223 16
223 224
224 16
225 16
226 16
226 227
227 16
228 16
228 231
228 230
228 229
229 16
230 16
231 16
232 16
232 235
232 234
232 233
233 16
234 16
235 16
236 16
237 16
269 16
273 16
274 16
274 279
274 278
274 275
275 16
275 278
278 16
279 16
280 16
281 16
282 16
282 283
283 16
284 16
285 16
286 16
287 16
287 289
289 16
292 16
292 293
293 16
294 16
299 16
300 16
300 301
301 16
303 16
304 16
304 305
305 16
306 16
306 308
308 16
309 16
321 16
321 21
321 22
321 23
321 24
321 25
321 324
321 323
321 322
322 16
322 20
322 21
322 22
322 23
322 24
322 25
322 324
322 323
323 16
323 19
323 20
323 21
323 22
323 23
323 24
323 25
323 324
324 16
324 18
324 19
324 20
324 21
324 22
324 23
324 24
324 25
362 16
362 413
362 412
362 411
362 410
362 409
362 408
362 407
362 406
362 405
362 404
362 403
362 402
362 401
362 400
362 399
362 398
362 397
362 396
362 395
362 394
362 393
362 392
362 391
362 390
362 389
362 388
362 387
362 386
362 385
362 384
362 383
362 382
382 16
382 408
382 407
382 406
382 405
382 404
382 403
382 402
382 401
382 400
382 399
382 398
382 397
382 396
382 395
382 394
382 393
382 392
382 391
382 390
382 389
382 388
382 387
382 386
382 385
382 384
382 383
383 16
383 390
383 389
383 388
383 387
383 386
383 385
383 384
384 16
384 385
385 16
386 16
386 389
386 388
386 387
387 16
387 396
387 395
387 394
387 393
387 392
387 391
387 390
387 389
387 388
388 16
389 16
390 16
391 16
392 16
392 398
392 397
392 396
392 395
392 394
392 393
393 16
393 394
394 16
395 16
395 397
395 396
396 16
397 16
398 16
399 16
400 16
400 412
400 411
400 410
400 409
400 408
400 407
400 406
400 405
400 404
400 403
400 402
400 401
401 16
401 405
401 404
401 403
401 402
402 16
402 403
403 16
404 16
405 16
406 16
406 407
407 16
408 16
408 411
408 410
408 409
409 16
409 410
410 16
411 16
412 16
413 16
423 16
423 444
423 443
423 442
423 441
423 438
423 437
423 436
423 435
423 434
423 424
424 16
424 437
424 436
424 435
424 434
434 16
434 435
435 16
436 16
437 16
438 16
441 16
441 445
441 444
441 443
441 442
442 16
442 443
443 16
444 16
445 16
446 16
451 16
451 473
451 472
451 471
451 470
451 469
451 468
468 16
468 472
468 471
468 470
468 469
469 16
469 470
470 16
471 16
472 16
473 16
483 16
483 485
485 16
487 16
487 488
488 16
489 16
489 490
490 16
491 16
503 16
526 16
530 16
531 16
540 16
540 557
540 556
540 555
540 554
540 553
540 552
552 16
552 553
553 16
554 16
555 16
555 556
556 16
557 16
96 16
96 17
96 18
96 19
96 20
96 21
96 22
96 23
96 24
96 25
96 26
96 27
96 28
96 29
96 30
96 31
96 80
96 89
96 95
95 16
95 17
95 18
95 19
95 20
95 21
95 22
95 23
95 24
95 25
95 26
95 27
95 28
95 29
95 30
95 31
95 47
95 80
95 89
89 16
89 17
89 18
89 19
89 20
89 21
89 22
89 23
89 24
89 25
89 26
89 27
89 28
89 29
89 30
89 31
89 32
89 33
89 35
89 36
89 38
89 39
89 40
89 44
89 45
89 46
89 47
89 48
89 49
89 50
89 51
89 52
89 53
89 54
89 55
89 56
89 57
89 58
89 59
89 60
89 61
89 80
89 160
89 152
89 139
89 136
89 124
89 201
89 534
89 538
89 537
89 536
89 535
89 550
89 549
89 548
89 547
89 546
89 545
89 544
89 543
89 542
89 541
89 558
89 551
89 539
89 216
89 215
89 211
89 210
89 209
89 208
89 203
89 240
89 239
89 313
89 312
89 311
89 310
89 307
89 302
89 298
89 297
89 296
89 295
89 291
89 290
89 288
89 277
89 276
89 492
89 486
89 484
89 482
89 481
89 480
89 479
89 478
89 477
89 476
89 475
89 506
89 533
89 532
89 315
89 314
89 416
89 415
89 448
89 454
89 453
89 452
89 450
89 449
89 467
89 466
89 465
89 464
89 463
89 462
89 461
89 460
89 459
89 458
89 457
89 456
89 474
89 455
89 447
89 440
89 439
89 433
89 432
89 431
89 430
89 429
89 428
89 427
89 426
89 425
89 422
89 421
89 420
89 419
89 418
89 417
89 316
89 349
89 348
89 347
89 355
89 354
89 353
89 352
89 351
89 350
89 380
89 379
89 378
89 377
89 376
89 375
89 374
89 373
89 372
89 371
89 370
89 369
89 368
89 367
89 366
89 365
89 364
89 363
89 414
89 381
89 361
89 360
89 359
89 358
89 357
89 356
89 508
89 507
89 529
89 528
89 525
89 524
89 523
89 522
89 521
89 520
89 519
89 518
89 517
89 516
89 515
89 514
89 513
89 512
89 511
89 510
89 509
89 527
89 502
89 501
89 500
89 499
89 498
89 497
89 496
89 495
89 494
89 493
89 504
89 505
89 242
89 241
89 247
89 246
89 245
89 244
89 243
89 254
89 253
89 252
89 251
89 250
89 249
89 248
89 268
89 267
89 266
89 265
89 264
89 263
89 262
89 261
89 271
89 270
89 272
89 260
89 259
89 258
89 257
89 256
89 255
89 220
89 219
89 238
89 221
89 161
89 186
89 183
89 181
89 168
89 165
89 164
89 163
89 162
89 199
89 198
89 197
89 196
89 195
89 194
89 193
89 192
89 191
89 190
89 189
89 188
89 200
89 187
89 100
89 99
89 98
89 97
89 106
89 101
89 115
89 107
88 16
88 17
88 18
88 19
88 20
88 21
88 22
88 23
88 24
88 25
88 26
88 27
88 28
88 29
88 30
88 31
88 80
87 16
87 17
87 18
87 19
87 20
87 21
87 22
87 23
87 24
87 25
87 26
87 27
87 28
87 29
87 30
87 31
87 80
86 16
86 17
86 18
86 19
86 20
86 21
86 22
86 23
86 24
86 25
86 26
86 27
86 28
86 29
86 30
86 31
86 80
86 85
85 16
85 17
85 18
85 19
85 20
85 21
85 22
85 23
85 24
85 25
85 26
85 27
85 28
85 29
85 30
85 31
85 80
84 16
84 17
84 18
84 19
84 20
84 21
84 22
84 23
84 24
84 25
84 26
84 27
84 28
84 29
84 30
84 31
84 80
83 16
83 17
83 18
83 19
83 20
83 21
83 22
83 23
83 24
83 25
83 26
83 27
83 28
83 29
83 30
83 31
83 80
82 16
82 17
82 18
82 19
82 20
82 21
82 22
82 23
82 24
82 25
82 26
82 27
82 28
82 29
82 30
82 31
82 80
82 81
81 16
81 17
81 18
81 19
81 20
81 21
81 22
81 23
81 24
81 25
81 26
81 27
81 28
81 29
81 30
81 31
81 80
80 16
80 17
80 18
80 19
80 20
80 21
80 22
80 23
80 24
80 25
80 26
80 27
80 28
80 29
80 30
80 31
80 32
80 33
80 35
80 36
80 38
80 39
80 40
80 44
80 45
80 46
80 47
80 48
80 49
80 50
80 51
80 52
80 53
80 54
80 55
80 56
80 57
80 58
80 59
80 60
80 61
80 160
80 152
80 139
80 136
80 124
80 201
80 534
80 538
80 537
80 536
80 535
80 550
80 549
80 548
80 547
80 546
80 545
80 544
80 543
80 542
80 541
80 558
80 551
80 539
80 216
80 215
80 211
80 210
80 209
80 208
80 203
80 240
80 239
80 313
80 312
80 311
80 310
80 307
80 302
80 298
80 297
80 296
80 295
80 291
80 290
80 288
80 277
80 276
80 492
80 486
80 484
80 482
80 481
80 480
80 479
80 478
80 477
80 476
80 475
80 506
80 533
80 532
80 315
80 314
80 416
80 415
80 448
80 454
80 453
80 452
80 450
80 449
80 467
80 466
80 465
80 464
80 463
80 462
80 461
80 460
80 459
80 458
80 457
80 456
80 474
80 455
80 447
80 440
80 439
80 433
80 432
80 431
80 430
80 429
80 428
80 427
80 426
80 425
80 422
80 421
80 420
80 419
80 418
80 417
80 316
80 349
80 348
80 347
80 355
80 354
80 353
80 352
80 351
80 350
80 380
80 379
80 378
80 377
80 376
80 375
80 374
80 373
80 372
80 371
80 370
80 369
80 368
80 367
80 366
80 365
80 364
80 363
80 414
80 381
80 361
80 360
80 359
80 358
80 357
80 356
80 317
80 508
80 507
80 529
80 528
80 525
80 524
80 523
80 522
80 521
80 520
80 519
80 518
80 517
80 516
80 515
80 514
80 513
80 512
80 511
80 510
80 509
80 527
80 502
80 501
80 500
80 499
80 498
80 497
80 496
80 495
80 494
80 493
80 504
80 505
80 242
80 241
80 247
80 246
80 245
80 244
80 243
80 254
80 253
80 252
80 251
80 250
80 249
80 248
80 268
80 267
80 266
80 265
80 264
80 263
80 262
80 261
80 271
80 270
80 272
80 260
80 259
80 258
80 257
80 256
80 255
80 220
80 219
80 238
80 221
80 161
80 186
80 183
80 181
80 168
80 165
80 164
80 163
80 162
80 199
80 198
80 197
80 196
80 195
80 194
80 193
80 192
80 191
80 190
80 189
80 188
80 200
80 187
80 100
80 99
80 98
80 97
80 106
80 101
80 115
80 107
69 16
69 17
69 18
69 19
69 20
69 21
69 22
69 23
69 24
69 25
69 26
69 27
69 28
69 29
69 30
69 31
68 16
68 17
68 18
68 19
68 20
68 21
68 22
68 23
68 24
68 25
68 26
68 27
68 28
68 29
68 30
68 31
67 16
67 17
67 18
67 19
67 20
67 21
67 22
67 23
67 24
67 25
67 26
67 27
67 28
67 29
67 30
67 31
66 16
66 17
66 18
66 19
66 20
66 21
66 22
66 23
66 24
66 25
66 26
66 27
66 28
66 29
66 30
66 31
65 16
65 17
65 18
65 19
65 20
65 21
65 22
65 23
65 24
65 25
65 26
65 27
65 28
65 29
65 30
65 31
64 16
64 17
64 18
64 19
64 20
64 21
64 22
64 23
64 24
64 25
64 26
64 27
64 28
64 29
64 30
64 31
63 16
63 17
63 18
63 19
63 20
63 21
63 22
63 23
63 24
63 25
63 26
63 27
63 28
63 29
63 30
63 31
62 16
62 17
62 18
62 19
62 20
62 21
62 22
62 23
62 24
62 25
62 26
62 27
62 28
62 29
62 30
62 31
47 16
47 17
47 18
47 19
47 20
47 21
47 22
47 23
47 24
47 25
47 26
47 27
47 28
47 29
47 30
47 31
47 32
47 33
47 35
47 36
47 38
47 39
47 40
47 44
47 45
47 46
47 160
47 152
47 139
47 136
47 124
47 201
47 51
47 534
47 538
47 537
47 536
47 535
47 550
47 549
47 548
47 52
47 547
47 546
47 545
47 544
47 543
47 542
47 541
47 558
47 551
47 539
47 216
47 215
47 211
47 210
47 209
47 208
47 203
47 240
47 239
47 55
47 313
47 312
47 311
47 310
47 307
47 302
47 298
47 297
47 296
47 295
47 291
47 290
47 288
47 277
47 276
47 492
47 486
47 484
47 482
47 481
47 480
47 479
47 478
47 477
47 476
47 475
47 506
47 533
47 532
47 315
47 314
47 416
47 415
47 58
47 59
47 448
47 454
47 453
47 452
47 450
47 449
47 60
47 467
47 466
47 465
47 464
47 463
47 462
47 461
47 460
47 459
47 458
47 457
47 456
47 474
47 455
47 447
47 440
47 439
47 433
47 432
47 431
47 430
47 429
47 428
47 427
47 426
47 425
47 422
47 421
47 420
47 419
47 418
47 417
47 316
47 349
47 348
47 347
47 355
47 354
47 353
47 352
47 351
47 350
47 61
47 380
47 379
47 378
47 377
47 376
47 375
47 374
47 373
47 372
47 371
47 370
47 369
47 368
47 367
47 366
47 365
47 364
47 363
47 414
47 381
47 361
47 360
47 359
47 358
47 357
47 356
47 508
47 507
47 529
47 528
47 525
47 524
47 523
47 57
47 522
47 521
47 520
47 519
47 518
47 517
47 516
47 515
47 514
47 513
47 512
47 511
47 510
47 509
47 527
47 56
47 502
47 501
47 500
47 499
47 498
47 497
47 496
47 495
47 494
47 493
47 504
47 505
47 242
47 241
47 247
47 246
47 245
47 244
47 243
47 254
47 253
47 252
47 251
47 250
47 249
47 248
47 268
47 54
47 267
47 266
47 265
47 264
47 263
47 262
47 261
47 271
47 270
47 272
47 260
47 259
47 258
47 257
47 256
47 255
47 220
47 53
47 219
47 238
47 221
47 48
47 49
47 161
47 186
47 183
47 181
47 168
47 165
47 164
47 163
47 162
47 50
47 199
47 198
47 197
47 196
47 195
47 194
47 193
47 192
47 191
47 190
47 189
47 188
47 200
47 187
47 100
47 99
47 98
47 97
47 106
47 101
47 115
47 107
160 16
160 17
160 18
160 19
160 20
160 21
160 22
160 23
160 24
160 25
160 26
160 27
160 28
160 29
160 30
160 31
160 35
160 139
35 16
35 17
35 18
35 19
35 20
35 21
35 22
35 23
35 24
35 25
35 26
35 27
35 28
35 29
35 30
35 31
35 139
35 201
152 16
152 17
152 18
152 19
152 20
152 21
152 22
152 23
152 24
152 25
152 26
152 27
152 28
152 29
152 30
152 31
152 139
139 16
139 17
139 18
139 19
139 20
139 21
139 22
139 23
139 24
139 25
139 26
139 27
139 28
139 29
139 30
139 31
139 36
139 38
139 39
139 40
139 44
139 48
139 49
139 50
139 51
139 52
139 53
139 54
139 55
139 56
139 57
139 58
139 59
139 60
139 61
139 201
139 534
139 538
139 537
139 536
139 535
139 550
139 549
139 548
139 547
139 546
139 545
139 544
139 543
139 542
139 541
139 558
139 551
139 539
139 216
139 215
139 211
139 210
139 209
139 208
139 203
139 240
139 239
139 313
139 312
139 311
139 310
139 307
139 302
139 298
139 297
139 296
139 295
139 291
139 290
139 288
139 277
139 276
139 492
139 486
139 484
139 482
139 481
139 480
139 479
139 478
139 477
139 476
139 475
139 506
139 533
139 532
139 315
139 314
139 416
139 415
139 448
139 454
139 453
139 452
139 450
139 449
139 467
139 466
139 465
139 464
139 463
139 462
139 461
139 460
139 459
139 458
139 457
139 456
139 474
139 455
139 447
139 440
139 439
139 433
139 432
139 431
139 430
139 429
139 428
139 427
139 426
139 425
139 422
139 421
139 420
139 419
139 418
139 417
139 316
139 349
139 348
139 347
139 355
139 354
139 353
139 352
139 351
139 350
139 380
139 379
139 378
139 377
139 376
139 375
139 374
139 373
139 372
139 371
139 370
139 369
139 368
139 367
139 366
139 365
139 364
139 363
139 414
139 381
139 361
139 360
139 359
139 358
139 357
139 356
139 508
139 507
139 529
139 528
139 525
139 524
139 523
139 522
139 521
139 520
139 519
139 518
139 517
139 516
139 515
139 514
139 513
139 512
139 511
139 510
139 509
139 527
139 502
139 501
139 500
139 499
139 498
139 497
139 496
139 495
139 494
139 493
139 504
139 505
139 242
139 241
139 247
139 246
139 245
139 244
139 243
139 254
139 253
139 252
139 251
139 250
139 249
139 248
139 268
139 267
139 266
139 265
139 264
139 263
139 262
139 261
139 271
139 270
139 272
139 260
139 259
139 258
139 257
139 256
139 255
139 220
139 219
139 238
139 221
139 161
139 186
139 183
139 181
139 168
139 165
139 164
139 163
139 162
139 199
139 198
139 197
139 196
139 195
139 194
139 193
139 192
139 191
139 190
139 189
139 188
139 200
139 187
136 16
136 17
136 18
136 19
136 20
136 21
136 22
136 23
136 24
136 25
136 26
136 27
136 28
136 29
136 30
136 31
124 16
124 17
124 18
124 19
124 20
124 21
124 22
124 23
124 24
124 25
124 26
124 27
124 28
124 29
124 30
124 31
201 16
201 17
201 18
201 19
201 20
201 21
201 22
201 23
201 24
201 25
201 26
201 27
201 28
201 29
201 30
201 31
44 16
44 17
44 18
44 19
44 20
44 21
44 22
44 23
44 24
44 25
44 26
44 27
44 28
44 29
44 30
44 31
44 534
44 51
44 538
44 537
44 536
44 535
44 550
44 549
44 548
44 52
44 547
44 546
44 545
44 544
44 543
44 542
44 541
44 558
44 551
44 539
51 16
51 17
51 18
51 19
51 20
51 21
51 22
51 23
51 24
51 25
51 26
51 27
51 28
51 29
51 30
51 31
51 534
51 538
51 537
51 536
51 535
51 550
51 549
51 548
51 52
51 547
51 546
51 545
51 544
51 543
51 542
51 541
51 558
51 551
51 539
534 16
534 17
534 18
534 19
534 20
534 21
534 22
534 23
534 24
534 25
534 26
534 27
534 28
534 29
534 30
534 31
534 52
534 538
534 537
534 536
534 535
534 550
534 549
534 548
534 547
534 546
534 545
534 544
534 543
534 542
534 541
534 558
534 551
534 539
538 16
538 17
538 18
538 19
538 20
538 21
538 22
538 23
538 24
538 25
538 26
538 27
538 28
538 29
538 30
538 31
538 536
538 537
537 16
537 17
537 18
537 19
537 20
537 21
537 22
537 23
537 24
537 25
537 26
537 27
537 28
537 29
537 30
537 31
537 536
537 543
537 542
537 541
536 16
536 17
536 18
536 19
536 20
536 21
536 22
536 23
536 24
536 25
536 26
536 27
536 28
536 29
536 30
536 31
536 52
536 535
536 550
536 549
536 548
536 547
536 546
536 545
536 544
536 543
536 542
536 541
536 558
536 551
535 16
535 17
535 18
535 19
535 20
535 21
535 22
535 23
535 24
535 25
535 26
535 27
535 28
535 29
535 30
535 31
550 16
550 17
550 18
550 19
550 20
550 21
550 22
550 23
550 24
550 25
550 26
550 27
550 28
550 29
550 30
550 31
550 52
550 546
550 548
550 558
550 551
549 16
549 17
549 18
549 19
549 20
549 21
549 22
549 23
549 24
549 25
549 26
549 27
549 28
549 29
549 30
549 31
549 52
549 546
549 548
548 16
548 17
548 18
548 19
548 20
548 21
548 22
548 23
548 24
548 25
548 26
548 27
548 28
548 29
548 30
548 31
548 52
548 546
548 558
548 551
52 16
52 17
52 18
52 19
52 20
52 21
52 22
52 23
52 24
52 25
52 26
52 27
52 28
52 29
52 30
52 31
52 547
52 546
52 558
52 551
547 16
547 17
547 18
547 19
547 20
547 21
547 22
547 23
547 24
547 25
547 26
547 27
547 28
547 29
547 30
547 31
547 546
546 16
546 17
546 18
546 19
546 20
546 21
546 22
546 23
546 24
546 25
546 26
546 27
546 28
546 29
546 30
546 31
546 558
546 551
545 16
545 17
545 18
545 19
545 20
545 21
545 22
545 23
545 24
545 25
545 26
545 27
545 28
545 29
545 30
545 31
544 16
544 17
544 18
544 19
544 20
544 21
544 22
544 23
544 24
544 25
544 26
544 27
544 28
544 29
544 30
544 31
544 543
543 16
543 17
543 18
543 19
543 20
543 21
543 22
543 23
543 24
543 25
543 26
543 27
543 28
543 29
543 30
543 31
542 16
542 17
542 18
542 19
542 20
542 21
542 22
542 23
542 24
542 25
542 26
542 27
542 28
542 29
542 30
542 31
542 541
541 16
541 17
541 18
541 19
541 20
541 21
541 22
541 23
541 24
541 25
541 26
541 27
541 28
541 29
541 30
541 31
558 16
558 17
558 18
558 19
558 20
558 21
558 22
558 23
558 24
558 25
558 26
558 27
558 28
558 29
558 30
558 31
551 16
551 17
551 18
551 19
551 20
551 21
551 22
551 23
551 24
551 25
551 26
551 27
551 28
551 29
551 30
551 31
539 16
539 17
539 18
539 19
539 20
539 21
539 22
539 23
539 24
539 25
539 26
539 27
539 28
539 29
539 30
539 31
216 16
216 17
216 18
216 19
216 20
216 21
216 22
216 23
216 24
216 25
216 26
216 27
216 28
216 29
216 30
216 31
216 215
215 16
215 17
215 18
215 19
215 20
215 21
215 22
215 23
215 24
215 25
215 26
215 27
215 28
215 29
215 30
215 31
211 16
211 17
211 18
211 19
211 20
211 21
211 22
211 23
211 24
211 25
211 26
211 27
211 28
211 29
211 30
211 31
210 16
210 17
210 18
210 19
210 20
210 21
210 22
210 23
210 24
210 25
210 26
210 27
210 28
210 29
210 30
210 31
209 16
209 17
209 18
209 19
209 20
209 21
209 22
209 23
209 24
209 25
209 26
209 27
209 28
209 29
209 30
209 31
208 16
208 17
208 18
208 19
208 20
208 21
208 22
208 23
208 24
208 25
208 26
208 27
208 28
208 29
208 30
208 31
203 16
203 17
203 18
203 19
203 20
203 21
203 22
203 23
203 24
203 25
203 26
203 27
203 28
203 29
203 30
203 31
240 16
240 17
240 18
240 19
240 20
240 21
240 22
240 23
240 24
240 25
240 26
240 27
240 28
240 29
240 30
240 31
239 16
239 17
239 18
239 19
239 20
239 21
239 22
239 23
239 24
239 25
239 26
239 27
239 28
239 29
239 30
239 31
55 16
55 17
55 18
55 19
55 20
55 21
55 22
55 23
55 24
55 25
55 26
55 27
55 28
55 29
55 30
55 31
55 38
55 39
55 40
55 54
55 313
55 312
55 311
55 310
55 307
55 302
55 298
55 297
55 296
55 295
55 291
55 290
55 288
55 277
55 276
55 492
55 486
55 484
55 482
55 481
55 480
55 479
55 478
55 477
55 476
55 475
55 506
55 533
55 532
55 508
55 507
55 529
55 528
55 525
55 524
55 523
55 57
55 522
55 521
55 520
55 519
55 518
55 517
55 516
55 515
55 514
55 513
55 512
55 511
55 510
55 509
55 527
55 56
55 502
55 501
55 500
55 499
55 498
55 497
55 496
55 495
55 494
55 493
55 504
55 505
55 247
55 246
55 245
55 244
55 243
55 241
55 254
55 253
55 252
55 251
55 250
55 249
55 248
55 268
55 267
55 266
55 265
55 264
55 263
55 262
55 261
55 271
55 270
55 272
55 260
55 259
55 258
55 257
55 256
55 255
313 16
313 17
313 18
313 19
313 20
313 21
313 22
313 23
313 24
313 25
313 26
313 27
313 28
313 29
313 30
313 31
312 16
312 17
312 18
312 19
312 20
312 21
312 22
312 23
312 24
312 25
312 26
312 27
312 28
312 29
312 30
312 31
311 16
311 17
311 18
311 19
311 20
311 21
311 22
311 23
311 24
311 25
311 26
311 27
311 28
311 29
311 30
311 31
310 16
310 17
310 18
310 19
310 20
310 21
310 22
310 23
310 24
310 25
310 26
310 27
310 28
310 29
310 30
310 31
307 16
307 17
307 18
307 19
307 20
307 21
307 22
307 23
307 24
307 25
307 26
307 27
307 28
307 29
307 30
307 31
302 16
302 17
302 18
302 19
302 20
302 21
302 22
302 23
302 24
302 25
302 26
302 27
302 28
302 29
302 30
302 31
298 16
298 17
298 18
298 19
298 20
298 21
298 22
298 23
298 24
298 25
298 26
298 27
298 28
298 29
298 30
298 31
297 16
297 17
297 18
297 19
297 20
297 21
297 22
297 23
297 24
297 25
297 26
297 27
297 28
297 29
297 30
297 31
296 16
296 17
296 18
296 19
296 20
296 21
296 22
296 23
296 24
296 25
296 26
296 27
296 28
296 29
296 30
296 31
296 295
295 16
295 17
295 18
295 19
295 20
295 21
295 22
295 23
295 24
295 25
295 26
295 27
295 28
295 29
295 30
295 31
291 16
291 17
291 18
291 19
291 20
291 21
291 22
291 23
291 24
291 25
291 26
291 27
291 28
291 29
291 30
291 31
291 290
290 16
290 17
290 18
290 19
290 20
290 21
290 22
290 23
290 24
290 25
290 26
290 27
290 28
290 29
290 30
290 31
288 16
288 17
288 18
288 19
288 20
288 21
288 22
288 23
288 24
288 25
288 26
288 27
288 28
288 29
288 30
288 31
277 16
277 17
277 18
277 19
277 20
277 21
277 22
277 23
277 24
277 25
277 26
277 27
277 28
277 29
277 30
277 31
276 16
276 17
276 18
276 19
276 20
276 21
276 22
276 23
276 24
276 25
276 26
276 27
276 28
276 29
276 30
276 31
492 16
492 17
492 18
492 19
492 20
492 21
492 22
492 23
492 24
492 25
492 26
492 27
492 28
492 29
492 30
492 31
492 40
492 476
492 480
492 481
40 16
40 17
40 18
40 19
40 20
40 21
40 22
40 23
40 24
40 25
40 26
40 27
40 28
40 29
40 30
40 31
40 38
40 486
40 481
40 480
40 476
40 506
40 495
40 494
40 493
486 16
486 17
486 18
486 19
486 20
486 21
486 22
486 23
486 24
486 25
486 26
486 27
486 28
486 29
486 30
486 31
486 476
486 480
486 481
484 16
484 17
484 18
484 19
484 20
484 21
484 22
484 23
484 24
484 25
484 26
484 27
484 28
484 29
484 30
484 31
484 476
484 480
484 481
482 16
482 17
482 18
482 19
482 20
482 21
482 22
482 23
482 24
482 25
482 26
482 27
482 28
482 29
482 30
482 31
482 476
482 480
482 481
481 16
481 17
481 18
481 19
481 20
481 21
481 22
481 23
481 24
481 25
481 26
481 27
481 28
481 29
481 30
481 31
481 38
481 56
481 476
481 480
481 502
481 501
481 500
481 499
481 498
481 497
481 496
481 495
481 494
481 493
481 504
480 16
480 17
480 18
480 19
480 20
480 21
480 22
480 23
480 24
480 25
480 26
480 27
480 28
480 29
480 30
480 31
480 38
480 39
480 56
480 476
480 478
480 506
480 508
480 507
480 513
480 512
480 511
480 510
480 509
480 502
480 501
480 500
480 499
480 498
480 497
480 496
480 495
480 494
480 493
480 504
480 505
479 16
479 17
479 18
479 19
479 20
479 21
479 22
479 23
479 24
479 25
479 26
479 27
479 28
479 29
479 30
479 31
479 476
479 477
479 478
478 16
478 17
478 18
478 19
478 20
478 21
478 22
478 23
478 24
478 25
478 26
478 27
478 28
478 29
478 30
478 31
478 476
478 477
477 16
477 17
477 18
477 19
477 20
477 21
477 22
477 23
477 24
477 25
477 26
477 27
477 28
477 29
477 30
477 31
477 476
476 16
476 17
476 18
476 19
476 20
476 21
476 22
476 23
476 24
476 25
476 26
476 27
476 28
476 29
476 30
476 31
476 38
476 39
476 56
476 506
476 508
476 507
476 520
476 519
476 518
476 517
476 516
476 515
476 514
476 513
476 512
476 511
476 510
476 509
476 502
476 501
476 500
476 499
476 498
476 497
476 496
476 495
476 494
476 493
476 504
476 505
475 16
475 17
475 18
475 19
475 20
475 21
475 22
475 23
475 24
475 25
475 26
475 27
475 28
475 29
475 30
475 31
38 16
38 17
38 18
38 19
38 20
38 21
38 22
38 23
38 24
38 25
38 26
38 27
38 28
38 29
38 30
38 31
38 506
38 39
38 533
38 532
38 508
38 507
38 529
38 528
38 525
38 524
38 523
38 57
38 522
38 521
38 520
38 519
38 518
38 517
38 516
38 515
38 514
38 513
38 512
38 511
38 510
38 509
38 527
38 56
38 502
38 501
38 500
38 499
38 498
38 497
38 496
38 495
38 494
38 493
38 504
38 505
506 16
506 17
506 18
506 19
506 20
506 21
506 22
506 23
506 24
506 25
506 26
506 27
506 28
506 29
506 30
506 31
39 16
39 17
39 18
39 19
39 20
39 21
39 22
39 23
39 24
39 25
39 26
39 27
39 28
39 29
39 30
39 31
39 525
39 524
39 523
39 57
39 522
39 521
39 520
39 519
39 518
39 517
39 516
39 515
39 514
39 513
39 512
39 511
39 510
39 507
39 527
533 16
533 17
533 18
533 19
533 20
533 21
533 22
533 23
533 24
533 25
533 26
533 27
533 28
533 29
533 30
533 31
532 16
532 17
532 18
532 19
532 20
532 21
532 22
532 23
532 24
532 25
532 26
532 27
532 28
532 29
532 30
532 31
315 16
315 17
315 18
315 19
315 20
315 21
315 22
315 23
315 24
315 25
315 26
315 27
315 28
315 29
315 30
315 31
314 16
314 17
314 18
314 19
314 20
314 21
314 22
314 23
314 24
314 25
314 26
314 27
314 28
314 29
314 30
314 31
416 16
416 17
416 18
416 19
416 20
416 21
416 22
416 23
416 24
416 25
416 26
416 27
416 28
416 29
416 30
416 31
416 415
415 16
415 17
415 18
415 19
415 20
415 21
415 22
415 23
415 24
415 25
415 26
415 27
415 28
415 29
415 30
415 31
58 16
58 17
58 18
58 19
58 20
58 21
58 22
58 23
58 24
58 25
58 26
58 27
58 28
58 29
58 30
58 31
58 448
58 59
58 454
58 453
58 452
58 450
58 449
58 60
58 467
58 466
58 465
58 464
58 463
58 462
58 461
58 460
58 459
58 458
58 457
58 456
58 474
58 455
59 16
59 17
59 18
59 19
59 20
59 21
59 22
59 23
59 24
59 25
59 26
59 27
59 28
59 29
59 30
59 31
59 448
59 454
59 453
59 452
59 450
59 449
59 60
59 467
59 466
59 465
59 464
59 463
59 462
59 461
59 460
59 459
59 458
59 457
59 456
59 474
59 455
448 16
448 17
448 18
448 19
448 20
448 21
448 22
448 23
448 24
448 25
448 26
448 27
448 28
448 29
448 30
448 31
448 60
448 454
448 453
448 452
448 450
448 449
448 467
448 466
448 465
448 464
448 463
448 462
448 461
448 460
448 459
448 458
448 457
448 456
448 474
448 455
454 16
454 17
454 18
454 19
454 20
454 21
454 22
454 23
454 24
454 25
454 26
454 27
454 28
454 29
454 30
454 31
454 450
454 453
453 16
453 17
453 18
453 19
453 20
453 21
453 22
453 23
453 24
453 25
453 26
453 27
453 28
453 29
453 30
453 31
453 450
453 458
453 457
453 456
452 16
452 17
452 18
452 19
452 20
452 21
452 22
452 23
452 24
452 25
452 26
452 27
452 28
452 29
452 30
452 31
452 450
450 16
450 17
450 18
450 19
450 20
450 21
450 22
450 23
450 24
450 25
450 26
450 27
450 28
450 29
450 30
450 31
450 449
450 466
450 465
450 464
450 463
450 462
450 461
450 460
450 459
450 458
450 457
450 456
449 16
449 17
449 18
449 19
449 20
449 21
449 22
449 23
449 24
449 25
449 26
449 27
449 28
449 29
449 30
449 31
60 16
60 17
60 18
60 19
60 20
60 21
60 22
60 23
60 24
60 25
60 26
60 27
60 28
60 29
60 30
60 31
60 467
60 465
60 463
60 461
60 474
467 16
467 17
467 18
467 19
467 20
467 21
467 22
467 23
467 24
467 25
467 26
467 27
467 28
467 29
467 30
467 31
467 461
467 463
467 465
467 474
466 16
466 17
466 18
466 19
466 20
466 21
466 22
466 23
466 24
466 25
466 26
466 27
466 28
466 29
466 30
466 31
466 461
466 463
466 465
465 16
465 17
465 18
465 19
465 20
465 21
465 22
465 23
465 24
465 25
465 26
465 27
465 28
465 29
465 30
465 31
465 461
465 463
465 474
464 16
464 17
464 18
464 19
464 20
464 21
464 22
464 23
464 24
464 25
464 26
464 27
464 28
464 29
464 30
464 31
464 461
464 463
463 16
463 17
463 18
463 19
463 20
463 21
463 22
463 23
463 24
463 25
463 26
463 27
463 28
463 29
463 30
463 31
463 461
463 474
462 16
462 17
462 18
462 19
462 20
462 21
462 22
462 23
462 24
462 25
462 26
462 27
462 28
462 29
462 30
462 31
462 461
461 16
461 17
461 18
461 19
461 20
461 21
461 22
461 23
461 24
461 25
461 26
461 27
461 28
461 29
461 30
461 31
461 474
460 16
460 17
460 18
460 19
460 20
460 21
460 22
460 23
460 24
460 25
460 26
460 27
460 28
460 29
460 30
460 31
459 16
459 17
459 18
459 19
459 20
459 21
459 22
459 23
459 24
459 25
459 26
459 27
459 28
459 29
459 30
459 31
459 458
458 16
458 17
458 18
458 19
458 20
458 21
458 22
458 23
458 24
458 25
458 26
458 27
458 28
458 29
458 30
458 31
457 16
457 17
457 18
457 19
457 20
457 21
457 22
457 23
457 24
457 25
457 26
457 27
457 28
457 29
457 30
457 31
457 456
456 16
456 17
456 18
456 19
456 20
456 21
456 22
456 23
456 24
456 25
456 26
456 27
456 28
456 29
456 30
456 31
474 16
474 17
474 18
474 19
474 20
474 21
474 22
474 23
474 24
474 25
474 26
474 27
474 28
474 29
474 30
474 31
455 16
455 17
455 18
455 19
455 20
455 21
455 22
455 23
455 24
455 25
455 26
455 27
455 28
455 29
455 30
455 31
447 16
447 17
447 18
447 19
447 20
447 21
447 22
447 23
447 24
447 25
447 26
447 27
447 28
447 29
447 30
447 31
440 16
440 17
440 18
440 19
440 20
440 21
440 22
440 23
440 24
440 25
440 26
440 27
440 28
440 29
440 30
440 31
440 432
439 16
439 17
439 18
439 19
439 20
439 21
439 22
439 23
439 24
439 25
439 26
439 27
439 28
439 29
439 30
439 31
439 432
433 16
433 17
433 18
433 19
433 20
433 21
433 22
433 23
433 24
433 25
433 26
433 27
433 28
433 29
433 30
433 31
433 432
432 16
432 17
432 18
432 19
432 20
432 21
432 22
432 23
432 24
432 25
432 26
432 27
432 28
432 29
432 30
432 31
431 16
431 17
431 18
431 19
431 20
431 21
431 22
431 23
431 24
431 25
431 26
431 27
431 28
431 29
431 30
431 31
430 16
430 17
430 18
430 19
430 20
430 21
430 22
430 23
430 24
430 25
430 26
430 27
430 28
430 29
430 30
430 31
430 420
429 16
429 17
429 18
429 19
429 20
429 21
429 22
429 23
429 24
429 25
429 26
429 27
429 28
429 29
429 30
429 31
429 420
429 428
428 16
428 17
428 18
428 19
428 20
428 21
428 22
428 23
428 24
428 25
428 26
428 27
428 28
428 29
428 30
428 31
428 420
428 425
427 16
427 17
427 18
427 19
427 20
427 21
427 22
427 23
427 24
427 25
427 26
427 27
427 28
427 29
427 30
427 31
427 420
427 425
427 426
426 16
426 17
426 18
426 19
426 20
426 21
426 22
426 23
426 24
426 25
426 26
426 27
426 28
426 29
426 30
426 31
426 420
426 425
425 16
425 17
425 18
425 19
425 20
425 21
425 22
425 23
425 24
425 25
425 26
425 27
425 28
425 29
425 30
425 31
425 420
422 16
422 17
422 18
422 19
422 20
422 21
422 22
422 23
422 24
422 25
422 26
422 27
422 28
422 29
422 30
422 31
422 419
422 420
422 421
421 16
421 17
421 18
421 19
421 20
421 21
421 22
421 23
421 24
421 25
421 26
421 27
421 28
421 29
421 30
421 31
421 419
421 420
420 16
420 17
420 18
420 19
420 20
420 21
420 22
420 23
420 24
420 25
420 26
420 27
420 28
420 29
420 30
420 31
420 419
419 16
419 17
419 18
419 19
419 20
419 21
419 22
419 23
419 24
419 25
419 26
419 27
419 28
419 29
419 30
419 31
419 418
418 16
418 17
418 18
418 19
418 20
418 21
418 22
418 23
418 24
418 25
418 26
418 27
418 28
418 29
418 30
418 31
418 417
417 16
417 17
417 18
417 19
417 20
417 21
417 22
417 23
417 24
417 25
417 26
417 27
417 28
417 29
417 30
417 31
316 16
316 17
316 18
316 19
316 20
316 21
316 22
316 23
316 24
316 25
316 26
316 27
316 28
316 29
316 30
316 31
316 36
36 16
36 17
36 18
36 19
36 20
36 21
36 22
36 23
36 24
36 25
36 26
36 27
36 28
36 29
36 30
36 31
36 319
36 318
36 317
36 345
36 43
36 346
36 320
36 343
36 42
36 344
36 333
349 16
349 17
349 18
349 19
349 20
349 21
349 22
349 23
349 24
349 25
349 26
349 27
349 28
349 29
349 30
349 31
348 16
348 17
348 18
348 19
348 20
348 21
348 22
348 23
348 24
348 25
348 26
348 27
348 28
348 29
348 30
348 31
347 16
347 17
347 18
347 19
347 20
347 21
347 22
347 23
347 24
347 25
347 26
347 27
347 28
347 29
347 30
347 31
355 16
355 17
355 18
355 19
355 20
355 21
355 22
355 23
355 24
355 25
355 26
355 27
355 28
355 29
355 30
355 31
355 352
355 354
354 16
354 17
354 18
354 19
354 20
354 21
354 22
354 23
354 24
354 25
354 26
354 27
354 28
354 29
354 30
354 31
354 352
354 365
354 364
354 363
353 16
353 17
353 18
353 19
353 20
353 21
353 22
353 23
353 24
353 25
353 26
353 27
353 28
353 29
353 30
353 31
353 351
353 352
352 16
352 17
352 18
352 19
352 20
352 21
352 22
352 23
352 24
352 25
352 26
352 27
352 28
352 29
352 30
352 31
352 351
352 379
352 378
352 377
352 376
352 375
352 374
352 373
352 372
352 371
352 370
352 369
352 368
352 367
352 366
352 365
352 364
352 363
351 16
351 17
351 18
351 19
351 20
351 21
351 22
351 23
351 24
351 25
351 26
351 27
351 28
351 29
351 30
351 31
351 350
350 16
350 17
350 18
350 19
350 20
350 21
350 22
350 23
350 24
350 25
350 26
350 27
350 28
350 29
350 30
350 31
61 16
61 17
61 18
61 19
61 20
61 21
61 22
61 23
61 24
61 25
61 26
61 27
61 28
61 29
61 30
61 31
61 380
61 378
61 376
61 374
61 372
61 370
61 368
61 414
61 381
380 16
380 17
380 18
380 19
380 20
380 21
380 22
380 23
380 24
380 25
380 26
380 27
380 28
380 29
380 30
380 31
380 368
380 370
380 372
380 374
380 376
380 378
380 414
380 381
379 16
379 17
379 18
379 19
379 20
379 21
379 22
379 23
379 24
379 25
379 26
379 27
379 28
379 29
379 30
379 31
379 368
379 370
379 372
379 374
379 376
379 378
378 16
378 17
378 18
378 19
378 20
378 21
378 22
378 23
378 24
378 25
378 26
378 27
378 28
378 29
378 30
378 31
378 368
378 370
378 372
378 374
378 376
378 414
378 381
377 16
377 17
377 18
377 19
377 20
377 21
377 22
377 23
377 24
377 25
377 26
377 27
377 28
377 29
377 30
377 31
377 368
377 370
377 372
377 374
377 376
376 16
376 17
376 18
376 19
376 20
376 21
376 22
376 23
376 24
376 25
376 26
376 27
376 28
376 29
376 30
376 31
376 368
376 370
376 372
376 374
376 414
376 381
375 16
375 17
375 18
375 19
375 20
375 21
375 22
375 23
375 24
375 25
375 26
375 27
375 28
375 29
375 30
375 31
375 368
375 370
375 372
375 374
374 16
374 17
374 18
374 19
374 20
374 21
374 22
374 23
374 24
374 25
374 26
374 27
374 28
374 29
374 30
374 31
374 368
374 370
374 372
374 414
374 381
373 16
373 17
373 18
373 19
373 20
373 21
373 22
373 23
373 24
373 25
373 26
373 27
373 28
373 29
373 30
373 31
373 368
373 370
373 372
372 16
372 17
372 18
372 19
372 20
372 21
372 22
372 23
372 24
372 25
372 26
372 27
372 28
372 29
372 30
372 31
372 368
372 370
372 414
372 381
371 16
371 17
371 18
371 19
371 20
371 21
371 22
371 23
371 24
371 25
371 26
371 27
371 28
371 29
371 30
371 31
371 368
371 370
370 16
370 17
370 18
370 19
370 20
370 21
370 22
370 23
370 24
370 25
370 26
370 27
370 28
370 29
370 30
370 31
370 368
370 414
370 381
369 16
369 17
369 18
369 19
369 20
369 21
369 22
369 23
369 24
369 25
369 26
369 27
369 28
369 29
369 30
369 31
369 368
368 16
368 17
368 18
368 19
368 20
368 21
368 22
368 23
368 24
368 25
368 26
368 27
368 28
368 29
368 30
368 31
368 414
368 381
367 16
367 17
367 18
367 19
367 20
367 21
367 22
367 23
367 24
367 25
367 26
367 27
367 28
367 29
367 30
367 31
366 16
366 17
366 18
366 19
366 20
366 21
366 22
366 23
366 24
366 25
366 26
366 27
366 28
366 29
366 30
366 31
366 365
365 16
365 17
365 18
365 19
365 20
365 21
365 22
365 23
365 24
365 25
365 26
365 27
365 28
365 29
365 30
365 31
364 16
364 17
364 18
364 19
364 20
364 21
364 22
364 23
364 24
364 25
364 26
364 27
364 28
364 29
364 30
364 31
364 363
363 16
363 17
363 18
363 19
363 20
363 21
363 22
363 23
363 24
363 25
363 26
363 27
363 28
363 29
363 30
363 31
414 16
414 17
414 18
414 19
414 20
414 21
414 22
414 23
414 24
414 25
414 26
414 27
414 28
414 29
414 30
414 31
381 16
381 17
381 18
381 19
381 20
381 21
381 22
381 23
381 24
381 25
381 26
381 27
381 28
381 29
381 30
381 31
361 16
361 17
361 18
361 19
361 20
361 21
361 22
361 23
361 24
361 25
361 26
361 27
361 28
361 29
361 30
361 31
360 16
360 17
360 18
360 19
360 20
360 21
360 22
360 23
360 24
360 25
360 26
360 27
360 28
360 29
360 30
360 31
360 359
359 16
359 17
359 18
359 19
359 20
359 21
359 22
359 23
359 24
359 25
359 26
359 27
359 28
359 29
359 30
359 31
358 16
358 17
358 18
358 19
358 20
358 21
358 22
358 23
358 24
358 25
358 26
358 27
358 28
358 29
358 30
358 31
357 16
357 17
357 18
357 19
357 20
357 21
357 22
357 23
357 24
357 25
357 26
357 27
357 28
357 29
357 30
357 31
356 16
356 17
356 18
356 19
356 20
356 21
356 22
356 23
356 24
356 25
356 26
356 27
356 28
356 29
356 30
356 31
319 16
319 17
319 18
319 19
319 20
319 21
319 22
319 23
319 24
319 25
319 26
319 27
319 28
319 29
319 30
319 31
319 317
319 318
318 16
318 17
318 18
318 19
318 20
318 21
318 22
318 23
318 24
318 25
318 26
318 27
318 28
318 29
318 30
318 31
318 43
318 317
317 16
317 17
317 18
317 19
317 20
317 21
317 22
317 23
317 24
317 25
317 26
317 27
317 28
317 29
317 30
317 31
345 16
345 17
345 18
345 19
345 20
345 21
345 22
345 23
345 24
345 25
345 26
345 27
345 28
345 29
345 30
345 31
345 43
345 346
43 16
43 17
43 18
43 19
43 20
43 21
43 22
43 23
43 24
43 25
43 26
43 27
43 28
43 29
43 30
43 31
43 346
346 16
346 17
346 18
346 19
346 20
346 21
346 22
346 23
346 24
346 25
346 26
346 27
346 28
346 29
346 30
346 31
320 16
320 17
320 18
320 19
320 20
320 21
320 22
320 23
320 24
320 25
320 26
320 27
320 28
320 29
320 30
320 31
320 42
320 343
320 344
343 16
343 17
343 18
343 19
343 20
343 21
343 22
343 23
343 24
343 25
343 26
343 27
343 28
343 29
343 30
343 31
343 42
343 344
42 16
42 17
42 18
42 19
42 20
42 21
42 22
42 23
42 24
42 25
42 26
42 27
42 28
42 29
42 30
42 31
42 344
344 16
344 17
344 18
344 19
344 20
344 21
344 22
344 23
344 24
344 25
344 26
344 27
344 28
344 29
344 30
344 31
41 16
41 17
41 18
41 19
41 20
41 21
41 22
41 23
41 24
41 25
41 26
41 27
41 28
41 29
41 30
41 31
41 34
41 337
41 334
41 340
41 339
41 338
41 342
41 341
337 16
337 17
337 18
337 19
337 20
337 21
337 22
337 23
337 24
337 25
337 26
337 27
337 28
337 29
337 30
337 31
337 34
337 334
337 340
337 339
337 338
337 342
337 341
336 16
336 17
336 18
336 19
336 20
336 21
336 22
336 23
336 24
336 25
336 26
336 27
336 28
336 29
336 30
336 31
336 334
336 335
335 16
335 17
335 18
335 19
335 20
335 21
335 22
335 23
335 24
335 25
335 26
335 27
335 28
335 29
335 30
335 31
335 334
334 16
334 17
334 18
334 19
334 20
334 21
334 22
334 23
334 24
334 25
334 26
334 27
334 28
334 29
334 30
334 31
334 34
334 333
334 340
334 339
334 338
334 342
334 341
333 16
333 17
333 18
333 19
333 20
333 21
333 22
333 23
333 24
333 25
333 26
333 27
333 28
333 29
333 30
333 31
340 16
340 17
340 18
340 19
340 20
340 21
340 22
340 23
340 24
340 25
340 26
340 27
340 28
340 29
340 30
340 31
340 339
339 16
339 17
339 18
339 19
339 20
339 21
339 22
339 23
339 24
339 25
339 26
339 27
339 28
339 29
339 30
339 31
339 34
339 342
338 16
338 17
338 18
338 19
338 20
338 21
338 22
338 23
338 24
338 25
338 26
338 27
338 28
338 29
338 30
338 31
34 16
34 17
34 18
34 19
34 20
34 21
34 22
34 23
34 24
34 25
34 26
34 27
34 28
34 29
34 30
34 31
34 342
342 16
342 17
342 18
342 19
342 20
342 21
342 22
342 23
342 24
342 25
342 26
342 27
342 28
342 29
342 30
342 31
341 16
341 17
341 18
341 19
341 20
341 21
341 22
341 23
341 24
341 25
341 26
341 27
341 28
341 29
341 30
341 31
332 16
332 17
332 18
332 19
332 20
332 21
332 22
332 23
332 24
332 25
332 26
332 27
332 28
332 29
332 30
332 31
332 325
332 326
332 327
332 328
332 329
332 330
332 331
331 16
331 17
331 18
331 19
331 20
331 21
331 22
331 23
331 24
331 25
331 26
331 27
331 28
331 29
331 30
331 31
331 325
331 326
331 327
331 328
331 329
331 330
330 16
330 17
330 18
330 19
330 20
330 21
330 22
330 23
330 24
330 25
330 26
330 27
330 28
330 29
330 30
330 31
330 325
330 326
330 327
330 328
330 329
329 16
329 17
329 18
329 19
329 20
329 21
329 22
329 23
329 24
329 25
329 26
329 27
329 28
329 29
329 30
329 31
329 325
329 326
329 327
329 328
328 16
328 17
328 18
328 19
328 20
328 21
328 22
328 23
328 24
328 25
328 26
328 27
328 28
328 29
328 30
328 31
328 325
328 326
328 327
327 16
327 17
327 18
327 19
327 20
327 21
327 22
327 23
327 24
327 25
327 26
327 27
327 28
327 29
327 30
327 31
327 325
327 326
326 16
326 17
326 18
326 19
326 20
326 21
326 22
326 23
326 24
326 25
326 26
326 27
326 28
326 29
326 30
326 31
326 325
325 16
325 17
325 18
325 19
325 20
325 21
325 22
325 23
325 24
325 25
325 26
325 27
325 28
325 29
325 30
325 31
508 16
508 17
508 18
508 19
508 20
508 21
508 22
508 23
508 24
508 25
508 26
508 27
508 28
508 29
508 30
508 31
508 507
507 16
507 17
507 18
507 19
507 20
507 21
507 22
507 23
507 24
507 25
507 26
507 27
507 28
507 29
507 30
507 31
507 518
507 517
507 516
507 515
507 514
507 513
507 512
507 511
507 510
507 509
529 16
529 17
529 18
529 19
529 20
529 21
529 22
529 23
529 24
529 25
529 26
529 27
529 28
529 29
529 30
529 31
528 16
528 17
528 18
528 19
528 20
528 21
528 22
528 23
528 24
528 25
528 26
528 27
528 28
528 29
528 30
528 31
525 16
525 17
525 18
525 19
525 20
525 21
525 22
525 23
525 24
525 25
525 26
525 27
525 28
525 29
525 30
525 31
525 57
525 510
525 522
525 527
524 16
524 17
524 18
524 19
524 20
524 21
524 22
524 23
524 24
524 25
524 26
524 27
524 28
524 29
524 30
524 31
524 57
524 510
524 522
524 523
523 16
523 17
523 18
523 19
523 20
523 21
523 22
523 23
523 24
523 25
523 26
523 27
523 28
523 29
523 30
523 31
523 57
523 510
523 522
57 16
57 17
57 18
57 19
57 20
57 21
57 22
57 23
57 24
57 25
57 26
57 27
57 28
57 29
57 30
57 31
57 521
57 522
57 510
57 527
522 16
522 17
522 18
522 19
522 20
522 21
522 22
522 23
522 24
522 25
522 26
522 27
522 28
522 29
522 30
522 31
522 510
522 520
522 521
522 527
521 16
521 17
521 18
521 19
521 20
521 21
521 22
521 23
521 24
521 25
521 26
521 27
521 28
521 29
521 30
521 31
521 510
521 515
521 520
520 16
520 17
520 18
520 19
520 20
520 21
520 22
520 23
520 24
520 25
520 26
520 27
520 28
520 29
520 30
520 31
520 510
520 515
519 16
519 17
519 18
519 19
519 20
519 21
519 22
519 23
519 24
519 25
519 26
519 27
519 28
519 29
519 30
519 31
519 510
519 515
519 518
518 16
518 17
518 18
518 19
518 20
518 21
518 22
518 23
518 24
518 25
518 26
518 27
518 28
518 29
518 30
518 31
518 510
518 515
517 16
517 17
517 18
517 19
517 20
517 21
517 22
517 23
517 24
517 25
517 26
517 27
517 28
517 29
517 30
517 31
517 510
517 515
517 516
516 16
516 17
516 18
516 19
516 20
516 21
516 22
516 23
516 24
516 25
516 26
516 27
516 28
516 29
516 30
516 31
516 510
516 515
515 16
515 17
515 18
515 19
515 20
515 21
515 22
515 23
515 24
515 25
515 26
515 27
515 28
515 29
515 30
515 31
515 510
514 16
514 17
514 18
514 19
514 20
514 21
514 22
514 23
514 24
514 25
514 26
514 27
514 28
514 29
514 30
514 31
514 510
514 513
513 16
513 17
513 18
513 19
513 20
513 21
513 22
513 23
513 24
513 25
513 26
513 27
513 28
513 29
513 30
513 31
513 510
512 16
512 17
512 18
512 19
512 20
512 21
512 22
512 23
512 24
512 25
512 26
512 27
512 28
512 29
512 30
512 31
512 510
512 511
511 16
511 17
511 18
511 19
511 20
511 21
511 22
511 23
511 24
511 25
511 26
511 27
511 28
511 29
511 30
511 31
511 510
510 16
510 17
510 18
510 19
510 20
510 21
510 22
510 23
510 24
510 25
510 26
510 27
510 28
510 29
510 30
510 31
510 527
509 16
509 17
509 18
509 19
509 20
509 21
509 22
509 23
509 24
509 25
509 26
509 27
509 28
509 29
509 30
509 31
527 16
527 17
527 18
527 19
527 20
527 21
527 22
527 23
527 24
527 25
527 26
527 27
527 28
527 29
527 30
527 31
56 16
56 17
56 18
56 19
56 20
56 21
56 22
56 23
56 24
56 25
56 26
56 27
56 28
56 29
56 30
56 31
56 502
56 499
56 504
502 16
502 17
502 18
502 19
502 20
502 21
502 22
502 23
502 24
502 25
502 26
502 27
502 28
502 29
502 30
502 31
502 499
502 504
501 16
501 17
501 18
501 19
501 20
501 21
501 22
501 23
501 24
501 25
501 26
501 27
501 28
501 29
501 30
501 31
501 499
501 500
500 16
500 17
500 18
500 19
500 20
500 21
500 22
500 23
500 24
500 25
500 26
500 27
500 28
500 29
500 30
500 31
500 499
499 16
499 17
499 18
499 19
499 20
499 21
499 22
499 23
499 24
499 25
499 26
499 27
499 28
499 29
499 30
499 31
499 498
499 504
498 16
498 17
498 18
498 19
498 20
498 21
498 22
498 23
498 24
498 25
498 26
498 27
498 28
498 29
498 30
498 31
498 497
497 16
497 17
497 18
497 19
497 20
497 21
497 22
497 23
497 24
497 25
497 26
497 27
497 28
497 29
497 30
497 31
496 16
496 17
496 18
496 19
496 20
496 21
496 22
496 23
496 24
496 25
496 26
496 27
496 28
496 29
496 30
496 31
496 495
495 16
495 17
495 18
495 19
495 20
495 21
495 22
495 23
495 24
495 25
495 26
495 27
495 28
495 29
495 30
495 31
494 16
494 17
494 18
494 19
494 20
494 21
494 22
494 23
494 24
494 25
494 26
494 27
494 28
494 29
494 30
494 31
494 493
493 16
493 17
493 18
493 19
493 20
493 21
493 22
493 23
493 24
493 25
493 26
493 27
493 28
493 29
493 30
493 31
504 16
504 17
504 18
504 19
504 20
504 21
504 22
504 23
504 24
504 25
504 26
504 27
504 28
504 29
504 30
504 31
505 16
505 17
505 18
505 19
505 20
505 21
505 22
505 23
505 24
505 25
505 26
505 27
505 28
505 29
505 30
505 31
242 16
242 17
242 18
242 19
242 20
242 21
242 22
242 23
242 24
242 25
242 26
242 27
242 28
242 29
242 30
242 31
242 241
241 16
241 17
241 18
241 19
241 20
241 21
241 22
241 23
241 24
241 25
241 26
241 27
241 28
241 29
241 30
241 31
241 243
247 16
247 17
247 18
247 19
247 20
247 21
247 22
247 23
247 24
247 25
247 26
247 27
247 28
247 29
247 30
247 31
247 243
247 246
246 16
246 17
246 18
246 19
246 20
246 21
246 22
246 23
246 24
246 25
246 26
246 27
246 28
246 29
246 30
246 31
246 54
246 243
246 245
246 254
246 253
246 252
246 251
246 250
246 249
246 248
246 268
246 267
246 266
246 265
246 264
246 263
246 262
246 261
246 271
246 270
246 272
246 260
246 259
246 258
246 257
246 256
246 255
245 16
245 17
245 18
245 19
245 20
245 21
245 22
245 23
245 24
245 25
245 26
245 27
245 28
245 29
245 30
245 31
245 243
244 16
244 17
244 18
244 19
244 20
244 21
244 22
244 23
244 24
244 25
244 26
244 27
244 28
244 29
244 30
244 31
244 243
243 16
243 17
243 18
243 19
243 20
243 21
243 22
243 23
243 24
243 25
243 26
243 27
243 28
243 29
243 30
243 31
243 54
243 254
243 253
243 252
243 251
243 250
243 249
243 248
243 268
243 267
243 266
243 265
243 264
243 263
243 262
243 261
243 271
243 270
243 272
243 260
243 259
243 258
243 257
243 256
243 255
254 16
254 17
254 18
254 19
254 20
254 21
254 22
254 23
254 24
254 25
254 26
254 27
254 28
254 29
254 30
254 31
254 250
254 251
254 253
253 16
253 17
253 18
253 19
253 20
253 21
253 22
253 23
253 24
253 25
253 26
253 27
253 28
253 29
253 30
253 31
253 250
253 251
253 263
253 262
253 261
252 16
252 17
252 18
252 19
252 20
252 21
252 22
252 23
252 24
252 25
252 26
252 27
252 28
252 29
252 30
252 31
252 249
252 250
252 251
251 16
251 17
251 18
251 19
251 20
251 21
251 22
251 23
251 24
251 25
251 26
251 27
251 28
251 29
251 30
251 31
251 54
251 249
251 250
251 268
251 267
251 266
251 265
251 264
251 263
251 262
251 261
251 271
251 270
251 272
250 16
250 17
250 18
250 19
250 20
250 21
250 22
250 23
250 24
250 25
250 26
250 27
250 28
250 29
250 30
250 31
250 54
250 248
250 249
250 268
250 267
250 266
250 265
250 264
250 263
250 262
250 261
250 271
250 270
250 272
249 16
249 17
249 18
249 19
249 20
249 21
249 22
249 23
249 24
249 25
249 26
249 27
249 28
249 29
249 30
249 31
249 248
248 16
248 17
248 18
248 19
248 20
248 21
248 22
248 23
248 24
248 25
248 26
248 27
248 28
248 29
248 30
248 31
268 16
268 17
268 18
268 19
268 20
268 21
268 22
268 23
268 24
268 25
268 26
268 27
268 28
268 29
268 30
268 31
268 54
268 266
268 271
268 270
268 272
54 16
54 17
54 18
54 19
54 20
54 21
54 22
54 23
54 24
54 25
54 26
54 27
54 28
54 29
54 30
54 31
54 267
54 266
54 271
54 270
54 272
267 16
267 17
267 18
267 19
267 20
267 21
267 22
267 23
267 24
267 25
267 26
267 27
267 28
267 29
267 30
267 31
267 266
266 16
266 17
266 18
266 19
266 20
266 21
266 22
266 23
266 24
266 25
266 26
266 27
266 28
266 29
266 30
266 31
266 271
266 270
266 272
265 16
265 17
265 18
265 19
265 20
265 21
265 22
265 23
265 24
265 25
265 26
265 27
265 28
265 29
265 30
265 31
264 16
264 17
264 18
264 19
264 20
264 21
264 22
264 23
264 24
264 25
264 26
264 27
264 28
264 29
264 30
264 31
264 263
263 16
263 17
263 18
263 19
263 20
263 21
263 22
263 23
263 24
263 25
263 26
263 27
263 28
263 29
263 30
263 31
262 16
262 17
262 18
262 19
262 20
262 21
262 22
262 23
262 24
262 25
262 26
262 27
262 28
262 29
262 30
262 31
262 261
261 16
261 17
261 18
261 19
261 20
261 21
261 22
261 23
261 24
261 25
261 26
261 27
261 28
261 29
261 30
261 31
271 16
271 17
271 18
271 19
271 20
271 21
271 22
271 23
271 24
271 25
271 26
271 27
271 28
271 29
271 30
271 31
270 16
270 17
270 18
270 19
270 20
270 21
270 22
270 23
270 24
270 25
270 26
270 27
270 28
270 29
270 30
270 31
272 16
272 17
272 18
272 19
272 20
272 21
272 22
272 23
272 24
272 25
272 26
272 27
272 28
272 29
272 30
272 31
260 16
260 17
260 18
260 19
260 20
260 21
260 22
260 23
260 24
260 25
260 26
260 27
260 28
260 29
260 30
260 31
259 16
259 17
259 18
259 19
259 20
259 21
259 22
259 23
259 24
259 25
259 26
259 27
259 28
259 29
259 30
259 31
259 258
258 16
258 17
258 18
258 19
258 20
258 21
258 22
258 23
258 24
258 25
258 26
258 27
258 28
258 29
258 30
258 31
257 16
257 17
257 18
257 19
257 20
257 21
257 22
257 23
257 24
257 25
257 26
257 27
257 28
257 29
257 30
257 31
256 16
256 17
256 18
256 19
256 20
256 21
256 22
256 23
256 24
256 25
256 26
256 27
256 28
256 29
256 30
256 31
255 16
255 17
255 18
255 19
255 20
255 21
255 22
255 23
255 24
255 25
255 26
255 27
255 28
255 29
255 30
255 31
220 16
220 17
220 18
220 19
220 20
220 21
220 22
220 23
220 24
220 25
220 26
220 27
220 28
220 29
220 30
220 31
220 53
220 219
220 238
220 221
53 16
53 17
53 18
53 19
53 20
53 21
53 22
53 23
53 24
53 25
53 26
53 27
53 28
53 29
53 30
53 31
53 219
53 238
53 221
219 16
219 17
219 18
219 19
219 20
219 21
219 22
219 23
219 24
219 25
219 26
219 27
219 28
219 29
219 30
219 31
219 238
219 221
238 16
238 17
238 18
238 19
238 20
238 21
238 22
238 23
238 24
238 25
238 26
238 27
238 28
238 29
238 30
238 31
221 16
221 17
221 18
221 19
221 20
221 21
221 22
221 23
221 24
221 25
221 26
221 27
221 28
221 29
221 30
221 31
48 16
48 17
48 18
48 19
48 20
48 21
48 22
48 23
48 24
48 25
48 26
48 27
48 28
48 29
48 30
48 31
48 161
48 49
48 186
48 183
48 181
48 168
48 165
48 164
48 163
48 162
48 50
48 199
48 198
48 197
48 196
48 195
48 194
48 193
48 192
48 191
48 190
48 189
48 188
48 200
48 187
49 16
49 17
49 18
49 19
49 20
49 21
49 22
49 23
49 24
49 25
49 26
49 27
49 28
49 29
49 30
49 31
49 161
49 186
49 183
49 181
49 168
49 165
49 164
49 163
49 162
49 50
49 199
49 198
49 197
49 196
49 195
49 194
49 193
49 192
49 191
49 190
49 189
49 188
49 200
49 187
161 16
161 17
161 18
161 19
161 20
161 21
161 22
161 23
161 24
161 25
161 26
161 27
161 28
161 29
161 30
161 31
161 50
161 186
161 183
161 181
161 168
161 165
161 164
161 163
161 162
161 199
161 198
161 197
161 196
161 195
161 194
161 193
161 192
161 191
161 190
161 189
161 188
161 200
161 187
186 16
186 17
186 18
186 19
186 20
186 21
186 22
186 23
186 24
186 25
186 26
186 27
186 28
186 29
186 30
186 31
186 163
186 164
183 16
183 17
183 18
183 19
183 20
183 21
183 22
183 23
183 24
183 25
183 26
183 27
183 28
183 29
183 30
183 31
183 163
183 164
181 16
181 17
181 18
181 19
181 20
181 21
181 22
181 23
181 24
181 25
181 26
181 27
181 28
181 29
181 30
181 31
181 163
181 164
168 16
168 17
168 18
168 19
168 20
168 21
168 22
168 23
168 24
168 25
168 26
168 27
168 28
168 29
168 30
168 31
168 163
168 164
165 16
165 17
165 18
165 19
165 20
165 21
165 22
165 23
165 24
165 25
165 26
165 27
165 28
165 29
165 30
165 31
165 163
165 164
164 16
164 17
164 18
164 19
164 20
164 21
164 22
164 23
164 24
164 25
164 26
164 27
164 28
164 29
164 30
164 31
164 163
164 190
164 189
164 188
163 16
163 17
163 18
163 19
163 20
163 21
163 22
163 23
163 24
163 25
163 26
163 27
163 28
163 29
163 30
163 31
163 162
163 198
163 197
163 196
163 195
163 194
163 193
163 192
163 191
163 190
163 189
163 188
162 16
162 17
162 18
162 19
162 20
162 21
162 22
162 23
162 24
162 25
162 26
162 27
162 28
162 29
162 30
162 31
50 16
50 17
50 18
50 19
50 20
50 21
50 22
50 23
50 24
50 25
50 26
50 27
50 28
50 29
50 30
50 31
50 199
50 197
50 195
50 193
50 200
199 16
199 17
199 18
199 19
199 20
199 21
199 22
199 23
199 24
199 25
199 26
199 27
199 28
199 29
199 30
199 31
199 193
199 195
199 197
199 200
198 16
198 17
198 18
198 19
198 20
198 21
198 22
198 23
198 24
198 25
198 26
198 27
198 28
198 29
198 30
198 31
198 193
198 195
198 197
197 16
197 17
197 18
197 19
197 20
197 21
197 22
197 23
197 24
197 25
197 26
197 27
197 28
197 29
197 30
197 31
197 193
197 195
197 200
196 16
196 17
196 18
196 19
196 20
196 21
196 22
196 23
196 24
196 25
196 26
196 27
196 28
196 29
196 30
196 31
196 193
196 195
195 16
195 17
195 18
195 19
195 20
195 21
195 22
195 23
195 24
195 25
195 26
195 27
195 28
195 29
195 30
195 31
195 193
195 200
194 16
194 17
194 18
194 19
194 20
194 21
194 22
194 23
194 24
194 25
194 26
194 27
194 28
194 29
194 30
194 31
194 193
193 16
193 17
193 18
193 19
193 20
193 21
193 22
193 23
193 24
193 25
193 26
193 27
193 28
193 29
193 30
193 31
193 200
192 16
192 17
192 18
192 19
192 20
192 21
192 22
192 23
192 24
192 25
192 26
192 27
192 28
192 29
192 30
192 31
191 16
191 17
191 18
191 19
191 20
191 21
191 22
191 23
191 24
191 25
191 26
191 27
191 28
191 29
191 30
191 31
191 190
190 16
190 17
190 18
190 19
190 20
190 21
190 22
190 23
190 24
190 25
190 26
190 27
190 28
190 29
190 30
190 31
189 16
189 17
189 18
189 19
189 20
189 21
189 22
189 23
189 24
189 25
189 26
189 27
189 28
189 29
189 30
189 31
189 188
188 16
188 17
188 18
188 19
188 20
188 21
188 22
188 23
188 24
188 25
188 26
188 27
188 28
188 29
188 30
188 31
200 16
200 17
200 18
200 19
200 20
200 21
200 22
200 23
200 24
200 25
200 26
200 27
200 28
200 29
200 30
200 31
187 16
187 17
187 18
187 19
187 20
187 21
187 22
187 23
187 24
187 25
187 26
187 27
187 28
187 29
187 30
187 31
100 16
100 17
100 18
100 19
100 20
100 21
100 22
100 23
100 24
100 25
100 26
100 27
100 28
100 29
100 30
100 31
100 32
100 33
100 45
100 46
100 97
100 98
100 99
100 106
100 101
100 115
100 107
99 16
99 17
99 18
99 19
99 20
99 21
99 22
99 23
99 24
99 25
99 26
99 27
99 28
99 29
99 30
99 31
99 32
99 33
99 45
99 46
99 97
99 98
99 106
99 101
99 115
99 107
98 16
98 17
98 18
98 19
98 20
98 21
98 22
98 23
98 24
98 25
98 26
98 27
98 28
98 29
98 30
98 31
98 32
98 33
98 45
98 46
98 97
98 106
98 101
98 115
98 107
32 16
32 17
32 18
32 19
32 20
32 21
32 22
32 23
32 24
32 25
32 26
32 27
32 28
32 29
32 30
32 31
32 97
32 46
32 45
32 106
32 101
32 33
32 115
32 107
45 16
45 17
45 18
45 19
45 20
45 21
45 22
45 23
45 24
45 25
45 26
45 27
45 28
45 29
45 30
45 31
45 33
45 46
45 97
45 106
45 101
45 115
45 107
46 16
46 17
46 18
46 19
46 20
46 21
46 22
46 23
46 24
46 25
46 26
46 27
46 28
46 29
46 30
46 31
46 33
46 97
46 106
46 101
46 115
46 107
97 16
97 17
97 18
97 19
97 20
97 21
97 22
97 23
97 24
97 25
97 26
97 27
97 28
97 29
97 30
97 31
97 33
97 106
97 101
97 115
97 107
106 16
106 17
106 18
106 19
106 20
106 21
106 22
106 23
106 24
106 25
106 26
106 27
106 28
106 29
106 30
106 31
106 101
101 16
101 17
101 18
101 19
101 20
101 21
101 22
101 23
101 24
101 25
101 26
101 27
101 28
101 29
101 30
101 31
101 33
101 115
33 16
33 17
33 18
33 19
33 20
33 21
33 22
33 23
33 24
33 25
33 26
33 27
33 28
33 29
33 30
33 31
33 115
115 16
115 17
115 18
115 19
115 20
115 21
115 22
115 23
115 24
115 25
115 26
115 27
115 28
115 29
115 30
115 31
107 16
107 17
107 18
107 19
107 20
107 21
107 22
107 23
107 24
107 25
107 26
107 27
107 28
107 29
107 30
107 31
16 17
16 18
16 19
16 20
16 21
16 22
16 23
16 24
16 25
16 26
16 27
16 28
16 29
16 30
16 31
17 18
17 19
17 20
17 21
17 22
17 23
17 24
17 25
17 26
17 27
17 28
17 29
17 30
17 31
18 19
18 20
18 21
18 22
18 23
18 24
18 25
18 26
18 27
18 28
18 29
18 30
18 31
19 20
19 21
19 22
19 23
19 24
19 25
19 26
19 27
19 28
19 29
19 30
19 31
20 21
20 22
20 23
20 24
20 25
20 26
20 27
20 28
20 29
20 30
20 31
21 22
21 23
21 24
21 25
21 26
21 27
21 28
21 29
21 30
21 31
22 23
22 24
22 25
22 26
22 27
22 28
22 29
22 30
22 31
23 24
23 25
23 26
23 27
23 28
23 29
23 30
23 31
24 25
24 26
24 27
24 28
24 29
24 30
24 31
25 26
25 27
25 28
25 29
25 30
25 31
26 27
26 28
26 29
26 30
26 31
27 28
27 29
27 30
27 31
28 29
28 30
28 31
29 30
29 31
30 31
