450 9803
0 439
0 163
0 438
0 378
0 297
0 43
0 277
0 102
0 388
0 202
0 198
0 292
0 12
0 97
0 323
0 444
0 276
0 17
0 96
0 182
0 153
0 219
0 218
0 7
0 333
0 48
0 104
0 366
0 387
0 443
0 329
0 6
0 282
0 108
0 214
0 186
0 367
439 25
439 52
439 53
439 81
439 86
439 90
439 101
439 115
439 163
439 166
439 168
439 171
439 172
439 180
439 181
439 205
439 212
439 232
439 270
439 271
439 278
439 295
439 312
439 351
439 356
439 360
439 361
439 371
439 385
439 387
439 388
439 393
439 432
439 437
439 446
163 14
163 15
163 30
163 36
163 41
163 47
163 61
163 76
163 79
163 85
163 104
163 110
163 147
163 151
163 157
163 162
163 270
163 266
163 169
163 201
163 349
163 375
163 272
163 206
163 436
163 370
163 311
163 360
163 284
163 391
163 321
163 382
163 259
163 275
163 256
163 374
163 365
163 176
163 194
163 280
163 231
163 372
163 406
163 302
438 5
438 10
438 22
438 41
438 59
438 71
438 84
438 85
438 87
438 92
438 95
438 102
438 121
438 149
438 156
438 160
438 161
438 167
438 174
438 175
438 185
438 197
438 202
438 211
438 239
438 251
438 255
438 256
438 260
438 264
438 265
438 266
438 271
438 275
438 302
438 312
438 317
438 321
438 329
438 345
438 351
438 354
438 356
438 360
438 362
438 371
438 386
438 387
438 419
438 427
438 431
438 436
438 444
438 440
438 445
378 5
378 6
378 12
378 17
378 26
378 36
378 39
378 51
378 56
378 70
378 80
378 90
378 111
378 117
378 127
378 129
378 141
378 160
378 170
378 171
378 175
378 177
378 191
378 217
378 219
378 221
378 231
378 237
378 242
378 260
378 270
378 281
378 306
378 309
378 316
378 350
378 352
378 355
378 380
378 436
378 387
378 399
297 5
297 19
297 26
297 49
297 54
297 63
297 68
297 103
297 115
297 119
297 124
297 136
297 141
297 149
297 153
297 154
297 170
297 180
297 195
297 209
297 215
297 225
297 234
297 243
297 251
297 263
297 269
297 283
297 290
297 394
297 414
297 423
297 350
297 345
297 361
297 333
297 304
297 409
297 340
297 398
297 324
297 366
297 400
43 6
43 7
43 12
43 16
43 39
43 131
43 186
43 355
43 80
43 219
43 85
43 415
43 246
43 232
43 255
43 241
43 395
43 411
43 122
43 309
43 75
43 346
43 416
43 265
43 126
43 347
43 95
43 351
43 257
43 399
43 445
43 121
43 102
43 129
43 440
43 301
43 367
277 24
277 48
277 50
277 55
277 58
277 76
277 94
277 100
277 105
277 110
277 133
277 138
277 165
277 186
277 191
277 194
277 220
277 228
277 258
277 325
277 390
277 289
277 369
277 408
277 329
277 330
277 318
277 279
277 374
277 301
277 284
277 398
277 395
277 411
277 414
277 416
277 424
102 6
102 9
102 11
102 28
102 59
102 79
102 99
102 105
102 189
102 169
102 170
102 231
102 295
102 160
102 379
102 341
102 385
102 346
102 110
102 118
102 119
102 220
102 208
102 264
102 298
102 184
102 388
102 194
102 280
102 213
102 239
102 440
102 399
102 445
102 121
102 398
102 414
102 215
102 236
102 148
102 154
102 340
388 6
388 11
388 14
388 66
388 79
388 81
388 90
388 104
388 147
388 169
388 181
388 185
388 187
388 194
388 195
388 200
388 212
388 217
388 226
388 232
388 235
388 246
388 259
388 280
388 284
388 286
388 291
388 306
388 327
388 342
388 349
388 351
388 356
388 360
388 370
388 374
388 375
388 396
388 442
388 430
388 421
388 437
388 432
388 411
202 5
202 19
202 34
202 60
202 63
202 65
202 73
202 78
202 91
202 94
202 96
202 104
202 144
202 159
202 164
202 168
202 169
202 170
202 316
202 334
202 285
202 429
202 280
202 444
202 239
202 440
202 445
202 211
202 348
202 254
202 258
202 244
202 339
202 230
202 431
202 313
202 321
202 308
202 224
202 206
202 390
202 436
198 17
198 44
198 56
198 60
198 61
198 70
198 75
198 106
198 107
198 127
198 134
198 147
198 150
198 155
198 160
198 171
198 176
198 226
198 345
198 224
198 425
198 415
198 237
198 446
198 242
198 216
198 330
198 301
198 426
198 352
198 255
198 314
198 435
198 261
198 340
198 276
198 420
198 401
198 404
198 296
198 392
292 3
292 5
292 20
292 29
292 60
292 88
292 96
292 110
292 119
292 120
292 129
292 134
292 149
292 153
292 170
292 174
292 178
292 189
292 206
292 211
292 213
292 265
292 268
292 280
292 285
292 289
292 436
292 333
292 404
292 294
292 358
292 299
292 340
292 389
292 329
292 423
292 399
292 431
292 448
292 344
292 400
292 445
292 321
12 6
12 11
12 18
12 55
12 215
12 288
12 223
12 34
12 340
12 399
12 309
12 275
12 403
12 50
12 219
12 384
12 231
12 39
12 214
12 90
12 285
12 116
12 108
12 346
12 313
12 314
12 294
12 330
12 308
12 224
12 335
12 183
12 274
12 225
12 153
12 129
12 440
12 236
12 53
12 349
12 105
12 121
12 338
12 394
12 110
97 5
97 28
97 34
97 44
97 45
97 50
97 53
97 68
97 76
97 79
97 84
97 89
97 94
97 95
97 186
97 349
97 339
97 344
97 233
97 434
97 274
97 179
97 159
97 334
97 264
97 204
97 335
97 435
97 174
97 355
97 259
97 411
97 143
97 269
97 323
97 444
97 413
97 249
97 160
97 443
97 419
97 100
97 416
97 449
97 155
97 191
97 119
97 220
97 301
97 113
97 275
323 5
323 10
323 16
323 81
323 84
323 85
323 86
323 111
323 121
323 125
323 135
323 136
323 170
323 174
323 175
323 176
323 207
323 216
323 251
323 264
323 265
323 270
323 296
323 301
323 317
323 322
323 365
323 351
323 345
323 437
323 381
323 421
323 432
323 354
323 356
323 444
323 360
323 435
323 355
323 445
323 372
444 1
444 16
444 32
444 37
444 47
444 90
444 96
444 98
444 106
444 141
444 152
444 157
444 176
444 180
444 181
444 207
444 208
444 213
444 251
444 262
444 266
444 270
444 271
444 272
444 276
444 301
444 322
444 336
444 360
444 361
444 372
444 377
444 387
444 391
444 402
444 433
276 3
276 17
276 28
276 44
276 54
276 99
276 103
276 104
276 107
276 109
276 110
276 115
276 154
276 164
276 193
276 197
276 214
276 225
276 258
276 269
276 273
276 448
276 394
276 428
276 335
276 419
276 358
276 343
276 377
276 338
276 287
276 340
17 5
17 8
17 83
17 18
17 134
17 263
17 400
17 386
17 225
17 220
17 129
17 80
17 404
17 330
17 391
17 108
17 144
17 210
17 39
17 275
17 166
17 374
17 214
17 288
17 324
17 168
17 79
17 280
17 443
17 239
17 285
17 51
17 434
17 115
17 161
17 28
17 269
17 340
96 18
96 22
96 49
96 54
96 73
96 83
96 448
96 115
96 358
96 168
96 224
96 253
96 263
96 258
96 154
96 104
96 248
96 364
96 335
96 433
96 353
96 138
96 269
96 340
96 348
96 254
96 112
96 273
96 110
96 178
96 443
96 329
96 173
96 324
96 225
96 382
182 29
182 31
182 34
182 36
182 39
182 50
182 53
182 63
182 79
182 100
182 113
182 129
182 141
182 146
182 153
182 158
182 160
182 165
182 335
182 366
182 385
182 371
182 209
182 333
182 214
182 280
182 314
182 261
182 224
182 423
182 219
182 284
182 445
182 369
182 390
182 243
182 319
182 256
182 238
182 344
182 220
153 5
153 26
153 30
153 39
153 51
153 72
153 75
153 107
153 129
153 136
153 146
153 361
153 350
153 435
153 305
153 311
153 421
153 407
153 309
153 255
153 412
153 345
153 251
153 416
153 365
153 176
153 296
153 392
153 440
153 236
153 445
153 301
153 187
153 170
153 219
153 270
153 371
153 272
153 399
153 175
153 386
153 287
219 6
219 38
219 46
219 52
219 67
219 72
219 82
219 86
219 90
219 91
219 180
219 181
219 186
219 191
219 263
219 381
219 352
219 266
219 376
219 286
219 281
219 227
219 402
219 268
219 360
219 356
219 270
219 371
219 272
218 5
218 7
218 15
218 41
218 59
218 76
218 77
218 85
218 95
218 105
218 110
218 121
218 124
218 131
218 136
218 149
218 180
218 186
218 187
218 190
218 192
218 195
218 394
218 302
218 445
218 301
218 291
218 285
218 356
218 246
218 419
218 286
218 417
218 420
218 239
218 315
218 351
218 365
218 241
218 412
218 275
218 261
218 366
218 329
7 5
7 55
7 45
7 191
7 335
7 435
7 110
7 313
7 309
7 384
7 315
7 223
7 34
7 133
7 294
7 330
7 416
7 39
7 403
7 209
7 115
7 329
7 186
7 168
7 79
7 280
7 411
7 358
7 114
7 220
7 301
7 98
7 264
7 275
7 76
333 6
333 20
333 21
333 34
333 67
333 72
333 86
333 91
333 105
333 124
333 180
333 187
333 191
333 195
333 196
333 214
333 280
333 282
333 287
333 304
333 305
333 306
333 311
333 371
333 394
333 360
333 407
333 361
333 412
333 391
48 10
48 14
48 15
48 16
48 31
48 361
48 126
48 190
48 195
48 246
48 186
48 185
48 315
48 196
48 162
48 175
48 296
48 76
48 52
48 280
48 301
48 210
48 236
48 167
48 85
48 194
48 406
48 392
48 95
48 180
48 181
48 122
48 285
48 321
48 112
48 374
48 365
48 176
48 57
48 86
48 317
48 90
48 376
48 427
48 366
48 387
48 316
48 227
48 284
48 445
48 92
48 104
48 360
48 356
48 322
104 81
104 86
104 90
104 101
104 271
104 106
104 167
104 381
104 222
104 311
104 162
104 176
104 227
104 383
104 270
104 371
104 107
104 273
104 286
104 180
104 181
104 122
104 317
104 376
104 427
104 366
104 387
104 158
104 266
104 312
104 360
104 356
104 322
366 2
366 27
366 58
366 92
366 99
366 110
366 115
366 117
366 143
366 207
366 225
366 238
366 258
366 269
366 272
366 279
366 283
366 324
366 329
366 334
366 335
366 340
366 359
366 362
366 394
366 389
366 413
366 449
366 434
366 387
387 4
387 10
387 13
387 26
387 55
387 60
387 73
387 84
387 85
387 94
387 98
387 110
387 120
387 129
387 136
387 138
387 139
387 140
387 141
387 170
387 179
387 180
387 184
387 185
387 189
387 225
387 228
387 230
387 251
387 253
387 274
387 278
387 283
387 284
387 290
387 295
387 305
387 313
387 318
387 324
387 343
387 345
387 350
387 354
387 358
387 359
387 361
387 364
387 374
387 384
387 433
387 415
387 400
387 405
387 419
387 408
387 395
387 404
443 6
443 22
443 46
443 51
443 59
443 61
443 75
443 81
443 85
443 90
443 95
443 100
443 105
443 106
443 132
443 137
443 149
443 151
443 156
443 176
443 190
443 239
443 242
443 247
443 252
443 266
443 270
443 282
443 285
443 304
443 321
443 329
443 331
443 357
443 365
443 370
443 386
443 395
443 416
443 419
443 431
443 441
329 6
329 22
329 32
329 47
329 77
329 81
329 86
329 90
329 103
329 131
329 132
329 142
329 176
329 180
329 181
329 186
329 213
329 252
329 266
329 270
329 271
329 281
329 282
329 291
329 307
329 312
329 327
329 328
329 422
329 376
329 386
329 356
329 337
329 341
329 392
329 360
6 115
6 23
6 372
6 288
6 128
6 383
6 384
6 228
6 108
6 279
6 118
6 99
6 398
6 54
6 208
6 264
6 238
6 49
6 308
6 224
6 33
6 334
6 335
6 192
6 183
6 274
6 214
6 68
6 389
6 225
6 148
6 154
6 340
6 282
6 338
6 394
6 110
282 3
282 8
282 9
282 19
282 23
282 29
282 60
282 65
282 68
282 74
282 109
282 110
282 113
282 114
282 116
282 121
282 170
282 189
282 203
282 214
282 220
282 225
282 230
282 231
282 236
282 279
282 280
282 284
282 299
282 440
282 384
282 383
282 341
282 330
282 293
282 369
282 390
282 346
282 389
282 358
282 294
282 395
108 1
108 5
108 10
108 15
108 31
108 34
108 36
108 46
108 66
108 90
108 95
108 105
108 341
108 176
108 285
108 270
108 375
108 352
108 290
108 221
108 161
108 171
108 394
108 110
108 240
108 111
108 127
108 446
108 237
108 360
108 124
108 402
108 365
108 331
108 242
108 304
108 190
108 327
108 214
108 186
108 367
214 1
214 11
214 16
214 25
214 47
214 67
214 81
214 90
214 91
214 101
214 113
214 115
214 127
214 152
214 167
214 171
214 177
214 180
214 186
214 205
214 371
214 352
214 270
214 295
214 356
214 407
214 221
214 242
214 306
214 397
214 347
214 237
214 360
214 223
214 441
214 287
214 448
214 385
214 338
214 342
214 351
214 367
186 32
186 33
186 44
186 83
186 110
186 115
186 122
186 143
186 154
186 169
186 212
186 225
186 303
186 403
186 398
186 324
186 228
186 343
186 194
186 279
186 392
186 318
186 224
186 335
186 187
186 340
186 367
367 5
367 45
367 58
367 59
367 64
367 65
367 74
367 76
367 100
367 105
367 123
367 129
367 148
367 149
367 165
367 170
367 191
367 199
367 210
367 213
367 224
367 234
367 238
367 239
367 244
367 275
367 298
367 301
367 324
367 325
367 328
367 335
367 339
367 364
367 411
367 434
367 390
367 424
367 418
367 416
367 373
367 445
367 440
367 385
1 217
1 208
1 295
1 384
1 127
1 18
1 139
1 379
1 37
1 409
1 8
1 164
1 83
1 44
1 63
1 389
1 290
1 93
1 109
1 38
1 39
1 98
1 180
1 264
1 185
1 373
1 334
1 65
1 138
1 269
1 70
1 13
1 319
1 410
1 307
1 353
1 49
1 405
1 397
217 4
217 9
217 10
217 15
217 28
217 89
217 94
217 99
217 111
217 116
217 118
217 179
217 183
217 184
217 189
217 200
217 208
217 336
217 273
217 284
217 235
217 385
217 341
217 274
217 298
217 399
217 355
217 228
217 226
208 11
208 16
208 56
208 61
208 84
208 85
208 90
208 117
208 165
208 170
208 174
208 175
208 281
208 250
208 354
208 440
208 442
208 437
208 340
208 401
208 385
208 346
208 370
208 327
208 255
208 421
208 264
208 231
208 372
208 345
208 251
295 32
295 37
295 42
295 58
295 91
295 99
295 118
295 122
295 123
295 132
295 137
295 143
295 168
295 173
295 181
295 209
295 212
295 222
295 223
295 227
295 228
295 271
295 278
295 283
295 338
295 322
295 312
295 427
295 302
295 348
295 434
295 403
295 343
295 324
295 361
384 11
384 16
384 23
384 27
384 45
384 81
384 87
384 91
384 101
384 133
384 135
384 138
384 147
384 160
384 167
384 176
384 177
384 181
384 225
384 227
384 231
384 237
384 247
384 248
384 250
384 261
384 262
384 266
384 271
384 281
384 287
384 315
384 340
384 342
384 347
384 351
384 356
384 358
384 361
384 363
384 372
384 430
384 447
384 402
384 392
384 412
384 405
127 15
127 18
127 39
127 111
127 116
127 125
127 180
127 185
127 300
127 336
127 229
127 134
127 350
127 288
127 144
127 210
127 240
127 139
127 325
127 235
127 393
127 349
127 226
127 263
127 424
127 345
127 341
18 150
18 341
18 330
18 401
18 145
18 395
18 294
18 240
18 242
18 310
18 196
18 61
18 116
18 229
18 380
18 281
18 286
18 237
18 352
18 45
18 139
18 325
18 235
18 226
18 49
18 225
18 382
18 409
18 305
18 41
18 427
18 319
18 140
18 176
18 57
139 13
139 22
139 30
139 55
139 56
139 61
139 120
139 128
139 307
139 231
139 145
139 426
139 246
139 302
139 336
139 235
139 431
139 411
139 206
139 210
139 146
139 415
139 247
139 353
139 390
139 251
139 421
139 342
139 238
139 300
139 156
139 312
139 243
139 325
139 236
139 167
379 37
379 52
379 62
379 70
379 76
379 82
379 86
379 87
379 88
379 93
379 160
379 166
379 167
379 171
379 172
379 176
379 177
379 181
379 203
379 216
379 222
379 227
379 232
379 237
379 241
379 250
379 256
379 261
379 311
379 313
379 318
379 332
379 340
379 341
379 351
379 357
379 428
379 436
379 430
379 441
379 407
37 3
37 5
37 8
37 10
37 15
37 30
37 33
37 303
37 355
37 111
37 65
37 116
37 368
37 269
37 250
37 354
37 278
37 79
37 70
37 254
37 123
37 164
37 200
37 393
37 259
37 336
37 188
37 429
37 98
37 213
37 360
37 273
37 374
37 298
37 94
37 230
37 341
37 328
37 239
37 350
37 189
37 253
37 179
37 240
37 226
409 13
409 22
409 31
409 35
409 36
409 41
409 47
409 51
409 52
409 61
409 67
409 72
409 82
409 92
409 121
409 125
409 128
409 131
409 136
409 141
409 150
409 207
409 212
409 215
409 221
409 237
409 238
409 240
409 243
409 252
409 302
409 305
409 307
409 311
409 316
409 326
409 330
409 352
409 353
409 362
409 377
409 395
409 396
409 406
409 407
409 412
409 420
409 422
409 427
409 411
8 267
8 166
8 391
8 400
8 305
8 396
8 226
8 350
8 46
8 51
8 377
8 56
8 262
8 290
8 446
8 152
8 381
8 42
8 254
8 25
8 266
8 427
8 74
8 395
8 231
8 434
8 115
8 161
8 164
8 380
8 101
8 87
8 344
8 40
8 306
8 252
164 13
164 16
164 20
164 32
164 45
164 86
164 87
164 101
164 110
164 123
164 131
164 132
164 135
164 152
164 225
164 201
164 376
164 191
164 377
164 432
164 291
164 361
164 286
164 207
164 226
164 322
164 233
164 348
164 315
164 196
164 290
164 200
164 167
164 446
164 238
164 181
164 212
164 405
164 271
164 380
83 22
83 41
83 44
83 46
83 57
83 65
83 66
83 67
83 70
83 381
83 235
83 137
83 250
83 150
83 91
83 326
83 320
83 266
83 376
83 362
83 325
83 430
83 285
83 206
83 321
83 134
83 132
83 330
83 301
83 441
83 357
83 261
83 260
83 151
83 247
83 386
83 402
83 340
83 122
83 224
83 425
83 106
83 242
83 230
83 341
83 307
83 404
83 420
83 314
83 410
44 423
44 266
44 237
44 302
44 67
44 88
44 313
44 242
44 76
44 250
44 356
44 441
44 177
44 70
44 308
44 261
44 430
44 171
44 352
44 160
44 191
44 122
44 340
44 107
63 29
63 30
63 35
63 41
63 54
63 306
63 119
63 310
63 195
63 160
63 324
63 410
63 426
63 407
63 209
63 205
63 290
63 256
63 234
63 400
63 380
63 191
63 300
63 246
63 412
63 299
63 421
63 72
63 305
63 222
63 414
63 216
63 422
63 389
63 200
63 196
63 432
63 144
63 390
63 436
389 2
389 20
389 42
389 45
389 62
389 68
389 101
389 110
389 111
389 117
389 132
389 135
389 172
389 177
389 178
389 196
389 200
389 225
389 237
389 286
389 288
389 290
389 293
389 315
389 347
389 361
389 380
389 381
389 405
389 407
389 403
389 402
389 432
290 3
290 26
290 42
290 54
290 68
290 91
290 93
290 112
290 113
290 116
290 117
290 132
290 169
290 173
290 181
290 206
290 212
290 222
290 223
290 228
290 233
290 271
290 278
290 279
290 284
290 288
290 343
290 352
290 296
290 302
290 347
290 397
290 447
290 386
290 361
290 398
290 448
290 394
290 307
93 19
93 21
93 27
93 51
93 52
93 56
93 60
93 65
93 70
93 75
93 85
93 86
93 337
93 271
93 340
93 360
93 446
93 425
93 106
93 442
93 264
93 107
93 300
93 156
93 386
93 222
93 175
93 116
93 430
93 261
93 325
93 326
93 289
93 355
93 155
93 101
93 177
93 255
93 331
93 332
93 245
93 291
93 237
93 170
93 231
93 372
93 174
93 265
93 216
93 447
93 109
93 361
93 199
93 246
93 142
93 250
93 407
109 27
109 52
109 65
109 82
109 88
109 90
109 91
109 101
109 106
109 107
109 270
109 111
109 180
109 222
109 122
109 313
109 360
109 402
109 191
109 286
109 281
109 172
109 203
109 425
109 386
109 335
109 428
109 201
109 227
109 167
109 177
109 155
109 371
109 362
109 245
109 291
109 237
109 361
109 318
109 196
109 252
38 334
38 90
38 236
38 291
38 355
38 406
38 445
38 154
38 411
38 280
38 192
38 255
38 241
38 405
38 181
38 250
38 86
38 417
38 424
38 165
38 161
38 76
38 187
38 345
38 71
38 302
38 412
38 440
38 39
38 70
38 77
38 309
38 75
38 64
38 85
38 221
38 244
38 170
38 231
38 372
38 399
38 175
38 116
38 307
38 350
38 46
38 222
38 129
38 260
38 216
38 62
39 5
39 357
39 352
39 361
39 266
39 263
39 430
39 91
39 271
39 402
39 250
39 86
39 242
39 231
39 146
39 275
39 166
39 416
39 365
39 176
39 62
39 268
39 185
39 70
39 95
39 351
39 257
39 160
39 436
39 177
98 15
98 31
98 42
98 46
98 75
98 76
98 84
98 85
98 90
98 92
98 95
98 170
98 161
98 440
98 326
98 435
98 236
98 396
98 262
98 301
98 330
98 391
98 377
98 336
98 226
98 246
98 180
98 355
98 441
98 267
98 152
98 270
98 381
98 430
98 261
98 157
98 354
98 350
98 222
98 345
98 251
98 264
98 275
98 174
98 445
98 121
98 192
180 27
180 32
180 42
180 47
180 53
180 91
180 117
180 122
180 132
180 138
180 158
180 268
180 222
180 278
180 397
180 207
180 223
180 392
180 328
180 361
180 428
180 271
180 402
180 433
180 181
264 5
264 16
264 22
264 42
264 47
264 56
264 70
264 76
264 77
264 81
264 91
264 95
264 137
264 157
264 160
264 161
264 166
264 167
264 181
264 185
264 213
264 227
264 250
264 256
264 261
264 361
264 365
264 340
264 442
264 436
264 447
264 401
264 327
264 437
264 337
264 392
264 372
264 307
264 381
264 430
264 431
264 275
264 351
264 433
185 32
185 34
185 47
185 52
185 62
185 66
185 91
185 103
185 112
185 123
185 137
185 142
185 147
185 149
185 156
185 158
185 181
185 397
185 361
185 227
185 336
185 337
185 246
185 412
185 243
185 328
185 268
185 307
185 271
185 312
185 374
185 212
185 213
185 393
185 259
185 426
185 317
373 41
373 64
373 65
373 80
373 82
373 86
373 87
373 126
373 154
373 155
373 167
373 192
373 197
373 216
373 221
373 236
373 244
373 250
373 260
373 265
373 281
373 301
373 307
373 312
373 331
373 334
373 340
373 352
373 417
373 422
373 424
373 440
373 445
373 396
373 442
334 11
334 16
334 21
334 27
334 33
334 65
334 90
334 111
334 117
334 147
334 148
334 155
334 191
334 192
334 201
334 237
334 242
334 245
334 258
334 263
334 270
334 281
334 286
334 307
334 312
334 317
334 371
334 372
334 427
334 361
334 362
334 347
334 425
334 442
334 335
65 22
65 23
65 26
65 27
65 28
65 32
65 33
65 62
65 271
65 212
65 162
65 138
65 392
65 148
65 362
65 263
65 418
65 428
65 116
65 397
65 383
65 167
65 318
65 386
65 402
65 307
65 193
65 339
65 361
65 308
65 224
65 206
65 248
65 114
65 143
65 449
65 296
138 5
138 11
138 16
138 24
138 52
138 55
138 70
138 71
138 105
138 114
138 122
138 126
138 131
138 137
138 430
138 145
138 179
138 240
138 425
138 315
138 361
138 392
138 301
138 205
138 167
138 162
138 449
138 156
138 320
138 351
138 340
138 305
138 204
138 140
138 421
138 245
138 201
138 160
138 372
138 294
138 150
138 257
138 415
138 426
138 227
138 269
138 307
138 250
138 356
138 412
138 359
138 235
138 406
269 28
269 47
269 62
269 70
269 86
269 91
269 101
269 137
269 143
269 160
269 166
269 172
269 177
269 201
269 207
269 227
269 250
269 253
269 256
269 261
269 267
269 363
269 430
269 382
269 446
269 371
269 322
269 411
269 307
269 442
269 362
269 340
269 368
70 32
70 42
70 418
70 148
70 361
70 402
70 318
70 193
70 159
70 322
70 143
70 232
70 313
70 122
70 133
70 242
70 154
70 271
70 181
70 392
70 253
70 307
70 433
70 91
70 227
13 74
13 417
13 434
13 210
13 111
13 405
13 320
13 45
13 161
13 46
13 312
13 344
13 310
13 56
13 331
13 51
13 197
13 341
13 49
13 315
13 380
13 281
13 82
13 216
13 87
13 221
13 422
13 254
13 229
13 400
13 120
13 251
13 410
13 307
13 319
13 140
13 446
13 62
13 30
13 421
13 342
319 50
319 57
319 62
319 72
319 87
319 128
319 132
319 140
319 171
319 176
319 192
319 196
319 230
319 237
319 238
319 243
319 247
319 252
319 256
319 307
319 361
319 362
319 341
319 353
319 320
319 431
319 382
319 410
319 446
319 436
319 447
410 23
410 42
410 47
410 57
410 66
410 78
410 91
410 94
410 122
410 142
410 152
410 156
410 183
410 188
410 193
410 204
410 227
410 246
410 248
410 271
410 298
410 307
410 308
410 313
410 314
410 336
410 361
410 392
410 407
410 412
410 426
410 429
307 5
307 15
307 29
307 34
307 49
307 54
307 60
307 75
307 80
307 88
307 103
307 111
307 116
307 175
307 193
307 226
307 229
307 230
307 235
307 244
307 263
307 283
307 288
307 289
307 300
307 355
307 315
307 324
307 350
307 400
307 399
307 314
307 309
307 336
307 394
307 448
307 413
307 364
307 341
353 16
353 22
353 30
353 40
353 41
353 49
353 51
353 57
353 61
353 95
353 101
353 130
353 132
353 137
353 140
353 146
353 151
353 206
353 210
353 211
353 225
353 229
353 247
353 261
353 266
353 286
353 305
353 310
353 315
353 321
353 326
353 357
353 396
353 411
353 390
353 435
353 362
353 405
353 397
353 395
353 377
49 16
49 22
49 45
49 266
49 302
49 82
49 356
49 412
49 361
49 207
49 242
49 437
49 196
49 252
49 136
49 137
49 286
49 237
49 315
49 281
49 352
49 238
49 225
49 382
49 405
49 397
49 243
49 101
49 357
49 128
49 135
49 446
49 422
405 23
405 27
405 42
405 68
405 73
405 91
405 123
405 132
405 133
405 159
405 181
405 188
405 207
405 212
405 227
405 238
405 271
405 274
405 298
405 302
405 312
405 358
405 361
405 363
405 392
405 397
405 402
405 403
405 407
397 4
397 10
397 14
397 15
397 19
397 23
397 24
397 29
397 75
397 111
397 113
397 114
397 115
397 116
397 119
397 120
397 125
397 130
397 189
397 199
397 203
397 204
397 209
397 226
397 235
397 240
397 249
397 293
397 294
397 299
397 336
397 338
397 341
397 350
397 369
397 383
397 400
397 420
397 413
2 440
2 29
2 19
2 110
2 14
2 338
2 158
2 261
2 445
2 146
2 449
2 155
2 371
2 434
2 299
2 395
2 294
2 150
2 330
2 385
2 68
2 248
2 24
2 235
2 141
2 428
2 199
2 58
2 234
2 105
2 31
2 23
2 204
2 50
2 256
2 118
2 9
2 40
2 36
440 14
440 19
440 31
440 33
440 56
440 82
440 87
440 92
440 121
440 129
440 146
440 148
440 158
440 177
440 178
440 187
440 192
440 203
440 211
440 213
440 236
440 239
440 244
440 257
440 258
440 267
440 301
440 326
440 352
440 354
440 357
440 362
440 412
440 416
440 428
440 433
440 447
29 22
29 407
29 61
29 237
29 71
29 51
29 177
29 227
29 146
29 62
29 226
29 437
29 346
29 251
29 426
29 347
29 116
29 66
29 120
29 431
29 332
29 390
29 231
29 192
29 178
29 331
29 422
29 288
29 336
29 403
29 30
29 241
29 68
29 300
29 156
29 42
29 293
29 210
29 236
29 167
19 52
19 117
19 342
19 331
19 62
19 61
19 201
19 227
19 151
19 337
19 136
19 146
19 92
19 51
19 287
19 406
19 32
19 428
19 236
19 141
19 131
19 232
19 221
19 152
19 46
19 402
19 350
19 316
19 47
19 313
19 321
19 203
19 56
19 352
19 170
19 231
19 372
19 260
19 216
19 242
19 318
19 80
19 311
19 137
110 3
110 54
110 58
110 59
110 301
110 272
110 173
110 372
110 113
110 343
110 112
110 427
110 168
110 228
110 448
110 284
110 391
110 242
110 279
110 347
110 403
110 118
110 178
110 398
110 121
110 169
110 187
110 338
110 394
14 141
14 195
14 411
14 337
14 116
14 372
14 16
14 167
14 447
14 273
14 216
14 267
14 226
14 201
14 158
14 57
14 126
14 437
14 285
14 321
14 112
14 170
14 51
14 377
14 316
14 227
14 15
14 406
14 302
14 383
14 80
14 131
14 322
14 375
14 306
14 432
338 5
338 9
338 10
338 25
338 31
338 34
338 81
338 99
338 100
338 112
338 115
338 117
338 124
338 146
338 151
338 152
338 156
338 162
338 166
338 171
338 189
338 190
338 201
338 205
338 210
338 221
338 226
338 227
338 275
338 279
338 285
338 287
338 300
338 304
338 306
338 337
338 376
338 371
338 446
338 430
338 442
338 342
338 369
338 377
338 394
158 10
158 26
158 31
158 36
158 66
158 85
158 90
158 112
158 117
158 136
158 146
158 261
158 175
158 355
158 306
158 251
158 170
158 431
158 256
158 421
158 342
158 337
158 365
158 201
158 227
158 374
158 284
158 445
158 194
158 190
158 237
158 360
158 266
158 312
261 67
261 73
261 78
261 84
261 88
261 89
261 90
261 92
261 95
261 99
261 113
261 149
261 154
261 157
261 159
261 168
261 178
261 205
261 210
261 224
261 247
261 258
261 362
261 348
261 427
261 428
261 288
261 324
261 423
261 358
261 433
261 308
261 434
261 337
261 314
261 435
261 343
261 430
261 363
261 320
261 272
261 303
261 315
445 31
445 59
445 64
445 78
445 87
445 88
445 92
445 107
445 121
445 174
445 177
445 183
445 187
445 192
445 197
445 211
445 213
445 258
445 263
445 267
445 268
445 284
445 289
445 301
445 318
445 362
445 372
445 382
445 383
445 391
445 399
445 402
146 53
146 79
146 92
146 100
146 103
146 129
146 134
146 253
146 433
146 423
146 248
146 194
146 283
146 414
146 189
146 272
146 258
146 304
146 328
146 418
146 249
146 325
146 435
146 419
146 408
146 364
146 210
146 178
146 299
146 215
146 362
449 16
449 21
449 28
449 32
449 47
449 92
449 101
449 116
449 143
449 152
449 155
449 162
449 191
449 201
449 212
449 245
449 247
449 253
449 281
449 286
449 291
449 296
449 327
449 332
449 335
449 357
449 363
449 368
449 371
449 376
449 381
449 407
449 425
449 437
155 11
155 28
155 72
155 82
155 88
155 101
155 148
155 347
155 342
155 428
155 252
155 224
155 262
155 193
155 339
155 177
155 318
155 371
155 362
155 191
155 281
155 442
155 368
155 357
371 40
371 45
371 59
371 92
371 114
371 159
371 160
371 173
371 243
371 265
371 270
371 272
371 318
371 328
371 358
371 362
371 394
371 380
371 385
371 383
434 25
434 27
434 50
434 51
434 81
434 86
434 115
434 122
434 123
434 142
434 147
434 161
434 166
434 176
434 181
434 205
434 207
434 212
434 230
434 233
434 238
434 247
434 251
434 256
434 266
434 272
434 317
434 348
434 361
434 372
434 377
434 385
434 427
434 431
434 446
299 35
299 51
299 56
299 67
299 68
299 101
299 125
299 126
299 131
299 137
299 141
299 156
299 172
299 177
299 178
299 215
299 216
299 226
299 227
299 231
299 236
299 288
299 293
299 407
299 402
299 395
299 306
299 322
299 412
299 316
299 362
299 403
299 305
299 311
395 22
395 27
395 51
395 68
395 73
395 74
395 117
395 118
395 122
395 128
395 141
395 148
395 178
395 184
395 189
395 207
395 231
395 233
395 238
395 243
395 298
395 302
395 321
395 348
395 377
395 392
395 398
395 414
395 408
395 411
294 23
294 26
294 27
294 46
294 51
294 60
294 87
294 112
294 117
294 121
294 126
294 131
294 133
294 150
294 172
294 211
294 221
294 222
294 226
294 231
294 232
294 240
294 248
294 257
294 287
294 406
294 396
294 347
294 372
294 326
294 447
294 401
294 363
294 391
294 352
294 330
294 377
294 420
294 358
150 33
150 36
150 64
150 67
150 69
150 72
150 88
150 126
150 337
150 437
150 172
150 287
150 253
150 179
150 404
150 216
150 248
150 222
150 363
150 306
150 342
150 313
150 289
150 418
150 396
150 257
330 31
330 64
330 69
330 87
330 113
330 121
330 133
330 143
330 177
330 179
330 187
330 211
330 248
330 272
330 287
330 289
330 301
330 318
330 447
330 423
330 432
330 404
330 428
330 352
330 391
330 377
330 418
385 3
385 11
385 58
385 68
385 76
385 99
385 101
385 107
385 113
385 118
385 166
385 172
385 173
385 177
385 209
385 233
385 256
385 272
385 288
385 324
385 346
385 348
385 357
385 362
385 403
385 448
385 436
68 25
68 26
68 35
68 40
68 42
68 151
68 337
68 305
68 196
68 311
68 141
68 130
68 209
68 396
68 361
68 117
68 256
68 306
68 342
68 135
68 381
68 132
68 390
68 231
68 192
68 125
68 316
68 227
68 225
68 300
68 156
68 216
68 357
68 220
68 301
68 119
68 400
248 24
248 26
248 27
248 31
248 56
248 67
248 81
248 112
248 114
248 117
248 130
248 131
248 135
248 140
248 142
248 145
248 151
248 201
248 204
248 227
248 230
248 232
248 235
248 240
248 245
248 246
248 361
248 340
248 376
248 342
248 425
248 401
248 415
248 416
248 316
248 337
248 420
248 325
248 262
24 16
24 23
24 392
24 232
24 167
24 122
24 417
24 156
24 247
24 31
24 416
24 46
24 402
24 326
24 337
24 358
24 246
24 52
24 426
24 227
24 82
24 55
24 411
24 415
24 336
24 242
24 151
24 67
24 133
24 145
24 61
24 327
24 235
24 136
24 27
24 325
24 56
24 262
235 22
235 23
235 27
235 32
235 42
235 46
235 71
235 73
235 78
235 112
235 122
235 134
235 136
235 137
235 161
235 188
235 193
235 222
235 226
235 228
235 423
235 298
235 308
235 392
235 408
235 431
235 312
235 251
235 418
235 303
235 316
235 402
235 448
235 364
235 341
235 413
235 249
235 359
235 406
141 27
141 55
141 58
141 92
141 113
141 117
141 129
141 285
141 390
141 233
141 194
141 165
141 272
141 283
141 414
141 148
141 433
141 328
141 428
141 199
141 408
141 184
141 223
141 304
141 170
141 243
141 207
141 189
141 280
141 188
141 249
428 31
428 36
428 50
428 80
428 112
428 117
428 151
428 165
428 175
428 191
428 196
428 199
428 201
428 216
428 221
428 227
428 236
428 256
428 260
428 265
428 289
428 311
428 316
428 335
428 337
428 340
428 342
428 345
428 346
428 350
428 361
428 370
199 36
199 51
199 52
199 61
199 62
199 71
199 75
199 76
199 81
199 88
199 107
199 112
199 116
199 142
199 156
199 161
199 162
199 165
199 167
199 177
199 241
199 336
199 313
199 346
199 431
199 337
199 237
199 201
199 227
199 287
199 203
199 212
199 435
199 236
199 437
199 255
199 331
199 332
199 318
199 345
199 222
199 246
58 10
58 15
58 20
58 21
58 25
58 26
58 27
58 30
58 31
58 46
58 54
58 251
58 136
58 311
58 375
58 362
58 142
58 86
58 137
58 210
58 252
58 381
58 120
58 71
58 105
58 271
58 222
58 234
58 312
58 115
58 117
58 414
58 100
58 416
58 76
58 324
58 205
58 441
58 177
58 144
58 151
58 247
234 15
234 21
234 22
234 26
234 27
234 31
234 46
234 77
234 105
234 117
234 152
234 173
234 195
234 197
234 211
234 216
234 220
234 221
234 362
234 381
234 296
234 401
234 417
234 241
234 400
234 357
234 447
234 436
234 386
234 283
234 312
234 375
234 267
234 398
234 285
105 9
105 31
105 53
105 82
105 92
105 103
105 362
105 283
105 113
105 272
105 253
105 418
105 301
105 448
105 168
105 357
105 239
105 211
105 447
105 192
105 308
105 124
105 349
105 121
105 343
105 391
105 287
31 114
31 404
31 343
31 59
31 339
31 335
31 73
31 148
31 253
31 124
31 239
31 168
31 349
31 399
31 362
31 215
31 174
31 238
31 344
31 220
31 418
31 69
31 272
31 284
31 92
23 55
23 45
23 401
23 57
23 335
23 166
23 145
23 116
23 71
23 66
23 230
23 341
23 287
23 315
23 231
23 226
23 172
23 25
23 446
23 62
23 114
23 296
23 420
23 204
23 50
23 256
23 325
23 56
23 82
23 415
23 336
23 242
23 361
23 136
23 27
204 50
204 66
204 71
204 76
204 81
204 107
204 112
204 133
204 140
204 142
204 166
204 177
204 342
204 447
204 232
204 336
204 230
204 341
204 363
204 331
204 320
204 351
204 421
204 358
204 346
204 316
204 227
204 436
204 267
204 256
204 246
50 362
50 89
50 188
50 193
50 429
50 197
50 166
50 107
50 76
50 192
50 308
50 314
50 87
50 437
50 413
50 298
50 94
50 358
50 346
50 423
50 267
50 243
50 256
50 128
50 436
50 447
256 92
256 99
256 113
256 143
256 149
256 154
256 160
256 165
256 194
256 213
256 233
256 243
256 254
256 374
256 258
256 309
256 423
256 259
256 275
256 369
256 390
256 362
256 348
256 272
118 9
118 15
118 25
118 36
118 40
118 99
118 100
118 212
118 195
118 176
118 291
118 411
118 396
118 279
118 170
118 231
118 369
118 390
118 346
118 236
118 260
118 126
118 437
118 121
118 430
118 171
118 442
118 327
118 189
118 125
9 3
9 301
9 375
9 126
9 26
9 121
9 222
9 437
9 107
9 206
9 382
9 171
9 113
9 296
9 122
9 396
9 172
9 16
9 167
9 381
9 132
9 227
9 285
9 291
9 392
9 211
9 447
9 47
9 15
9 412
9 131
9 322
9 228
9 195
9 311
9 342
9 40
9 36
9 343
9 391
9 287
40 4
40 11
40 36
40 126
40 191
40 293
40 362
40 408
40 437
40 101
40 87
40 317
40 348
40 92
40 258
40 172
40 358
40 114
40 298
40 229
40 347
40 342
40 233
40 396
40 442
40 119
40 216
40 357
40 413
40 281
40 262
40 344
40 306
40 252
36 35
36 427
36 272
36 173
36 229
36 157
36 433
36 124
36 247
36 263
36 374
36 174
36 265
36 362
36 243
36 114
36 423
36 314
36 92
36 258
36 239
36 375
36 69
36 67
36 337
36 129
36 260
3 337
3 391
3 442
3 326
3 115
3 51
3 390
3 221
3 331
3 20
3 107
3 120
3 100
3 370
3 446
3 125
3 46
3 160
3 101
3 447
3 279
3 112
3 425
3 106
3 332
3 190
3 401
3 222
3 99
3 205
3 321
3 195
3 131
3 280
3 231
3 189
3 10
3 226
3 369
3 300
3 246
3 412
337 25
337 30
337 41
337 85
337 99
337 144
337 145
337 151
337 175
337 183
337 200
337 239
337 250
337 266
337 273
337 289
337 325
337 394
337 376
337 370
337 375
337 374
337 365
337 360
337 415
337 430
337 343
391 64
391 69
391 107
391 113
391 124
391 172
391 174
391 183
391 197
391 215
391 220
391 262
391 284
391 287
391 335
391 339
391 343
391 352
391 364
391 377
391 394
391 404
391 399
391 442
391 418
442 28
442 56
442 61
442 84
442 89
442 99
442 160
442 166
442 171
442 179
442 183
442 184
442 205
442 210
442 215
442 233
442 253
442 260
442 270
442 274
442 279
442 281
442 286
442 298
442 344
442 359
442 364
442 370
442 374
442 375
442 396
442 430
442 435
326 54
326 84
326 87
326 100
326 144
326 148
326 173
326 177
326 178
326 179
326 188
326 210
326 213
326 215
326 233
326 244
326 254
326 263
326 267
326 325
326 414
326 424
326 363
326 359
326 357
326 368
326 358
326 433
326 435
326 447
115 22
115 27
115 71
115 99
115 107
115 192
115 382
115 431
115 168
115 341
115 372
115 448
115 178
115 293
115 238
115 358
115 212
115 233
115 173
115 392
115 318
115 403
115 209
115 343
115 377
115 123
115 251
115 207
115 287
115 117
115 161
115 283
115 324
51 165
51 249
51 55
51 189
51 288
51 390
51 348
51 74
51 363
51 103
51 149
51 188
51 159
51 197
51 193
51 287
51 113
51 394
51 358
51 60
51 129
51 107
51 383
51 170
51 168
51 79
51 280
51 239
51 285
51 377
390 34
390 76
390 113
390 123
390 144
390 166
390 167
390 187
390 192
390 228
390 231
390 233
390 238
390 247
390 254
390 272
390 343
390 346
390 364
390 369
390 411
390 408
390 418
390 398
390 436
221 28
221 53
221 62
221 64
221 79
221 80
221 85
221 113
221 129
221 134
221 152
221 169
221 173
221 183
221 189
221 190
221 193
221 195
221 283
221 288
221 242
221 349
221 358
221 420
221 233
221 344
221 310
221 254
221 274
221 273
221 278
221 305
221 422
221 359
221 415
221 332
331 30
331 34
331 62
331 78
331 88
331 89
331 140
331 145
331 152
331 154
331 178
331 183
331 188
331 193
331 242
331 249
331 255
331 259
331 260
331 273
331 303
331 309
331 358
331 419
331 403
331 370
331 363
331 448
331 364
331 365
331 422
331 332
20 284
20 278
20 169
20 62
20 233
20 402
20 232
20 178
20 111
20 291
20 417
20 308
20 47
20 302
20 187
20 398
20 54
20 201
20 137
20 403
20 42
20 343
20 279
20 21
20 412
20 223
20 394
20 381
20 222
107 5
107 60
107 89
107 274
107 165
107 194
107 363
107 183
107 289
107 355
107 386
107 149
107 275
107 166
107 273
107 393
107 259
107 161
107 340
107 129
107 170
120 22
120 71
120 112
120 382
120 228
120 288
120 341
120 369
120 183
120 364
120 197
120 283
120 287
120 358
120 448
120 173
120 207
120 413
120 192
120 398
120 144
120 161
120 123
120 392
120 178
120 431
120 251
120 348
120 254
120 212
100 53
100 56
100 57
100 79
100 82
100 92
100 328
100 352
100 189
100 172
100 113
100 167
100 262
100 368
100 258
100 422
100 283
100 309
100 257
100 437
100 383
100 194
100 236
100 347
100 304
100 103
100 419
100 414
100 416
370 61
370 62
370 77
370 79
370 84
370 88
370 92
370 103
370 112
370 113
370 151
370 152
370 157
370 168
370 183
370 189
370 194
370 213
370 237
370 241
370 252
370 257
370 262
370 273
370 304
370 327
370 332
370 342
370 414
370 393
370 383
370 419
370 421
446 25
446 34
446 62
446 94
446 99
446 103
446 128
446 135
446 140
446 143
446 149
446 152
446 183
446 209
446 239
446 242
446 250
446 279
446 293
446 332
446 359
446 360
446 363
446 365
446 374
446 383
446 394
446 422
446 429
125 27
125 46
125 74
125 117
125 243
125 252
125 238
125 207
125 192
125 398
125 343
125 327
125 228
125 189
125 312
125 233
125 183
125 302
125 227
125 293
125 226
125 408
125 184
125 136
125 173
125 414
125 316
125 317
125 128
125 406
125 212
46 10
46 15
46 42
46 193
46 244
46 188
46 178
46 240
46 184
46 268
46 404
46 228
46 189
46 313
46 402
46 433
46 132
46 312
46 354
46 129
46 350
46 448
46 124
46 222
160 11
160 33
160 76
160 82
160 87
160 101
160 143
160 154
160 281
160 308
160 272
160 346
160 357
160 447
160 191
160 363
160 372
160 436
160 177
160 253
160 362
160 368
160 166
160 172
101 4
101 45
101 53
101 54
101 79
101 87
101 267
101 273
101 168
101 270
101 224
101 394
101 274
101 447
101 193
101 339
101 178
101 363
101 448
101 177
101 243
101 380
101 368
101 357
447 4
447 10
447 45
447 84
447 89
447 94
447 95
447 128
447 154
447 174
447 183
447 194
447 211
447 216
447 265
447 273
447 274
447 275
447 279
447 320
447 325
447 363
447 375
447 433
447 435
447 436
447 441
279 11
279 21
279 47
279 57
279 81
279 113
279 132
279 162
279 176
279 196
279 200
279 201
279 222
279 227
279 228
279 381
279 380
279 332
279 396
279 401
279 386
279 343
279 412
112 5
112 10
112 54
112 55
112 60
112 84
112 85
112 91
112 175
112 170
112 400
112 431
112 280
112 304
112 316
112 183
112 364
112 340
112 404
112 206
112 436
112 189
112 284
112 374
112 225
112 273
112 165
112 363
112 285
112 321
425 16
425 33
425 57
425 62
425 77
425 106
425 114
425 128
425 147
425 148
425 162
425 193
425 196
425 222
425 224
425 237
425 242
425 247
425 283
425 286
425 313
425 332
425 339
425 342
425 347
425 363
425 368
425 376
425 417
425 418
106 59
106 62
106 85
106 88
106 90
106 103
106 315
106 273
106 152
106 368
106 288
106 422
106 284
106 174
106 328
106 394
106 200
106 224
106 242
106 193
106 339
106 332
332 28
332 30
332 78
332 80
332 85
332 111
332 135
332 145
332 174
332 178
332 183
332 184
332 190
332 193
332 216
332 249
332 255
332 273
332 274
332 289
332 305
332 336
332 363
332 360
332 359
332 415
332 339
190 41
190 42
190 52
190 66
190 79
190 84
190 128
190 131
190 147
190 152
190 156
190 168
190 177
190 189
190 414
190 246
190 242
190 417
190 377
190 278
190 412
190 247
190 401
190 393
190 312
190 402
190 448
190 426
190 317
190 194
190 237
190 304
190 327
190 213
190 419
190 336
190 422
401 33
401 57
401 64
401 69
401 74
401 80
401 85
401 113
401 129
401 147
401 179
401 189
401 195
401 203
401 237
401 289
401 293
401 298
401 305
401 308
401 327
401 348
401 349
401 398
401 417
401 404
401 420
222 15
222 41
222 75
222 99
222 114
222 124
222 129
222 130
222 156
222 161
222 183
222 188
222 205
222 209
222 266
222 273
222 430
222 364
222 300
222 363
222 386
222 414
222 305
222 268
222 309
222 324
222 238
222 229
222 354
222 350
222 448
222 403
222 271
222 339
222 318
222 345
222 223
222 394
222 381
99 25
99 42
99 71
99 86
99 91
99 167
99 166
99 392
99 228
99 361
99 272
99 377
99 171
99 362
99 271
99 266
99 113
99 205
99 157
99 343
99 137
205 53
205 81
205 87
205 113
205 123
205 133
205 152
205 157
205 162
205 167
205 171
205 172
205 177
205 343
205 398
205 288
205 407
205 257
205 233
205 247
205 347
205 403
205 209
205 432
205 223
205 342
205 283
205 357
205 351
205 324
205 441
321 22
321 53
321 54
321 55
321 78
321 79
321 129
321 134
321 165
321 170
321 173
321 183
321 189
321 193
321 194
321 244
321 249
321 253
321 268
321 273
321 280
321 285
321 309
321 313
321 433
321 348
321 324
321 363
321 339
321 382
195 41
195 53
195 57
195 113
195 124
195 131
195 142
195 152
195 168
195 173
195 193
195 407
195 317
195 328
195 422
195 393
195 349
195 239
195 412
195 343
195 322
195 228
195 311
195 342
131 28
131 52
131 80
131 128
131 129
131 344
131 310
131 233
131 133
131 393
131 349
131 213
131 419
131 328
131 239
131 398
131 313
131 298
131 184
131 305
131 142
131 420
131 232
131 253
131 359
131 415
131 148
131 244
131 412
131 383
131 343
131 322
280 27
280 52
280 53
280 79
280 92
280 113
280 117
280 147
280 168
280 187
280 189
280 192
280 193
280 194
280 197
280 223
280 228
280 231
280 243
280 309
280 417
280 283
280 414
280 328
280 419
280 287
280 393
280 382
280 372
280 304
280 411
231 28
231 55
231 60
231 74
231 79
231 84
231 165
231 170
231 178
231 189
231 192
231 194
231 203
231 213
231 298
231 354
231 359
231 393
231 348
231 383
231 398
231 324
231 244
231 358
231 372
189 10
189 27
189 35
189 57
189 113
189 152
189 311
189 417
189 411
189 215
189 272
189 305
189 306
189 342
189 343
189 406
189 421
189 432
189 327
189 312
189 228
189 226
10 161
10 79
10 448
10 302
10 207
10 136
10 117
10 103
10 341
10 252
10 242
10 304
10 71
10 32
10 33
10 406
10 414
10 316
10 407
10 273
10 194
10 419
10 251
10 228
10 226
226 4
226 15
226 113
226 124
226 134
226 179
226 278
226 383
226 354
226 324
226 298
226 283
226 293
226 393
226 349
226 328
226 239
226 350
226 413
226 249
226 253
226 240
226 228
369 30
369 66
369 76
369 81
369 113
369 132
369 151
369 156
369 161
369 162
369 166
369 167
369 187
369 210
369 227
369 228
369 232
369 236
369 241
369 246
369 251
369 300
369 341
369 343
369 346
369 426
369 412
300 34
300 42
300 66
300 132
300 137
300 142
300 144
300 152
300 156
300 183
300 227
300 228
300 232
300 238
300 246
300 254
300 259
300 283
300 288
300 293
300 317
300 343
300 408
300 364
300 403
300 336
300 327
300 426
300 412
300 312
246 34
246 52
246 53
246 75
246 84
246 94
246 133
246 142
246 143
246 144
246 148
246 179
246 194
246 232
246 243
246 254
246 429
246 419
246 322
246 423
246 259
246 424
246 358
246 415
246 412
246 298
412 15
412 21
412 75
412 80
412 124
412 128
412 129
412 134
412 135
412 136
412 140
412 148
412 149
412 168
412 170
412 241
412 243
412 244
412 250
412 253
412 305
412 308
412 309
412 343
412 349
412 355
412 356
412 359
412 361
412 365
412 398
412 399
412 419
412 423
412 420
412 415
4 310
4 212
4 73
4 87
4 111
4 188
4 26
4 392
4 220
4 211
4 22
4 396
4 130
4 291
4 147
4 298
4 408
4 183
4 400
4 386
4 377
4 413
4 281
4 262
310 16
310 41
310 57
310 77
310 87
310 114
310 119
310 123
310 128
310 147
310 157
310 162
310 167
310 196
310 229
310 232
310 233
310 237
310 252
310 253
310 257
310 286
310 403
310 427
310 376
310 339
310 348
310 344
310 417
310 358
212 15
212 28
212 53
212 54
212 66
212 71
212 74
212 89
212 103
212 124
212 128
212 143
212 148
212 169
212 170
212 175
212 181
212 209
212 291
212 298
212 359
212 413
212 274
212 315
212 284
212 296
212 233
212 238
212 318
212 345
212 239
212 285
212 411
212 374
212 288
212 348
212 254
212 349
212 244
212 350
212 406
73 41
73 42
73 45
73 47
73 55
73 325
73 215
73 196
73 400
73 272
73 381
73 382
73 365
73 421
73 162
73 360
73 266
73 184
73 305
73 436
73 267
73 251
73 91
73 157
73 94
73 230
73 431
73 274
73 281
73 172
73 364
73 415
73 426
73 137
87 64
87 69
87 78
87 79
87 103
87 283
87 159
87 169
87 325
87 220
87 424
87 168
87 374
87 95
87 348
87 344
87 154
87 254
87 216
87 193
87 244
87 436
87 215
87 211
87 258
87 363
87 303
87 429
87 320
87 318
87 430
87 441
87 380
111 62
111 64
111 193
111 135
111 114
111 148
111 113
111 403
111 233
111 344
111 130
111 242
111 183
111 274
111 240
111 263
111 245
111 174
111 399
111 355
188 16
188 26
188 27
188 42
188 45
188 55
188 60
188 61
188 62
188 66
188 69
188 71
188 94
188 130
188 140
188 145
188 152
188 156
188 159
188 167
188 176
188 320
188 375
188 216
188 267
188 400
188 230
188 262
188 420
188 377
188 336
188 429
188 274
188 315
188 392
188 339
188 381
188 249
188 364
188 417
26 229
26 394
26 344
26 124
26 328
26 433
26 284
26 228
26 103
26 154
26 194
26 233
26 254
26 148
26 64
26 178
26 207
26 53
26 349
26 54
26 399
26 313
26 404
26 60
26 398
26 285
26 278
26 169
26 117
26 114
26 213
26 59
26 175
26 27
26 119
26 400
392 5
392 15
392 60
392 66
392 71
392 78
392 94
392 95
392 123
392 175
392 181
392 184
392 210
392 224
392 228
392 230
392 254
392 259
392 274
392 291
392 296
392 298
392 318
392 344
392 345
392 355
392 364
392 374
392 406
392 400
392 408
392 411
392 399
392 404
392 429
220 22
220 114
220 119
220 121
220 178
220 187
220 207
220 211
220 229
220 382
220 408
220 348
220 413
220 339
220 238
220 344
220 358
220 301
211 22
211 59
211 78
211 88
211 124
211 129
211 174
211 177
211 178
211 183
211 239
211 344
211 363
211 267
211 413
211 339
211 382
211 448
211 354
211 357
211 215
211 258
211 213
22 5
22 316
22 91
22 239
22 170
22 144
22 54
22 314
22 230
22 229
22 265
22 414
22 305
22 285
22 134
22 64
22 59
22 225
22 90
22 436
22 400
22 263
22 173
22 324
22 178
22 431
22 193
22 339
22 206
396 35
396 69
396 82
396 119
396 172
396 174
396 179
396 183
396 184
396 229
396 233
396 243
396 244
396 260
396 262
396 265
396 284
396 289
396 298
396 344
396 349
396 352
396 354
396 375
396 424
396 418
130 21
130 47
130 52
130 114
130 119
130 123
130 128
130 293
130 317
130 258
130 227
130 348
130 201
130 233
130 147
130 262
130 417
130 257
130 344
130 238
130 229
130 381
130 303
130 339
130 291
130 327
291 15
291 32
291 33
291 34
291 57
291 64
291 122
291 135
291 147
291 148
291 154
291 213
291 223
291 224
291 237
291 240
291 245
291 289
291 302
291 394
291 344
291 383
291 349
291 417
291 308
291 318
291 355
291 303
291 339
291 327
147 25
147 30
147 33
147 61
147 64
147 66
147 79
147 84
147 94
147 123
147 135
147 140
147 360
147 349
147 245
147 303
147 249
147 289
147 174
147 265
147 154
147 254
147 213
147 393
147 259
147 374
147 365
147 169
147 200
147 286
147 404
147 420
147 233
147 176
298 45
298 91
298 94
298 121
298 142
298 171
298 176
298 184
298 230
298 271
298 274
298 286
298 437
298 327
298 346
298 375
298 415
298 426
298 364
298 325
298 416
298 411
298 305
298 407
298 341
298 431
298 382
298 312
408 11
408 25
408 52
408 71
408 76
408 81
408 94
408 117
408 135
408 136
408 140
408 145
408 162
408 167
408 184
408 210
408 230
408 236
408 241
408 274
408 320
408 336
408 356
408 362
408 364
408 380
408 400
183 30
183 35
183 41
183 61
183 75
183 94
183 135
183 156
183 305
183 271
183 215
183 301
183 274
183 225
183 406
183 302
183 320
183 351
183 347
183 184
183 262
183 364
183 417
183 400
183 386
183 377
400 27
400 114
400 116
400 119
400 178
400 206
400 229
400 233
400 263
400 287
400 293
400 296
400 303
400 339
400 344
400 348
400 377
400 382
400 386
386 42
386 59
386 60
386 103
386 114
386 119
386 132
386 175
386 178
386 179
386 193
386 197
386 224
386 233
386 263
386 278
386 283
386 285
386 287
386 289
386 312
386 318
386 344
386 349
386 368
386 377
386 394
386 448
386 402
386 399
377 34
377 60
377 69
377 79
377 159
377 161
377 165
377 166
377 170
377 175
377 239
377 275
377 278
377 285
377 289
377 318
377 343
377 349
377 358
377 368
377 424
377 383
377 418
413 45
413 60
413 69
413 92
413 94
413 136
413 145
413 159
413 184
413 196
413 200
413 207
413 241
413 249
413 251
413 262
413 274
413 281
413 315
413 322
413 325
413 339
413 341
413 364
413 411
413 429
413 415
413 432
413 437
413 416
281 28
281 45
281 82
281 103
281 133
281 172
281 203
281 224
281 229
281 238
281 239
281 262
281 265
281 270
281 274
281 293
281 283
281 368
281 380
281 352
262 35
262 45
262 56
262 61
262 69
262 74
262 79
262 123
262 133
262 159
262 166
262 171
262 174
262 184
262 210
262 213
262 224
262 286
262 320
262 278
262 430
262 393
262 349
262 285
262 368
262 344
262 420
262 303
262 339
262 288
262 414
262 325
5 268
5 383
5 178
5 223
5 32
5 303
5 117
5 328
5 71
5 273
5 374
5 393
5 259
5 161
5 431
5 448
5 34
5 341
5 103
5 149
5 251
268 52
268 62
268 67
268 86
268 90
268 129
268 161
268 170
268 175
268 177
268 206
268 230
268 265
268 374
268 441
268 365
268 271
268 286
268 402
268 399
268 287
268 309
268 345
268 360
268 356
383 57
383 62
383 80
383 81
383 90
383 95
383 116
383 121
383 151
383 167
383 170
383 172
383 175
383 194
383 236
383 267
383 270
383 275
383 284
383 322
383 374
383 436
178 25
178 30
178 35
178 56
178 62
178 67
178 119
178 135
178 156
178 161
178 177
178 381
178 441
178 200
178 251
178 306
178 402
178 216
178 209
178 431
178 422
178 215
178 362
178 287
223 11
223 16
223 34
223 66
223 75
223 117
223 122
223 124
223 126
223 152
223 181
223 191
223 416
223 356
223 411
223 296
223 236
223 306
223 342
223 365
223 347
223 232
223 285
223 237
223 441
223 304
223 394
223 381
32 15
32 159
32 69
32 349
32 60
32 259
32 154
32 340
32 304
32 123
32 74
32 393
32 169
32 200
32 345
32 33
32 350
32 406
32 303
32 249
32 308
32 314
32 230
32 71
32 148
32 64
32 355
32 433
32 181
32 213
32 149
32 66
32 143
32 296
303 11
303 16
303 21
303 55
303 66
303 69
303 71
303 90
303 145
303 152
303 159
303 230
303 245
303 247
303 249
303 257
303 372
303 325
303 429
303 320
303 441
303 339
303 327
303 315
117 34
117 84
117 114
117 313
117 289
117 209
117 240
117 245
117 194
117 361
117 324
117 399
117 175
117 304
117 345
117 251
117 184
117 136
117 398
117 285
117 278
117 169
117 258
117 335
328 16
328 27
328 47
328 59
328 76
328 80
328 85
328 86
328 90
328 137
328 142
328 149
328 156
328 170
328 201
328 215
328 239
328 252
328 266
328 270
328 271
328 275
328 311
328 365
328 419
328 362
328 360
328 350
71 33
71 34
71 364
71 122
71 209
71 213
71 149
71 448
71 94
71 129
71 173
71 429
71 423
71 144
71 228
71 259
71 84
71 302
71 123
71 308
71 314
71 230
71 318
71 345
71 348
71 254
273 41
273 55
273 80
273 90
273 95
273 151
273 166
273 191
273 194
273 225
273 265
273 266
273 355
273 381
273 375
273 441
273 284
273 286
273 275
273 374
273 341
374 47
374 57
374 62
374 66
374 76
374 81
374 86
374 95
374 156
374 161
374 167
374 171
374 176
374 201
374 267
374 272
374 275
374 341
374 365
374 431
374 441
374 436
393 11
393 15
393 66
393 79
393 95
393 121
393 142
393 161
393 169
393 200
393 236
393 241
393 257
393 259
393 285
393 317
393 341
393 349
393 372
393 380
393 426
259 53
259 66
259 76
259 81
259 95
259 132
259 151
259 156
259 161
259 168
259 171
259 210
259 241
259 432
259 327
259 336
259 436
259 322
259 341
259 382
259 275
259 372
259 278
259 365
259 427
259 426
259 317
161 42
161 119
161 123
161 132
161 148
161 149
161 312
161 193
161 340
161 448
161 197
161 399
161 358
161 230
161 287
161 254
161 288
161 324
161 309
161 318
161 424
161 345
431 34
431 59
431 64
431 84
431 94
431 149
431 174
431 203
431 209
431 230
431 238
431 243
431 258
431 263
431 314
431 340
431 343
431 345
431 382
431 424
431 448
431 433
448 15
448 25
448 30
448 34
448 62
448 67
448 116
448 124
448 156
448 177
448 266
448 275
448 285
448 287
448 304
448 341
448 356
448 375
448 394
448 402
34 30
34 210
34 351
34 67
34 251
34 426
34 441
34 62
34 95
34 126
34 347
34 436
34 156
34 42
34 86
34 72
34 402
34 152
34 237
34 365
34 242
34 341
34 166
34 113
34 275
34 76
341 28
341 33
341 89
341 94
341 103
341 113
341 192
341 209
341 213
341 230
341 254
341 263
341 283
341 314
341 340
341 372
341 354
341 419
341 364
341 424
341 345
103 47
103 56
103 59
103 82
103 85
103 92
103 192
103 171
103 260
103 200
103 271
103 312
103 175
103 241
103 197
103 422
103 419
103 360
103 176
103 327
103 239
103 285
103 411
103 426
103 355
103 201
103 149
103 251
149 27
149 47
149 66
149 77
149 81
149 95
149 187
149 441
149 192
149 257
149 197
149 266
149 156
149 365
149 176
149 252
149 275
149 362
149 426
149 251
149 213
251 27
251 84
251 123
251 143
251 144
251 148
251 154
251 207
251 209
251 230
251 233
251 238
251 429
251 433
251 359
251 364
251 263
251 340
251 419
251 345
372 11
372 33
372 60
372 74
372 79
372 84
372 95
372 116
372 121
372 123
372 154
372 165
372 170
372 174
372 194
372 213
372 236
372 244
372 275
372 285
372 346
372 350
372 354
288 35
288 54
288 61
288 119
288 144
288 162
288 181
288 196
288 200
288 209
288 210
288 237
288 242
288 286
288 305
288 352
288 324
288 336
288 414
128 16
128 55
128 77
128 126
128 187
128 176
128 325
128 210
128 241
128 140
128 356
128 302
128 192
128 320
128 286
128 417
128 229
128 436
128 135
128 422
128 406
228 11
228 16
228 30
228 52
228 81
228 85
228 126
228 151
228 162
228 166
228 167
228 191
228 196
228 227
228 296
228 406
228 305
228 315
228 430
228 380
228 361
228 312
228 426
228 311
228 342
398 11
398 54
398 76
398 77
398 80
398 121
398 144
398 187
398 192
398 200
398 210
398 215
398 216
398 236
398 241
398 267
398 275
398 285
398 301
398 302
398 305
398 324
398 375
398 376
398 380
398 417
398 414
398 411
54 16
54 362
54 86
54 316
54 137
54 381
54 302
54 121
54 192
54 187
54 380
54 191
54 91
54 347
54 357
54 173
54 376
54 196
54 162
54 181
54 283
54 200
54 167
238 27
238 45
238 74
238 86
238 135
238 137
238 140
238 142
238 156
238 181
238 196
238 225
238 229
238 230
238 311
238 254
238 315
238 362
238 421
238 336
238 252
238 416
238 381
238 344
238 411
238 302
238 312
308 11
308 21
308 45
308 55
308 61
308 77
308 121
308 134
308 137
308 145
308 176
308 181
308 187
308 192
308 206
308 210
308 224
308 227
308 230
308 236
308 240
308 255
308 302
308 380
308 325
308 420
308 320
308 430
308 417
308 356
308 335
308 404
308 316
308 314
308 426
224 16
224 21
224 57
224 67
224 88
224 116
224 122
224 206
224 376
224 352
224 313
224 245
224 296
224 357
224 423
224 286
224 247
224 335
224 402
224 242
33 16
33 30
33 142
33 350
33 240
33 116
33 60
33 126
33 306
33 64
33 61
33 345
33 257
33 244
33 416
33 335
33 192
33 154
33 340
33 122
33 347
33 424
33 435
33 56
33 352
33 286
33 237
335 88
335 92
335 114
335 143
335 187
335 192
335 253
335 258
335 318
335 423
335 339
335 362
335 382
335 433
192 11
192 45
192 121
192 144
192 174
192 283
192 215
192 340
192 346
192 314
192 414
192 320
192 324
192 244
192 236
274 16
274 42
274 45
274 86
274 91
274 135
274 167
274 172
274 196
274 225
274 267
274 271
274 356
274 286
274 381
274 436
274 361
274 315
274 407
274 312
225 78
225 159
225 173
225 187
225 193
225 293
225 243
225 358
225 382
148 11
148 21
148 27
148 41
148 42
148 64
148 75
148 80
148 85
148 137
148 142
148 301
148 250
148 421
148 170
148 362
148 361
148 165
148 420
148 311
148 252
148 430
148 355
148 154
148 340
148 267
148 255
148 241
148 437
148 260
148 216
148 152
148 244
148 350
148 406
148 424
148 345
154 27
154 42
154 76
154 77
154 82
154 86
154 122
154 137
154 417
154 361
154 351
154 250
154 422
154 171
154 352
154 216
154 247
154 346
154 271
154 362
154 258
154 436
154 430
154 263
154 340
340 28
340 62
340 88
340 122
340 143
340 207
340 233
340 258
340 263
340 322
340 437
340 362
394 62
394 72
394 113
394 116
394 137
394 177
394 191
394 200
394 201
394 232
394 242
394 287
394 347
394 352
394 357
394 376
394 380
394 381
55 27
55 78
55 358
55 359
55 302
55 267
55 193
55 433
55 347
55 313
55 134
55 382
55 253
55 157
55 364
55 133
55 411
55 249
45 11
45 78
45 358
45 191
45 403
45 348
45 368
45 159
45 242
45 167
45 203
45 137
45 352
45 133
45 172
45 243
45 357
191 28
191 72
191 124
191 162
191 169
191 187
191 342
191 432
191 423
191 284
191 265
191 339
191 252
191 270
191 243
191 278
191 380
435 42
435 56
435 81
435 84
435 88
435 89
435 92
435 143
435 167
435 177
435 213
435 236
435 263
435 272
435 309
435 314
435 318
435 322
435 342
435 351
435 352
435 362
435 368
435 416
435 423
435 424
435 432
435 433
435 441
435 437
313 11
313 15
313 16
313 60
313 66
313 75
313 76
313 121
313 122
313 132
313 134
313 170
313 176
313 200
313 232
313 237
313 240
313 241
313 250
313 289
313 406
313 342
313 314
313 347
313 350
313 402
313 381
313 404
309 56
309 72
309 75
309 76
309 77
309 122
309 132
309 165
309 187
309 236
309 241
309 247
309 255
309 257
309 263
309 302
309 407
309 416
309 362
309 352
309 345
309 336
315 16
315 62
315 77
315 81
315 123
315 133
315 159
315 162
315 167
315 193
315 196
315 247
315 252
315 286
315 287
315 293
315 376
315 347
315 342
315 422
315 437
315 348
315 358
315 318
315 441
315 351
133 16
133 61
133 80
133 91
133 114
133 122
133 126
133 415
133 237
133 232
133 181
133 135
133 430
133 347
133 285
133 296
133 227
133 351
133 167
133 411
133 145
133 327
416 53
416 72
416 74
416 129
416 134
416 162
416 187
416 210
416 215
416 244
416 249
416 318
416 325
416 364
416 414
416 432
416 424
416 419
403 11
403 30
403 42
403 66
403 119
403 122
403 137
403 166
403 167
403 171
403 181
403 209
403 215
403 232
403 236
403 237
403 241
403 271
403 301
403 305
403 311
403 346
403 347
403 381
209 25
209 61
209 72
209 81
209 122
209 166
209 167
209 171
209 177
209 181
209 196
209 227
209 342
209 230
209 266
209 293
209 407
209 402
209 237
209 216
209 351
209 271
168 15
168 25
168 52
168 79
168 92
168 95
168 136
168 151
168 156
168 414
168 376
168 317
168 206
168 169
168 312
168 255
168 427
168 411
168 356
168 349
79 11
79 41
79 42
79 53
79 66
79 317
79 322
79 206
79 151
79 336
79 278
79 157
79 92
79 382
79 421
79 342
79 411
79 187
411 53
411 122
411 123
411 143
411 165
411 170
411 184
411 187
411 239
411 285
411 302
411 359
411 399
411 419
411 414
358 41
358 52
358 60
358 62
358 67
358 114
358 135
358 162
358 177
358 196
358 271
358 287
358 301
358 305
358 325
358 346
358 381
358 441
358 402
358 420
358 415
358 361
114 27
114 62
114 67
114 177
114 206
114 122
114 376
114 243
114 342
114 363
114 296
114 187
114 245
114 201
114 137
114 301
114 196
114 162
301 53
301 64
301 119
301 129
301 143
301 174
301 184
301 187
301 215
301 284
301 423
301 318
301 418
301 404
301 349
301 399
275 76
275 77
275 113
275 166
275 187
275 213
275 267
275 357
275 287
275 346
275 402
275 362
275 436
76 53
76 59
76 89
76 144
76 318
76 429
76 123
76 254
76 94
76 418
76 239
76 187
76 324
76 113
76 258
76 424
76 165
267 35
267 89
267 95
267 169
267 174
267 179
267 184
267 210
267 216
267 244
267 265
267 359
267 325
267 364
267 278
267 368
267 441
267 433
267 375
267 436
166 82
166 94
166 165
166 352
166 193
166 287
166 197
166 424
166 253
166 368
166 172
305 41
305 47
305 52
305 67
305 74
305 137
305 142
305 152
305 157
305 173
305 184
305 233
305 317
305 312
305 348
305 407
305 322
305 422
305 414
305 427
305 311
350 42
350 47
350 113
350 129
350 132
350 134
350 136
350 203
350 213
350 227
350 239
350 244
350 258
350 283
350 316
350 318
350 359
350 402
350 433
350 354
350 406
56 293
56 210
56 172
56 113
56 84
56 59
56 368
56 344
56 314
56 215
56 129
56 404
56 304
56 203
56 424
56 352
56 78
56 249
56 325
56 82
152 25
152 75
152 80
152 84
152 145
152 368
152 354
152 174
152 355
152 429
152 278
152 169
152 365
152 270
152 173
152 441
152 244
152 260
152 216
152 418
152 249
152 415
152 336
381 15
381 42
381 132
381 135
381 174
381 193
381 229
381 240
381 245
381 254
381 278
381 293
381 312
381 339
381 344
381 348
381 355
381 360
381 368
381 399
381 404
381 402
42 41
42 433
42 84
42 135
42 354
42 278
42 179
42 360
42 266
42 399
42 355
42 364
42 368
42 89
42 244
42 80
42 254
42 156
42 343
42 271
42 424
42 345
254 30
254 77
254 92
254 123
254 142
254 176
254 196
254 207
254 210
254 216
254 233
254 236
254 241
254 257
254 421
254 343
254 432
254 422
254 348
254 272
254 437
25 113
25 407
25 27
25 293
25 278
25 402
25 137
25 62
25 318
25 82
25 283
25 86
25 427
25 173
25 324
25 157
25 343
25 266
25 356
25 52
25 233
25 176
266 67
266 132
266 135
266 140
266 157
266 159
266 173
266 213
266 247
266 250
266 253
266 258
266 365
266 427
266 363
266 324
266 343
266 360
266 312
427 41
427 59
427 78
427 84
427 90
427 140
427 145
427 151
427 169
427 230
427 239
427 255
427 258
427 278
427 348
427 365
427 376
427 424
427 429
74 35
74 66
74 215
74 312
74 437
74 116
74 348
74 123
74 233
74 406
74 302
380 11
380 59
380 77
380 82
380 162
380 167
380 169
380 172
380 187
380 243
380 252
380 272
380 278
380 352
380 357
344 16
344 21
344 52
344 123
344 197
344 201
344 206
344 233
344 252
344 257
344 286
344 296
344 306
344 317
344 348
344 417
306 35
306 59
306 64
306 69
306 72
306 119
306 124
306 129
306 162
306 179
306 213
306 252
306 253
306 260
306 265
306 318
306 342
306 375
306 432
252 59
252 69
252 81
252 85
252 90
252 95
252 124
252 179
252 196
252 418
252 421
252 270
252 399
252 414
252 339
252 375
252 420
252 311
252 318
375 53
375 67
375 77
375 124
375 126
375 157
375 167
375 172
375 216
375 239
375 247
375 263
375 347
375 349
375 352
375 417
375 437
375 432
126 35
126 64
126 77
126 404
126 179
126 349
126 244
126 260
126 263
126 437
126 399
126 347
126 257
126 265
126 167
121 53
121 59
121 113
121 119
121 215
121 404
121 314
121 184
121 213
121 239
121 399
121 349
121 174
437 11
437 16
437 28
437 30
437 35
437 53
437 84
437 88
437 90
437 94
437 95
437 123
437 143
437 144
437 145
437 173
437 210
437 233
437 236
437 241
437 244
437 255
437 260
437 320
437 349
437 351
437 424
437 429
437 430
206 60
206 69
206 78
206 88
206 134
206 159
206 169
206 173
206 175
206 193
206 349
206 343
206 229
206 382
206 404
206 289
206 423
206 348
206 285
206 263
206 339
382 53
382 59
382 60
382 69
382 89
382 91
382 94
382 165
382 174
382 230
382 243
382 253
382 285
382 316
382 343
382 364
382 365
382 436
382 433
171 28
171 82
171 89
171 90
171 94
171 95
171 113
171 278
171 172
171 320
171 430
171 352
171 193
171 339
113 27
113 57
113 62
113 75
113 200
113 124
113 240
113 172
113 360
113 176
113 116
113 230
113 304
113 287
113 336
113 362
113 351
113 167
113 157
296 53
296 59
296 60
296 122
296 124
296 143
296 169
296 173
296 174
296 175
296 213
296 284
296 285
296 318
296 349
296 302
296 399
296 404
122 15
122 66
122 75
122 399
122 230
122 170
122 285
122 318
122 289
122 355
122 348
122 181
122 359
122 406
172 35
172 90
172 320
172 286
172 304
172 194
172 210
172 430
172 203
172 293
172 215
172 284
172 175
172 420
172 368
16 142
16 229
16 232
16 77
16 123
16 90
16 143
16 284
16 257
16 213
16 59
16 85
16 52
16 347
16 283
16 200
16 167
167 11
167 30
167 35
167 64
167 95
167 145
167 194
167 203
167 364
167 284
167 263
167 424
167 265
167 318
167 241
167 283
167 200
167 351
167 243
167 325
167 293
167 210
167 236
132 15
132 75
132 123
132 129
132 419
132 399
132 355
132 270
132 263
132 324
132 156
132 414
132 173
132 144
132 135
132 404
132 240
132 271
132 433
132 354
227 15
227 75
227 86
227 91
227 135
227 201
227 284
227 240
227 304
227 311
227 360
227 285
227 289
227 355
227 245
227 314
227 368
227 250
227 415
227 426
227 316
227 433
285 62
285 88
285 116
285 124
285 173
285 197
285 232
285 239
285 247
285 283
285 287
285 349
285 302
47 15
47 28
47 84
47 433
47 94
47 179
47 240
47 91
47 253
47 250
47 311
47 343
47 318
47 316
47 245
47 426
47 360
47 86
47 59
47 355
47 201
15 232
15 278
15 21
15 239
15 283
15 343
15 402
15 312
15 124
15 316
15 302
15 53
15 406
15 349
15 136
322 21
322 53
322 80
322 84
322 129
322 135
322 136
322 140
322 143
322 179
322 233
322 240
322 241
322 245
322 314
322 349
322 355
322 364
322 415
322 361
322 404
322 343
322 360
322 356
311 64
311 72
311 80
311 85
311 137
311 162
311 179
311 239
311 244
311 289
311 404
311 354
311 317
311 415
311 423
311 314
311 407
311 420
311 342
311 318
342 30
342 35
342 53
342 81
342 86
342 119
342 169
342 196
342 200
342 265
342 289
342 430
342 421
343 21
343 41
343 66
343 85
343 91
343 137
343 157
343 162
343 210
343 230
343 271
343 272
343 287
343 420
343 376
343 406
287 60
287 64
287 88
287 119
287 124
287 129
287 170
287 175
287 203
287 230
287 293
287 289
287 420
287 304
287 345
287 399
302 59
302 60
302 75
302 84
302 129
302 144
302 169
302 173
302 175
302 181
302 184
302 230
302 233
302 240
302 404
302 399
302 314
302 320
302 429
302 349
302 345
302 324
302 406
207 53
207 84
207 123
207 136
207 143
207 159
207 170
207 179
207 230
207 250
207 361
207 345
207 233
207 359
207 349
207 339
207 243
136 27
136 52
136 69
136 244
136 419
136 233
136 179
136 232
136 194
136 243
136 239
136 414
136 418
136 249
136 159
136 404
136 142
136 184
136 193
136 240
136 349
242 80
242 85
242 124
242 129
242 135
242 216
242 263
242 399
242 314
242 284
242 304
242 245
242 365
242 415
242 336
242 318
242 260
304 66
304 67
304 77
304 82
304 92
304 177
304 187
304 232
304 241
304 347
304 316
304 406
304 336
304 422
304 361
304 327
406 53
406 123
406 134
406 184
406 194
406 233
406 239
406 240
406 244
406 249
406 349
406 359
414 27
414 35
414 41
414 61
414 156
414 173
414 215
414 216
414 236
414 247
414 283
414 316
414 317
414 357
414 407
414 421
414 417
414 422
316 124
316 129
316 134
316 137
316 173
316 240
316 253
316 407
316 404
316 318
316 317
407 86
407 91
407 124
407 135
407 143
407 179
407 201
407 240
407 243
407 245
407 250
407 255
407 314
407 360
407 364
407 368
407 420
407 423
407 415
407 426
194 52
194 57
194 61
194 66
194 151
194 272
194 236
194 347
194 426
194 317
194 237
419 27
419 41
419 61
419 92
419 142
419 151
419 197
419 213
419 241
419 247
419 271
419 312
419 336
419 362
419 426
419 422
11 270
11 257
11 213
11 123
11 159
11 265
11 77
11 203
11 169
11 229
11 347
270 28
270 53
270 82
270 187
270 243
270 352
270 433
270 362
270 272
257 35
257 59
257 85
257 90
257 95
257 123
257 175
257 213
257 236
257 241
257 244
257 249
257 260
257 320
257 359
257 325
257 351
213 27
213 59
213 66
213 72
213 84
213 85
213 95
213 116
213 142
213 174
213 175
213 354
213 245
213 286
213 360
213 239
213 265
213 336
213 422
123 30
123 66
123 116
123 142
123 181
123 351
123 200
123 165
123 346
123 176
123 271
123 210
123 236
159 27
159 67
159 78
159 81
159 91
159 135
159 312
159 418
159 351
159 317
159 193
159 441
159 247
265 59
265 64
265 72
265 174
265 216
265 232
265 263
265 357
265 432
265 289
265 284
265 362
265 317
265 399
265 347
265 433
77 30
77 75
77 250
77 241
77 95
77 351
77 210
77 236
203 21
203 41
203 57
203 60
203 62
203 75
203 85
203 116
203 142
203 175
203 336
203 345
203 420
203 247
203 289
203 355
203 352
169 53
169 162
169 201
169 181
169 441
169 187
169 286
169 200
169 196
169 278
229 41
229 57
229 72
229 86
229 116
229 137
229 196
229 362
229 243
229 247
229 347
229 417
229 286
347 30
347 35
347 80
347 85
347 94
347 129
347 134
347 135
347 145
347 200
347 236
347 241
347 320
347 430
347 399
347 351
215 92
215 173
215 184
215 293
215 272
215 357
215 243
215 258
215 236
215 362
399 85
399 116
399 175
399 187
399 196
399 197
399 232
399 263
399 286
399 327
399 355
399 362
399 402
90 62
90 67
90 81
90 82
90 88
90 441
90 286
90 376
90 351
90 318
90 196
90 432
116 28
116 60
116 88
116 89
116 179
116 349
116 293
116 175
116 289
346 28
346 94
346 129
346 165
346 424
314 57
314 61
314 66
314 72
314 75
314 88
314 140
314 165
314 193
314 230
314 241
314 255
314 436
314 351
314 320
314 352
314 441
314 357
314 423
314 345
314 426
129 62
129 72
129 80
129 263
129 177
129 237
129 352
129 236
129 260
129 216
129 170
236 84
236 88
236 144
236 210
236 233
236 364
236 359
236 244
236 263
236 424
236 318
236 243
236 325
236 293
53 317
53 241
53 271
53 170
53 95
53 81
53 432
53 200
53 196
53 349
349 66
349 157
349 197
349 278
349 327
417 30
417 61
417 80
417 85
417 134
417 144
417 145
417 165
417 176
417 193
417 244
417 245
417 255
417 283
417 286
417 324
417 348
417 355
417 364
417 404
417 420
417 424
210 81
210 144
210 162
210 441
210 351
210 357
210 318
210 233
210 364
210 362
210 293
320 67
320 81
320 82
320 89
320 92
320 94
320 162
320 272
320 352
320 432
320 351
320 441
320 363
320 418
320 429
312 41
312 75
312 78
312 89
312 135
312 156
312 193
312 240
312 244
312 249
312 258
312 271
312 283
312 348
312 368
312 360
197 30
197 59
197 60
197 94
197 144
197 175
197 193
197 249
197 244
197 283
82 59
82 61
82 78
82 244
82 286
82 89
82 424
82 260
82 239
82 283
82 324
82 193
82 339
82 249
82 325
216 35
216 59
216 62
216 69
216 88
216 119
216 174
216 177
216 184
216 193
216 404
216 289
216 422
216 433
216 357
216 244
216 318
216 260
422 30
422 35
422 59
422 64
422 85
422 135
422 140
422 193
422 200
422 230
422 239
422 283
422 336
422 360
422 365
422 415
422 441
422 429
140 57
140 61
140 62
140 86
140 89
140 94
140 356
140 151
140 243
140 418
140 247
140 241
140 363
140 421
140 432
140 429
140 176
62 30
62 135
62 336
62 293
62 284
62 250
62 441
62 255
62 124
62 200
62 364
62 88
62 260
62 249
62 145
30 57
30 432
30 232
30 283
30 72
30 157
30 173
30 241
30 364
30 61
30 144
30 151
30 247
30 421
421 35
421 72
421 84
421 89
421 143
421 145
421 162
421 243
421 253
421 255
421 260
421 354
421 364
421 365
421 424
421 432
201 28
201 59
201 135
201 137
201 143
201 179
201 360
201 243
201 258
201 253
201 348
201 289
201 284
201 317
201 240
201 355
201 368
201 245
57 200
57 293
57 61
57 355
57 360
57 80
57 365
57 286
57 176
57 66
170 27
170 239
170 187
170 354
170 177
170 237
170 244
80 41
80 52
80 134
80 433
80 354
80 258
80 232
80 247
80 263
80 239
80 244
80 318
80 137
432 35
432 81
432 86
432 94
432 143
432 145
432 179
432 196
432 200
432 233
432 260
432 339
432 354
232 21
232 28
232 119
232 124
232 179
232 361
232 240
232 241
232 359
232 415
232 420
232 360
232 356
278 60
278 86
278 151
278 162
278 241
278 271
278 336
278 441
278 361
278 365
21 135
21 284
21 245
21 339
21 404
21 240
21 124
21 52
21 289
21 355
21 142
239 41
239 92
239 137
239 142
239 260
239 247
239 441
239 357
283 66
283 86
283 144
283 200
283 286
283 327
283 441
283 357
283 324
283 361
402 88
402 124
402 134
402 135
402 156
402 271
402 289
402 293
402 404
402 420
402 433
124 67
124 91
124 187
142 59
142 64
142 75
142 85
142 94
142 361
142 420
142 245
142 250
142 356
142 324
142 418
142 249
142 424
142 404
142 240
142 184
142 289
142 355
143 89
143 91
143 325
143 250
143 361
143 200
143 196
143 145
143 359
143 179
143 240
143 362
284 52
284 85
284 92
284 175
284 200
284 327
284 286
284 355
284 317
59 27
59 357
59 376
59 247
59 137
59 187
59 85
59 72
59 355
59 175
85 41
85 52
85 64
85 247
85 137
85 318
85 196
85 376
85 289
85 157
85 286
85 327
85 92
85 174
52 94
52 318
52 415
52 289
52 355
52 360
52 193
52 69
52 240
52 356
200 67
200 88
200 157
200 162
200 177
200 196
200 237
200 376
200 286
134 67
134 72
134 88
134 193
134 352
134 362
134 145
134 151
134 415
134 423
134 156
134 325
134 187
134 137
134 356
263 41
263 64
263 75
263 137
263 156
263 165
263 244
263 245
263 247
263 250
263 260
263 357
263 430
263 355
263 362
263 336
263 424
263 345
404 41
404 60
404 67
404 88
404 137
404 193
404 240
404 352
404 357
404 423
404 420
144 61
144 66
144 81
144 357
144 362
144 156
144 271
144 173
144 241
144 327
144 151
144 247
144 436
324 27
324 72
324 86
324 91
324 157
324 173
324 177
324 181
324 196
324 271
324 441
324 436
324 357
324 361
28 165
28 66
28 327
28 179
28 89
28 75
28 336
28 245
28 359
28 415
145 61
145 67
145 78
145 243
145 157
145 423
145 193
145 247
145 253
145 359
145 241
145 151
145 327
145 364
145 249
240 64
240 69
240 92
240 137
240 179
240 193
240 258
240 253
196 72
196 162
196 243
196 348
196 339
196 233
196 318
61 35
61 249
61 429
61 89
61 84
61 352
61 260
61 193
61 237
61 255
61 327
61 364
286 84
286 237
286 352
286 327
286 348
237 66
237 75
237 176
237 365
237 255
237 360
237 250
237 245
352 35
352 119
352 243
352 244
352 260
352 430
352 424
325 78
325 177
325 187
325 243
325 249
325 368
325 362
325 359
325 418
325 364
41 415
41 354
41 318
41 64
41 173
41 253
41 157
41 258
41 424
41 244
41 289
41 247
41 420
41 67
176 94
176 135
176 429
176 360
176 327
176 250
176 365
176 233
151 35
151 67
151 253
151 424
151 260
151 255
151 157
151 365
151 247
92 64
92 69
92 78
92 348
92 95
92 258
92 244
92 174
260 162
260 193
260 241
260 244
260 247
260 368
260 359
260 433
260 354
260 318
318 35
318 81
318 137
318 162
318 175
318 181
318 241
318 289
318 356
318 351
318 362
318 355
318 430
318 441
318 345
137 78
137 86
137 91
137 135
137 418
137 173
137 430
137 245
137 249
137 364
137 415
137 426
137 253
137 250
233 81
233 356
233 361
233 272
187 423
187 243
135 67
135 86
135 317
135 258
135 356
135 293
245 88
245 177
245 193
245 418
245 317
245 327
245 339
245 368
339 78
339 193
339 247
339 327
339 418
339 376
289 60
289 72
289 88
289 157
289 175
289 247
289 420
289 355
355 64
355 174
355 317
355 433
91 78
91 317
91 243
91 193
91 94
91 173
91 258
91 244
91 253
91 433
230 72
230 78
230 94
230 193
230 293
230 429
230 243
64 27
64 60
64 175
64 420
64 258
436 78
436 84
436 89
436 165
436 173
436 177
436 244
436 258
436 348
436 357
173 156
173 157
173 376
173 362
173 247
173 271
173 181
173 241
173 357
173 317
193 60
193 69
193 271
193 426
193 249
193 365
193 429
193 441
66 364
66 415
66 75
66 249
66 94
66 327
66 78
66 429
420 67
420 69
420 72
420 88
420 157
420 179
420 184
420 243
420 247
420 258
420 327
420 363
415 72
415 78
415 156
415 243
415 249
415 253
415 336
415 359
415 364
415 423
415 426
415 418
336 75
336 89
336 249
336 293
336 364
336 429
336 418
361 27
361 243
361 423
361 363
27 418
27 60
27 249
27 175
156 75
156 88
156 89
156 348
156 364
156 243
156 368
247 75
247 95
247 365
247 430
247 424
247 255
247 418
247 363
247 250
247 368
247 376
426 75
426 78
426 84
426 249
426 293
426 317
426 364
426 429
67 35
67 119
67 255
67 95
67 376
67 88
67 243
67 69
327 69
327 84
327 360
293 119
293 364
86 72
86 423
86 433
86 348
86 365
86 162
86 94
86 368
86 360
86 317
86 253
86 250
157 84
157 95
157 365
157 376
157 433
157 184
157 255
157 253
157 364
157 430
356 250
356 365
356 360
433 84
433 162
433 174
433 181
433 271
433 272
433 354
433 360
433 430
60 179
60 184
60 418
60 363
60 69
60 423
60 88
175 174
119 177
119 357
418 69
418 81
418 162
418 249
418 272
418 362
418 376
418 429
249 78
165 84
165 89
165 362
165 363
165 258
165 424
179 363
179 368
179 253
89 75
89 255
89 345
89 177
89 162
89 253
89 441
89 368
89 363
89 272
75 423
75 317
75 78
75 424
75 177
75 88
75 84
75 368
359 241
359 253
359 368
359 363
177 88
177 95
177 424
177 430
177 441
241 35
241 84
241 364
241 244
241 253
241 365
241 424
241 255
72 35
72 69
72 95
72 81
72 423
72 243
364 271
364 362
253 162
253 250
253 272
253 255
253 365
362 174
362 429
362 424
174 317
69 78
69 272
272 95
272 363
272 348
345 84
345 162
345 423
345 424
181 348
244 258
424 255
424 258
351 84
351 88
351 94
351 95
351 429
351 430
441 88
441 94
441 95
441 357
441 429
441 430
95 81
95 357
365 162
35 348
35 243
35 184
348 317
243 357
184 162
423 255
258 250
258 255
258 430
258 376
258 317
368 250
368 357
368 376
250 363
354 162
354 357
429 78
429 81
429 162
360 317
94 81
94 271
94 162
255 84
430 81
430 88
430 162
317 78
88 376
78 376
162 81
