100 1470
0 11
0 22
0 33
0 44
0 55
0 66
0 77
0 88
0 99
0 1
0 2
0 3
0 4
0 5
0 6
0 7
0 8
0 9
0 10
0 20
0 30
0 40
0 50
0 60
0 70
0 80
0 90
11 1
11 2
11 10
11 22
11 33
11 44
11 55
11 66
11 77
11 88
11 99
11 20
11 12
11 13
11 14
11 15
11 16
11 17
11 18
11 19
11 21
11 31
11 41
11 51
11 61
11 71
11 81
11 91
22 2
22 4
22 12
22 13
22 20
22 21
22 33
22 44
22 55
22 66
22 77
22 88
22 99
22 31
22 40
22 23
22 24
22 25
22 26
22 27
22 28
22 29
22 32
22 42
22 52
22 62
22 72
22 82
22 92
33 3
33 6
33 13
33 15
33 23
33 24
33 30
33 31
33 32
33 44
33 55
33 66
33 77
33 88
33 99
33 42
33 51
33 60
33 34
33 35
33 36
33 37
33 38
33 39
33 43
33 53
33 63
33 73
33 83
33 93
44 4
44 8
44 14
44 17
44 24
44 26
44 34
44 35
44 40
44 41
44 42
44 43
44 55
44 66
44 77
44 88
44 99
44 53
44 62
44 71
44 80
44 45
44 46
44 47
44 48
44 49
44 54
44 64
44 74
44 84
44 94
55 5
55 15
55 19
55 25
55 28
55 35
55 37
55 45
55 46
55 50
55 51
55 52
55 53
55 54
55 66
55 77
55 88
55 99
55 64
55 73
55 82
55 91
55 56
55 57
55 58
55 59
55 65
55 75
55 85
55 95
66 6
66 16
66 26
66 36
66 39
66 46
66 48
66 56
66 57
66 60
66 61
66 62
66 63
66 64
66 65
66 77
66 88
66 99
66 75
66 84
66 93
66 67
66 68
66 69
66 76
66 86
66 96
77 7
77 17
77 27
77 37
77 47
77 57
77 59
77 67
77 68
77 70
77 71
77 72
77 73
77 74
77 75
77 76
77 88
77 99
77 86
77 95
77 78
77 79
77 87
77 97
88 8
88 18
88 28
88 38
88 48
88 58
88 68
88 78
88 79
88 80
88 81
88 82
88 83
88 84
88 85
88 86
88 87
88 99
88 97
88 89
88 98
99 9
99 19
99 29
99 39
99 49
99 59
99 69
99 79
99 89
99 90
99 91
99 92
99 93
99 94
99 95
99 96
99 97
99 98
1 12
1 23
1 34
1 45
1 56
1 67
1 78
1 89
1 10
1 2
1 3
1 4
1 5
1 6
1 7
1 8
1 9
1 21
1 31
1 41
1 51
1 61
1 71
1 81
1 91
2 13
2 24
2 35
2 46
2 57
2 68
2 79
2 20
2 3
2 4
2 5
2 6
2 7
2 8
2 9
2 12
2 32
2 42
2 52
2 62
2 72
2 82
2 92
3 14
3 25
3 36
3 47
3 58
3 69
3 12
3 21
3 30
3 4
3 5
3 6
3 7
3 8
3 9
3 13
3 23
3 43
3 53
3 63
3 73
3 83
3 93
4 15
4 26
4 37
4 48
4 59
4 13
4 31
4 40
4 5
4 6
4 7
4 8
4 9
4 14
4 24
4 34
4 54
4 64
4 74
4 84
4 94
5 16
5 27
5 38
5 49
5 14
5 23
5 32
5 41
5 50
5 6
5 7
5 8
5 9
5 15
5 25
5 35
5 45
5 65
5 75
5 85
5 95
6 17
6 28
6 39
6 15
6 24
6 42
6 51
6 60
6 7
6 8
6 9
6 16
6 26
6 36
6 46
6 56
6 76
6 86
6 96
7 18
7 29
7 16
7 25
7 34
7 43
7 52
7 61
7 70
7 8
7 9
7 17
7 27
7 37
7 47
7 57
7 67
7 87
7 97
8 19
8 17
8 26
8 35
8 53
8 62
8 71
8 80
8 9
8 18
8 28
8 38
8 48
8 58
8 68
8 78
8 98
9 18
9 27
9 36
9 45
9 54
9 63
9 72
9 81
9 90
9 19
9 29
9 39
9 49
9 59
9 69
9 79
9 89
10 21
10 32
10 43
10 54
10 65
10 76
10 87
10 98
10 12
10 13
10 14
10 15
10 16
10 17
10 18
10 19
10 20
10 30
10 40
10 50
10 60
10 70
10 80
10 90
20 31
20 42
20 53
20 64
20 75
20 86
20 97
20 21
20 23
20 24
20 25
20 26
20 27
20 28
20 29
20 30
20 40
20 50
20 60
20 70
20 80
20 90
30 12
30 21
30 41
30 52
30 63
30 74
30 85
30 96
30 31
30 32
30 34
30 35
30 36
30 37
30 38
30 39
30 40
30 50
30 60
30 70
30 80
30 90
40 13
40 31
40 51
40 62
40 73
40 84
40 95
40 41
40 42
40 43
40 45
40 46
40 47
40 48
40 49
40 50
40 60
40 70
40 80
40 90
50 14
50 23
50 32
50 41
50 61
50 72
50 83
50 94
50 51
50 52
50 53
50 54
50 56
50 57
50 58
50 59
50 60
50 70
50 80
50 90
60 15
60 24
60 42
60 51
60 71
60 82
60 93
60 61
60 62
60 63
60 64
60 65
60 67
60 68
60 69
60 70
60 80
60 90
70 16
70 25
70 34
70 43
70 52
70 61
70 81
70 92
70 71
70 72
70 73
70 74
70 75
70 76
70 78
70 79
70 80
70 90
80 17
80 26
80 35
80 53
80 62
80 71
80 91
80 81
80 82
80 83
80 84
80 85
80 86
80 87
80 89
80 90
90 18
90 27
90 36
90 45
90 54
90 63
90 72
90 81
90 91
90 92
90 93
90 94
90 95
90 96
90 97
90 98
12 23
12 34
12 45
12 56
12 67
12 78
12 89
12 21
12 13
12 14
12 15
12 16
12 17
12 18
12 19
12 32
12 42
12 52
12 62
12 72
12 82
12 92
23 13
23 14
23 21
23 34
23 45
23 56
23 67
23 78
23 89
23 32
23 41
23 24
23 25
23 26
23 27
23 28
23 29
23 43
23 53
23 63
23 73
23 83
23 93
34 14
34 16
34 24
34 25
34 31
34 32
34 45
34 56
34 67
34 78
34 89
34 43
34 52
34 61
34 35
34 36
34 37
34 38
34 39
34 54
34 64
34 74
34 84
34 94
45 15
45 18
45 25
45 27
45 35
45 36
45 41
45 42
45 43
45 56
45 67
45 78
45 89
45 54
45 63
45 72
45 81
45 46
45 47
45 48
45 49
45 65
45 75
45 85
45 95
56 16
56 26
56 29
56 36
56 38
56 46
56 47
56 51
56 52
56 53
56 54
56 67
56 78
56 89
56 65
56 74
56 83
56 92
56 57
56 58
56 59
56 76
56 86
56 96
67 17
67 27
67 37
67 47
67 49
67 57
67 58
67 61
67 62
67 63
67 64
67 65
67 78
67 89
67 76
67 85
67 94
67 68
67 69
67 87
67 97
78 18
78 28
78 38
78 48
78 58
78 68
78 69
78 71
78 72
78 73
78 74
78 75
78 76
78 89
78 87
78 96
78 79
78 98
89 19
89 29
89 39
89 49
89 59
89 69
89 79
89 81
89 82
89 83
89 84
89 85
89 86
89 87
89 98
21 32
21 43
21 54
21 65
21 76
21 87
21 98
21 24
21 25
21 26
21 27
21 28
21 29
21 31
21 41
21 51
21 61
21 71
21 81
21 91
31 13
31 42
31 53
31 64
31 75
31 86
31 97
31 32
31 35
31 36
31 37
31 38
31 39
31 41
31 51
31 61
31 71
31 81
31 91
41 14
41 32
41 52
41 63
41 74
41 85
41 96
41 42
41 43
41 46
41 47
41 48
41 49
41 51
41 61
41 71
41 81
41 91
51 15
51 24
51 42
51 62
51 73
51 84
51 95
51 52
51 53
51 54
51 57
51 58
51 59
51 61
51 71
51 81
51 91
61 16
61 25
61 43
61 52
61 72
61 83
61 94
61 62
61 63
61 64
61 65
61 68
61 69
61 71
61 81
61 91
71 17
71 26
71 35
71 53
71 62
71 82
71 93
71 72
71 73
71 74
71 75
71 76
71 79
71 81
71 91
81 18
81 27
81 36
81 54
81 63
81 72
81 92
81 82
81 83
81 84
81 85
81 86
81 87
81 91
91 19
91 28
91 37
91 46
91 64
91 73
91 82
91 92
91 93
91 94
91 95
91 96
91 97
91 98
13 24
13 35
13 46
13 57
13 68
13 79
13 14
13 15
13 16
13 17
13 18
13 19
13 43
13 53
13 63
13 73
13 83
13 93
24 14
24 15
24 35
24 46
24 57
24 68
24 79
24 42
24 25
24 26
24 27
24 28
24 29
24 54
24 64
24 74
24 84
24 94
35 15
35 17
35 25
35 26
35 32
35 46
35 57
35 68
35 79
35 53
35 62
35 36
35 37
35 38
35 39
35 65
35 75
35 85
35 95
46 16
46 19
46 26
46 28
46 36
46 37
46 42
46 43
46 57
46 68
46 79
46 64
46 73
46 82
46 47
46 48
46 49
46 76
46 86
46 96
57 17
57 27
57 37
57 39
57 47
57 48
57 52
57 53
57 54
57 68
57 79
57 75
57 84
57 93
57 58
57 59
57 87
57 97
68 18
68 28
68 38
68 48
68 58
68 59
68 62
68 63
68 64
68 65
68 79
68 86
68 95
68 69
68 98
79 19
79 29
79 39
79 49
79 59
79 69
79 72
79 73
79 74
79 75
79 76
79 97
32 14
32 43
32 54
32 65
32 76
32 87
32 98
32 36
32 37
32 38
32 39
32 42
32 52
32 62
32 72
32 82
32 92
42 15
42 53
42 64
42 75
42 86
42 97
42 43
42 47
42 48
42 49
42 52
42 62
42 72
42 82
42 92
52 16
52 25
52 43
52 63
52 74
52 85
52 96
52 53
52 54
52 58
52 59
52 62
52 72
52 82
52 92
62 17
62 26
62 53
62 73
62 84
62 95
62 63
62 64
62 65
62 69
62 72
62 82
62 92
72 18
72 27
72 36
72 54
72 63
72 83
72 94
72 73
72 74
72 75
72 76
72 82
72 92
82 19
82 28
82 37
82 64
82 73
82 93
82 83
82 84
82 85
82 86
82 87
82 92
92 29
92 38
92 47
92 65
92 74
92 83
92 93
92 94
92 95
92 96
92 97
92 98
14 25
14 36
14 47
14 58
14 69
14 15
14 16
14 17
14 18
14 19
14 54
14 64
14 74
14 84
14 94
25 15
25 16
25 36
25 47
25 58
25 69
25 43
25 26
25 27
25 28
25 29
25 65
25 75
25 85
25 95
36 16
36 18
36 26
36 27
36 47
36 58
36 69
36 54
36 63
36 37
36 38
36 39
36 76
36 86
36 96
47 17
47 27
47 29
47 37
47 38
47 43
47 58
47 69
47 65
47 74
47 83
47 48
47 49
47 87
47 97
58 18
58 28
58 38
58 48
58 49
58 53
58 54
58 69
58 76
58 85
58 94
58 59
58 98
69 19
69 29
69 39
69 49
69 59
69 63
69 64
69 65
69 87
69 96
43 16
43 54
43 65
43 76
43 87
43 98
43 48
43 49
43 53
43 63
43 73
43 83
43 93
53 17
53 26
53 64
53 75
53 86
53 97
53 54
53 59
53 63
53 73
53 83
53 93
63 18
63 27
63 54
63 74
63 85
63 96
63 64
63 65
63 73
63 83
63 93
73 19
73 28
73 37
73 64
73 84
73 95
73 74
73 75
73 76
73 83
73 93
83 29
83 38
83 65
83 74
83 94
83 84
83 85
83 86
83 87
83 93
93 39
93 48
93 75
93 84
93 94
93 95
93 96
93 97
93 98
15 26
15 37
15 48
15 59
15 16
15 17
15 18
15 19
15 65
15 75
15 85
15 95
26 16
26 17
26 37
26 48
26 59
26 27
26 28
26 29
26 76
26 86
26 96
37 17
37 19
37 27
37 28
37 48
37 59
37 64
37 38
37 39
37 87
37 97
48 18
48 28
48 38
48 39
48 59
48 75
48 84
48 49
48 98
59 19
59 29
59 39
59 49
59 54
59 86
59 95
54 18
54 27
54 65
54 76
54 87
54 98
54 64
54 74
54 84
54 94
64 19
64 28
64 75
64 86
64 97
64 65
64 74
64 84
64 94
74 29
74 38
74 65
74 85
74 96
74 75
74 76
74 84
74 94
84 39
84 75
84 95
84 85
84 86
84 87
84 94
94 49
94 76
94 85
94 95
94 96
94 97
94 98
16 27
16 38
16 49
16 17
16 18
16 19
16 76
16 86
16 96
27 17
27 18
27 38
27 49
27 28
27 29
27 87
27 97
38 18
38 28
38 29
38 49
38 65
38 39
38 98
49 19
49 29
49 39
49 76
49 85
65 29
65 76
65 87
65 98
65 75
65 85
65 95
75 39
75 86
75 97
75 76
75 85
75 95
85 76
85 96
85 86
85 87
85 95
95 86
95 96
95 97
95 98
17 28
17 39
17 18
17 19
17 87
17 97
28 18
28 19
28 39
28 29
28 98
39 19
39 29
76 87
76 98
76 86
76 96
86 97
86 87
86 96
96 87
96 97
96 98
18 29
18 19
18 98
29 19
87 98
87 97
97 98
