49 476
0 8
0 16
0 24
0 32
0 40
0 48
0 1
0 2
0 3
0 4
0 5
0 6
0 7
0 14
0 21
0 28
0 35
0 42
8 1
8 2
8 7
8 16
8 24
8 32
8 40
8 48
8 14
8 9
8 10
8 11
8 12
8 13
8 15
8 22
8 29
8 36
8 43
16 2
16 4
16 9
16 10
16 14
16 15
16 24
16 32
16 40
16 48
16 22
16 28
16 17
16 18
16 19
16 20
16 23
16 30
16 37
16 44
24 3
24 6
24 10
24 12
24 17
24 18
24 21
24 22
24 23
24 32
24 40
24 48
24 30
24 36
24 42
24 25
24 26
24 27
24 31
24 38
24 45
32 4
32 11
32 18
32 20
32 25
32 26
32 28
32 29
32 30
32 31
32 40
32 48
32 38
32 44
32 33
32 34
32 39
32 46
40 5
40 12
40 19
40 26
40 33
40 34
40 35
40 36
40 37
40 38
40 39
40 48
40 46
40 41
40 47
48 6
48 13
48 20
48 27
48 34
48 41
48 42
48 43
48 44
48 45
48 46
48 47
1 9
1 17
1 25
1 33
1 41
1 7
1 2
1 3
1 4
1 5
1 6
1 15
1 22
1 29
1 36
1 43
2 10
2 18
2 26
2 34
2 14
2 3
2 4
2 5
2 6
2 9
2 23
2 30
2 37
2 44
3 11
3 19
3 27
3 9
3 15
3 21
3 4
3 5
3 6
3 10
3 17
3 31
3 38
3 45
4 12
4 20
4 10
4 22
4 28
4 5
4 6
4 11
4 18
4 25
4 39
4 46
5 13
5 11
5 17
5 23
5 29
5 35
5 6
5 12
5 19
5 26
5 33
5 47
6 12
6 18
6 30
6 36
6 42
6 13
6 20
6 27
6 34
6 41
7 15
7 23
7 31
7 39
7 47
7 9
7 10
7 11
7 12
7 13
7 14
7 21
7 28
7 35
7 42
14 22
14 30
14 38
14 46
14 15
14 17
14 18
14 19
14 20
14 21
14 28
14 35
14 42
21 9
21 15
21 29
21 37
21 45
21 22
21 23
21 25
21 26
21 27
21 28
21 35
21 42
28 10
28 22
28 36
28 44
28 29
28 30
28 31
28 33
28 34
28 35
28 42
35 11
35 17
35 23
35 29
35 43
35 36
35 37
35 38
35 39
35 41
35 42
42 12
42 18
42 30
42 36
42 43
42 44
42 45
42 46
42 47
9 17
9 25
9 33
9 41
9 15
9 10
9 11
9 12
9 13
9 23
9 30
9 37
9 44
17 10
17 11
17 15
17 25
17 33
17 41
17 23
17 29
17 18
17 19
17 20
17 31
17 38
17 45
25 11
25 13
25 18
25 19
25 22
25 23
25 33
25 41
25 31
25 37
25 43
25 26
25 27
25 39
25 46
33 12
33 19
33 26
33 27
33 29
33 30
33 31
33 41
33 39
33 45
33 34
33 47
41 13
41 20
41 27
41 34
41 36
41 37
41 38
41 39
41 47
15 23
15 31
15 39
15 47
15 18
15 19
15 20
15 22
15 29
15 36
15 43
22 10
22 30
22 38
22 46
22 23
22 26
22 27
22 29
22 36
22 43
29 11
29 23
29 37
29 45
29 30
29 31
29 34
29 36
29 43
36 12
36 18
36 30
36 44
36 37
36 38
36 39
36 43
43 13
43 19
43 31
43 37
43 44
43 45
43 46
43 47
10 18
10 26
10 34
10 11
10 12
10 13
10 31
10 38
10 45
18 11
18 12
18 26
18 34
18 30
18 19
18 20
18 39
18 46
26 12
26 19
26 20
26 23
26 34
26 38
26 44
26 27
26 47
34 13
34 20
34 27
34 30
34 31
34 46
23 11
23 31
23 39
23 47
23 27
23 30
23 37
23 44
30 12
30 38
30 46
30 31
30 37
30 44
37 13
37 19
37 31
37 45
37 38
37 39
37 44
44 20
44 38
44 45
44 46
44 47
11 19
11 27
11 12
11 13
11 39
11 46
19 12
19 13
19 27
19 31
19 20
19 47
27 13
27 20
27 39
27 45
31 13
31 39
31 47
31 38
31 45
38 20
38 46
38 39
38 45
45 39
45 46
45 47
12 20
12 13
12 47
20 13
39 47
39 46
46 47
