157 3541
0 1
0 2
0 3
0 4
0 5
0 6
0 7
0 8
0 9
0 10
0 11
0 12
0 13
0 14
0 15
0 32
0 33
0 34
0 35
0 36
0 37
0 38
0 39
0 40
0 41
0 42
0 43
0 44
0 45
0 54
0 55
0 56
0 57
0 58
0 59
0 60
0 61
0 62
0 64
0 66
0 69
0 70
0 71
0 72
0 73
0 74
0 75
0 76
0 77
0 78
0 79
0 80
0 81
0 82
0 83
0 84
0 85
0 86
0 87
0 88
0 89
0 90
0 91
0 92
0 93
0 94
0 95
0 96
0 97
0 98
0 99
0 100
0 106
0 107
0 108
0 109
0 110
0 111
0 112
0 113
0 114
0 115
0 116
0 117
0 118
0 119
0 120
0 121
0 122
0 123
0 124
0 125
0 126
0 127
0 128
0 129
0 130
0 131
0 132
0 133
0 134
0 135
0 136
0 137
0 138
0 139
0 140
0 141
0 142
0 143
0 144
0 145
0 146
0 147
0 148
0 149
0 150
0 151
0 152
0 153
0 154
0 155
0 156
0 68
0 67
0 65
0 63
0 53
0 52
0 51
0 50
0 49
0 48
0 47
0 46
0 105
0 104
0 103
0 102
0 101
1 2
1 3
1 4
1 5
1 6
1 7
1 8
1 9
1 10
1 11
1 12
1 13
1 14
1 15
1 32
1 33
1 34
1 35
1 36
1 37
1 38
1 39
1 40
1 41
1 42
1 43
1 44
1 45
1 54
1 55
1 56
1 57
1 58
1 59
1 60
1 61
1 62
1 64
1 66
1 69
1 70
1 71
1 72
1 73
1 74
1 75
1 76
1 77
1 78
1 79
1 80
1 81
1 82
1 83
1 84
1 85
1 86
1 87
1 88
1 89
1 90
1 91
1 92
1 93
1 94
1 95
1 96
1 97
1 98
1 99
1 100
1 106
1 107
1 108
1 109
1 110
1 111
1 112
1 113
1 114
1 115
1 116
1 117
1 118
1 119
1 120
1 121
1 122
1 123
1 124
1 125
1 126
1 127
1 128
1 129
1 130
1 131
1 132
1 133
1 134
1 135
1 136
1 137
1 138
1 139
1 140
1 141
1 142
1 143
1 144
1 145
1 146
1 147
1 148
1 149
1 150
1 151
1 152
1 153
1 154
1 155
1 156
1 68
1 67
1 65
1 63
1 53
1 52
1 51
1 50
1 49
1 48
1 47
1 46
1 105
1 104
1 103
1 102
1 101
2 3
2 4
2 5
2 6
2 7
2 8
2 9
2 10
2 11
2 12
2 13
2 14
2 15
2 32
2 33
2 34
2 35
2 36
2 37
2 38
2 39
2 40
2 41
2 42
2 43
2 44
2 45
2 54
2 55
2 56
2 57
2 58
2 59
2 60
2 61
2 62
2 64
2 66
2 69
2 70
2 71
2 72
2 73
2 74
2 75
2 76
2 77
2 78
2 79
2 80
2 81
2 82
2 83
2 84
2 85
2 86
2 87
2 88
2 89
2 90
2 91
2 92
2 93
2 94
2 95
2 96
2 97
2 98
2 99
2 100
2 106
2 107
2 108
2 109
2 110
2 111
2 112
2 113
2 114
2 115
2 116
2 117
2 118
2 119
2 120
2 121
2 122
2 123
2 124
2 125
2 126
2 127
2 128
2 129
2 130
2 131
2 132
2 133
2 134
2 135
2 136
2 137
2 138
2 139
2 140
2 141
2 142
2 143
2 144
2 145
2 146
2 147
2 148
2 149
2 150
2 151
2 152
2 153
2 154
2 155
2 156
2 68
2 67
2 65
2 63
2 53
2 52
2 51
2 50
2 49
2 48
2 47
2 46
3 4
3 5
3 6
3 7
3 8
3 9
3 10
3 11
3 12
3 13
3 14
3 15
3 32
3 33
3 34
3 35
3 36
3 37
3 38
3 39
3 40
3 41
3 42
3 43
3 44
3 45
3 54
3 55
3 56
3 57
3 58
3 59
3 60
3 61
3 62
3 64
3 66
3 69
3 70
3 71
3 72
3 73
3 74
3 75
3 76
3 77
3 78
3 79
3 80
3 81
3 82
3 83
3 84
3 85
3 86
3 87
3 88
3 89
3 90
3 91
3 92
3 93
3 94
3 95
3 96
3 97
3 98
3 99
3 100
3 106
3 107
3 108
3 109
3 110
3 111
3 112
3 113
3 114
3 115
3 116
3 117
3 118
3 119
3 120
3 121
3 122
3 123
3 124
3 125
3 126
3 127
3 128
3 129
3 130
3 131
3 132
3 133
3 134
3 135
3 136
3 137
3 138
3 139
3 140
3 141
3 142
3 143
3 144
3 145
3 146
3 147
3 148
3 149
3 150
3 151
3 152
3 153
3 154
3 155
3 156
4 5
4 6
4 7
4 8
4 9
4 10
4 11
4 12
4 13
4 14
4 15
4 32
4 33
4 34
4 35
4 36
4 37
4 38
4 39
4 40
4 41
4 42
4 43
4 44
4 45
4 54
4 55
4 56
4 57
4 58
4 59
4 60
4 61
4 62
4 64
4 66
4 69
4 70
4 71
4 72
4 73
4 74
4 75
4 76
4 77
4 78
4 79
4 80
4 81
4 82
4 83
4 84
4 85
4 86
4 87
4 88
4 89
4 90
4 91
4 92
4 93
4 94
4 95
4 96
4 97
4 98
4 99
4 100
4 106
4 107
4 108
4 109
4 110
4 111
4 112
4 113
4 114
4 115
4 116
4 117
4 118
4 119
4 120
4 121
4 122
4 123
4 124
4 125
4 126
4 127
4 128
4 129
4 130
4 131
4 132
4 133
4 134
4 135
4 136
4 137
4 138
4 139
4 140
4 141
4 142
4 143
4 144
4 145
4 146
4 147
4 148
4 149
4 150
4 151
4 152
4 153
4 154
4 155
4 156
4 46
4 105
5 6
5 7
5 8
5 9
5 10
5 11
5 12
5 13
5 14
5 15
5 32
5 33
5 34
5 35
5 36
5 37
5 38
5 39
5 40
5 41
5 42
5 43
5 44
5 45
5 54
5 55
5 56
5 57
5 58
5 59
5 60
5 61
5 62
5 64
5 66
5 69
5 70
5 71
5 72
5 73
5 74
5 75
5 76
5 77
5 78
5 79
5 80
5 81
5 82
5 83
5 84
5 85
5 86
5 87
5 88
5 89
5 90
5 91
5 92
5 93
5 94
5 95
5 96
5 97
5 98
5 99
5 100
5 106
5 107
5 108
5 109
5 110
5 111
5 112
5 113
5 114
5 115
5 116
5 117
5 118
5 119
5 120
5 121
5 122
5 123
5 124
5 125
5 126
5 127
5 128
5 129
5 130
5 131
5 132
5 133
5 134
5 135
5 136
5 137
5 138
5 139
5 140
5 141
5 142
5 143
5 144
5 145
5 146
5 147
5 148
5 149
5 150
5 151
5 152
5 153
5 154
5 155
5 156
5 47
5 46
5 104
5 105
6 7
6 8
6 9
6 10
6 11
6 12
6 13
6 14
6 15
6 32
6 33
6 34
6 35
6 36
6 37
6 38
6 39
6 40
6 41
6 42
6 43
6 44
6 45
6 54
6 55
6 56
6 57
6 58
6 59
6 60
6 61
6 62
6 64
6 66
6 69
6 70
6 71
6 72
6 73
6 74
6 75
6 76
6 77
6 78
6 79
6 80
6 81
6 82
6 83
6 84
6 85
6 86
6 87
6 88
6 89
6 90
6 91
6 92
6 93
6 94
6 95
6 96
6 97
6 98
6 99
6 100
6 106
6 107
6 108
6 109
6 110
6 111
6 112
6 113
6 114
6 115
6 116
6 117
6 118
6 119
6 120
6 121
6 122
6 123
6 124
6 125
6 126
6 127
6 128
6 129
6 130
6 131
6 132
6 133
6 134
6 135
6 136
6 137
6 138
6 139
6 140
6 141
6 142
6 143
6 144
6 145
6 146
6 147
6 148
6 149
6 150
6 151
6 152
6 153
6 154
6 155
6 156
6 48
6 47
6 46
6 103
6 104
6 105
7 8
7 9
7 10
7 11
7 12
7 13
7 14
7 15
7 32
7 33
7 34
7 35
7 36
7 37
7 38
7 39
7 40
7 41
7 42
7 43
7 44
7 45
7 54
7 55
7 56
7 57
7 58
7 59
7 60
7 61
7 62
7 64
7 66
7 69
7 70
7 71
7 72
7 73
7 74
7 75
7 76
7 77
7 78
7 79
7 80
7 81
7 82
7 83
7 84
7 85
7 86
7 87
7 88
7 89
7 90
7 91
7 92
7 93
7 94
7 95
7 96
7 97
7 98
7 99
7 100
7 106
7 107
7 108
7 109
7 110
7 111
7 112
7 113
7 114
7 115
7 116
7 117
7 118
7 119
7 120
7 121
7 122
7 123
7 124
7 125
7 126
7 127
7 128
7 129
7 130
7 131
7 132
7 133
7 134
7 135
7 136
7 137
7 138
7 139
7 140
7 141
7 142
7 143
7 144
7 145
7 146
7 147
7 148
7 149
7 150
7 151
7 152
7 153
7 154
7 155
7 156
7 49
7 48
7 47
7 46
7 102
7 103
7 104
7 105
8 9
8 10
8 11
8 12
8 13
8 14
8 15
8 32
8 33
8 34
8 35
8 36
8 37
8 38
8 39
8 40
8 41
8 42
8 43
8 44
8 45
8 54
8 55
8 56
8 57
8 58
8 59
8 60
8 61
8 62
8 64
8 66
8 69
8 70
8 71
8 72
8 73
8 74
8 75
8 76
8 77
8 78
8 79
8 80
8 81
8 82
8 83
8 84
8 85
8 86
8 87
8 88
8 89
8 90
8 91
8 92
8 93
8 94
8 95
8 96
8 97
8 98
8 99
8 100
8 106
8 107
8 108
8 109
8 110
8 111
8 112
8 113
8 114
8 115
8 116
8 117
8 118
8 119
8 120
8 121
8 122
8 123
8 124
8 125
8 126
8 127
8 128
8 129
8 130
8 131
8 132
8 133
8 134
8 135
8 136
8 137
8 138
8 139
8 140
8 141
8 142
8 143
8 144
8 145
8 146
8 147
8 148
8 149
8 150
8 151
8 152
8 153
8 154
8 155
8 156
8 50
8 49
8 48
8 47
8 46
8 101
8 102
8 103
8 104
8 105
9 10
9 11
9 12
9 13
9 14
9 15
9 32
9 33
9 34
9 35
9 36
9 37
9 38
9 39
9 40
9 41
9 42
9 43
9 44
9 45
9 54
9 55
9 56
9 57
9 58
9 59
9 60
9 61
9 62
9 64
9 66
9 69
9 70
9 71
9 72
9 73
9 74
9 75
9 76
9 77
9 78
9 79
9 80
9 81
9 82
9 83
9 84
9 85
9 86
9 87
9 88
9 89
9 90
9 91
9 92
9 93
9 94
9 95
9 96
9 97
9 98
9 99
9 100
9 106
9 107
9 108
9 109
9 110
9 111
9 112
9 113
9 114
9 115
9 116
9 117
9 118
9 119
9 120
9 121
9 122
9 123
9 124
9 125
9 126
9 127
9 128
9 129
9 130
9 131
9 132
9 133
9 134
9 135
9 136
9 137
9 138
9 139
9 140
9 141
9 142
9 143
9 144
9 145
9 146
9 147
9 148
9 149
9 150
9 151
9 152
9 153
9 154
9 155
9 156
9 51
9 50
9 49
9 48
9 47
9 46
9 101
9 102
9 103
9 104
9 105
10 11
10 12
10 13
10 14
10 15
10 32
10 33
10 34
10 35
10 36
10 37
10 38
10 39
10 40
10 41
10 42
10 43
10 44
10 45
10 54
10 55
10 56
10 57
10 58
10 59
10 60
10 61
10 62
10 64
10 66
10 69
10 70
10 71
10 72
10 73
10 74
10 75
10 76
10 77
10 78
10 79
10 80
10 81
10 82
10 83
10 84
10 85
10 86
10 87
10 88
10 89
10 90
10 91
10 92
10 93
10 94
10 95
10 96
10 97
10 98
10 99
10 100
10 106
10 107
10 108
10 109
10 110
10 111
10 112
10 113
10 114
10 115
10 116
10 117
10 118
10 119
10 120
10 121
10 122
10 123
10 124
10 125
10 126
10 127
10 128
10 129
10 130
10 131
10 132
10 133
10 134
10 135
10 136
10 137
10 138
10 139
10 140
10 141
10 142
10 143
10 144
10 145
10 146
10 147
10 148
10 149
10 150
10 151
10 152
10 153
10 154
10 155
10 156
10 53
10 52
10 51
10 50
10 49
10 48
10 47
10 46
10 68
10 67
10 65
10 63
11 12
11 13
11 14
11 15
11 32
11 33
11 34
11 35
11 36
11 37
11 38
11 39
11 40
11 41
11 42
11 43
11 44
11 45
11 54
11 55
11 56
11 57
11 58
11 59
11 60
11 61
11 62
11 64
11 66
11 69
11 70
11 71
11 72
11 73
11 74
11 75
11 76
11 77
11 78
11 79
11 80
11 81
11 82
11 83
11 84
11 85
11 86
11 87
11 88
11 89
11 90
11 91
11 92
11 93
11 94
11 95
11 96
11 97
11 98
11 99
11 100
11 106
11 107
11 108
11 109
11 110
11 111
11 112
11 113
11 114
11 115
11 116
11 117
11 118
11 119
11 120
11 121
11 122
11 123
11 124
11 125
11 126
11 127
11 128
11 129
11 130
11 131
11 132
11 133
11 134
11 135
11 136
11 137
11 138
11 139
11 140
11 141
11 142
11 143
11 144
11 145
11 146
11 147
11 148
11 149
11 150
11 151
11 152
11 153
11 154
11 155
11 156
11 63
11 53
11 52
11 51
11 50
11 49
11 48
11 47
11 46
11 68
11 67
11 65
12 13
12 14
12 15
12 32
12 33
12 34
12 35
12 36
12 37
12 38
12 39
12 40
12 41
12 42
12 43
12 44
12 45
12 54
12 55
12 56
12 57
12 58
12 59
12 60
12 61
12 62
12 64
12 66
12 69
12 70
12 71
12 72
12 73
12 74
12 75
12 76
12 77
12 78
12 79
12 80
12 81
12 82
12 83
12 84
12 85
12 86
12 87
12 88
12 89
12 90
12 91
12 92
12 93
12 94
12 95
12 96
12 97
12 98
12 99
12 100
12 106
12 107
12 108
12 109
12 110
12 111
12 112
12 113
12 114
12 115
12 116
12 117
12 118
12 119
12 120
12 121
12 122
12 123
12 124
12 125
12 126
12 127
12 128
12 129
12 130
12 131
12 132
12 133
12 134
12 135
12 136
12 137
12 138
12 139
12 140
12 141
12 142
12 143
12 144
12 145
12 146
12 147
12 148
12 149
12 150
12 151
12 152
12 153
12 154
12 155
12 156
12 65
12 63
12 53
12 52
12 51
12 50
12 49
12 48
12 47
12 46
12 68
12 67
13 14
13 15
13 32
13 33
13 34
13 35
13 36
13 37
13 38
13 39
13 40
13 41
13 42
13 43
13 44
13 45
13 54
13 55
13 56
13 57
13 58
13 59
13 60
13 61
13 62
13 64
13 66
13 69
13 70
13 71
13 72
13 73
13 74
13 75
13 76
13 77
13 78
13 79
13 80
13 81
13 82
13 83
13 84
13 85
13 86
13 87
13 88
13 89
13 90
13 91
13 92
13 93
13 94
13 95
13 96
13 97
13 98
13 99
13 100
13 106
13 107
13 108
13 109
13 110
13 111
13 112
13 113
13 114
13 115
13 116
13 117
13 118
13 119
13 120
13 121
13 122
13 123
13 124
13 125
13 126
13 127
13 128
13 129
13 130
13 131
13 132
13 133
13 134
13 135
13 136
13 137
13 138
13 139
13 140
13 141
13 142
13 143
13 144
13 145
13 146
13 147
13 148
13 149
13 150
13 151
13 152
13 153
13 154
13 155
13 156
13 67
13 65
13 63
13 53
13 52
13 51
13 50
13 49
13 48
13 47
13 46
13 68
14 15
14 32
14 33
14 34
14 35
14 36
14 37
14 38
14 39
14 40
14 41
14 42
14 43
14 44
14 45
14 54
14 55
14 56
14 57
14 58
14 59
14 60
14 61
14 62
14 64
14 66
14 69
14 70
14 71
14 72
14 73
14 74
14 75
14 76
14 77
14 78
14 79
14 80
14 81
14 82
14 83
14 84
14 85
14 86
14 87
14 88
14 89
14 90
14 91
14 92
14 93
14 94
14 95
14 96
14 97
14 98
14 99
14 100
14 106
14 107
14 108
14 109
14 110
14 111
14 112
14 113
14 114
14 115
14 116
14 117
14 118
14 119
14 120
14 121
14 122
14 123
14 124
14 125
14 126
14 127
14 128
14 129
14 130
14 131
14 132
14 133
14 134
14 135
14 136
14 137
14 138
14 139
14 140
14 141
14 142
14 143
14 144
14 145
14 146
14 147
14 148
14 149
14 150
14 151
14 152
14 153
14 154
14 155
14 156
14 68
14 67
14 65
14 63
14 53
14 52
14 51
15 32
15 33
15 34
15 35
15 36
15 37
15 38
15 39
15 40
15 41
15 42
15 43
15 44
15 45
15 54
15 55
15 56
15 57
15 58
15 59
15 60
15 61
15 62
15 64
15 66
15 69
15 70
15 71
15 72
15 73
15 74
15 75
15 76
15 77
15 78
15 79
15 80
15 81
15 82
15 83
15 84
15 85
15 86
15 87
15 88
15 89
15 90
15 91
15 92
15 93
15 94
15 95
15 96
15 97
15 98
15 99
15 100
15 106
15 107
15 108
15 109
15 110
15 111
15 112
15 113
15 114
15 115
15 116
15 117
15 118
15 119
15 120
15 121
15 122
15 123
15 124
15 125
15 126
15 127
15 128
15 129
15 130
15 131
15 132
15 133
15 134
15 135
15 136
15 137
15 138
15 139
15 140
15 141
15 142
15 143
15 144
15 145
15 146
15 147
15 148
15 149
15 150
15 151
15 152
15 153
15 154
15 155
15 156
15 52
15 51
15 50
15 49
15 48
15 47
15 46
15 68
15 67
15 65
15 63
15 53
15 101
15 102
15 103
15 104
15 105
32 16
32 26
32 27
32 28
32 29
32 30
32 31
32 75
32 39
32 74
32 38
32 33
32 37
32 76
32 36
32 35
32 40
32 79
32 78
32 77
32 44
32 43
32 156
32 155
32 88
32 87
32 86
32 85
32 45
32 84
32 83
32 82
32 109
32 108
32 107
32 106
32 116
32 115
32 114
32 117
32 111
32 110
32 34
32 113
32 112
32 81
32 80
33 16
33 26
33 27
33 28
33 29
33 30
33 31
33 75
33 39
33 74
33 38
33 37
33 76
33 36
33 35
33 40
33 34
33 79
33 78
33 77
33 44
33 43
33 156
33 155
33 88
33 87
33 86
33 85
33 45
33 84
33 83
33 82
33 100
33 99
33 98
33 97
33 96
33 95
33 94
33 93
33 92
33 91
33 90
33 89
33 109
33 108
33 107
33 106
33 116
33 115
33 114
33 117
33 42
33 154
33 153
33 152
33 151
33 150
33 41
33 149
33 148
33 147
33 146
33 145
33 144
33 143
33 142
33 141
33 140
33 139
33 138
33 137
33 131
33 130
33 129
33 128
33 127
33 126
33 125
33 124
33 123
33 122
33 136
33 135
33 134
33 133
33 132
33 111
33 110
33 113
33 112
33 121
33 120
33 119
33 118
33 81
33 80
34 16
34 26
34 27
34 28
34 29
34 30
34 31
34 76
34 36
34 35
34 40
34 39
34 38
34 79
34 78
34 77
34 44
34 43
34 156
34 155
34 88
34 87
34 86
34 85
34 45
34 84
34 83
34 82
34 109
34 108
34 107
34 106
34 116
34 115
34 114
34 117
34 42
34 154
34 153
34 152
34 151
34 150
34 41
34 149
34 148
34 147
34 146
34 145
34 144
34 143
34 142
34 141
34 140
34 139
34 138
34 137
34 131
34 130
34 129
34 128
34 127
34 126
34 125
34 124
34 123
34 122
34 136
34 135
34 134
34 133
34 132
34 111
34 110
34 113
34 112
34 121
34 120
34 119
34 118
34 81
34 80
35 16
35 26
35 27
35 28
35 29
35 30
35 31
35 76
35 40
35 39
35 38
35 79
35 78
35 77
35 44
35 43
35 156
35 155
35 88
35 87
35 86
35 85
35 45
35 84
35 83
35 82
35 109
35 108
35 107
35 106
35 116
35 115
35 114
35 117
35 42
35 154
35 153
35 152
35 151
35 150
35 41
35 149
35 148
35 147
35 146
35 145
35 144
35 143
35 142
35 141
35 140
35 139
35 138
35 137
35 131
35 130
35 129
35 128
35 127
35 126
35 125
35 124
35 123
35 122
35 136
35 135
35 134
35 133
35 132
35 36
35 111
35 110
35 113
35 112
35 121
35 120
35 119
35 118
35 81
35 80
36 16
36 26
36 27
36 28
36 29
36 30
36 31
36 76
36 40
36 39
36 38
36 79
36 78
36 77
36 44
36 43
36 156
36 155
36 88
36 87
36 86
36 85
36 45
36 84
36 83
36 82
36 109
36 108
36 107
36 106
36 116
36 115
36 114
36 117
36 42
36 154
36 153
36 152
36 151
36 150
36 41
36 149
36 148
36 147
36 146
36 145
36 144
36 143
36 142
36 141
36 140
36 139
36 138
36 137
36 131
36 130
36 129
36 128
36 127
36 126
36 125
36 124
36 123
36 122
36 132
36 111
36 110
36 113
36 112
36 121
36 120
36 119
36 118
36 81
36 80
37 16
37 26
37 27
37 28
37 29
37 30
37 31
37 73
37 72
37 71
37 70
37 39
37 74
37 38
38 16
38 26
38 27
38 28
38 29
38 30
38 31
38 75
38 39
38 74
38 76
38 79
38 78
38 77
38 44
38 43
38 156
38 155
38 88
38 87
38 86
38 85
38 45
38 84
38 83
38 82
38 109
38 108
38 107
38 106
38 116
38 115
38 114
38 117
38 139
38 138
38 137
38 111
38 110
38 40
38 113
38 112
38 81
38 80
39 16
39 26
39 75
39 74
39 76
39 40
39 79
39 78
39 77
39 44
39 43
39 156
39 155
39 88
39 87
39 86
39 85
39 45
39 84
39 83
39 82
39 109
39 108
39 107
39 106
39 116
39 115
39 114
39 117
39 42
39 154
39 153
39 152
39 151
39 150
39 41
39 149
39 148
39 147
39 146
39 145
39 144
39 143
39 142
39 141
39 140
39 139
39 138
39 137
39 131
39 130
39 129
39 128
39 127
39 126
39 125
39 124
39 123
39 122
39 136
39 135
39 134
39 133
39 132
39 113
39 112
39 121
39 120
39 119
39 118
39 81
39 80
40 16
40 26
40 27
40 28
40 29
40 30
40 31
40 76
40 79
40 78
40 77
40 44
40 43
40 156
40 155
40 88
40 87
40 86
40 85
40 45
40 84
40 83
40 82
40 109
40 108
40 107
40 106
40 116
40 115
40 114
40 117
40 42
40 154
40 153
40 152
40 151
40 150
40 41
40 149
40 148
40 147
40 146
40 145
40 144
40 143
40 142
40 141
40 140
40 139
40 138
40 137
40 131
40 130
40 129
40 128
40 127
40 126
40 125
40 124
40 123
40 122
40 136
40 135
40 134
40 133
40 132
40 111
40 110
40 113
40 112
40 121
40 120
40 119
40 118
40 81
40 80
41 16
41 26
41 42
41 154
41 153
41 152
41 151
41 150
41 138
41 147
41 140
41 45
41 86
41 121
41 118
42 16
42 26
42 86
42 45
42 131
42 130
42 129
42 128
42 127
42 126
42 125
42 124
42 123
42 122
42 136
42 135
42 134
42 133
42 132
43 16
43 26
43 44
43 84
43 83
43 82
44 16
44 26
44 85
44 45
44 84
44 83
44 82
45 16
45 26
45 88
45 87
45 86
45 85
45 109
45 108
45 107
45 106
45 116
45 115
45 114
45 117
45 154
45 153
45 152
45 151
45 150
45 149
45 148
45 147
45 146
45 145
45 144
45 143
45 142
45 141
45 140
45 139
45 138
45 137
45 131
45 130
45 129
45 128
45 127
45 126
45 125
45 124
45 123
45 122
45 136
45 135
45 134
45 133
45 132
45 111
45 110
45 121
45 120
45 119
45 118
54 16
54 18
54 19
54 20
54 21
54 22
54 23
54 24
54 25
55 16
55 19
55 20
55 21
55 22
55 23
55 24
55 25
56 16
56 20
56 21
56 22
56 23
56 24
56 25
57 16
57 21
57 22
57 23
57 24
57 25
58 16
58 22
58 23
58 24
58 25
59 16
59 23
59 24
59 25
60 16
60 24
60 25
61 16
61 25
62 16
64 16
66 16
69 16
70 16
71 16
71 72
72 16
73 16
74 16
74 26
75 16
75 26
76 16
76 26
77 16
77 26
77 78
78 16
78 26
79 16
79 26
80 16
80 26
80 81
81 16
81 26
82 16
82 26
82 83
83 16
83 26
84 16
84 26
85 16
85 26
86 16
86 26
86 88
86 87
86 109
86 108
86 107
86 106
86 116
86 115
86 114
86 117
86 154
86 153
86 152
86 151
86 150
86 149
86 148
86 147
86 146
86 145
86 144
86 143
86 142
86 141
86 140
86 139
86 138
86 137
86 131
86 130
86 129
86 128
86 127
86 126
86 125
86 124
86 123
86 122
86 136
86 135
86 134
86 133
86 132
86 111
86 110
86 121
86 120
86 119
86 118
87 16
87 26
88 16
88 26
89 16
90 16
91 16
92 16
92 26
92 100
92 99
92 98
92 97
92 96
92 95
92 94
92 93
93 16
93 25
93 26
93 100
93 99
93 98
93 97
93 96
93 95
93 94
94 16
94 24
94 25
94 26
94 100
94 99
94 98
94 97
94 96
94 95
95 16
95 23
95 24
95 25
95 26
95 100
95 99
95 98
95 97
95 96
96 16
96 22
96 23
96 24
96 25
96 26
96 100
96 99
96 98
96 97
97 16
97 21
97 22
97 23
97 24
97 25
97 26
97 100
97 99
97 98
98 16
98 20
98 21
98 22
98 23
98 24
98 25
98 26
98 100
98 99
99 16
99 19
99 20
99 21
99 22
99 23
99 24
99 25
99 26
99 100
100 16
100 18
100 19
100 20
100 21
100 22
100 23
100 24
100 25
100 26
106 16
106 26
107 16
107 26
108 16
108 26
109 16
109 26
110 16
110 26
111 16
111 26
112 16
112 26
113 16
113 26
114 16
114 26
114 115
115 16
115 26
116 16
116 26
117 16
117 26
118 16
118 26
118 121
118 120
118 119
119 16
119 26
120 16
120 26
121 16
121 26
122 16
122 26
122 131
122 130
122 129
122 128
122 127
122 126
122 125
122 124
122 123
122 136
122 135
122 134
122 133
122 132
123 16
123 26
123 124
124 16
124 26
124 125
125 16
125 26
125 130
125 129
125 128
125 127
125 126
126 16
126 26
127 16
127 26
127 129
127 128
128 16
128 26
129 16
129 26
130 16
130 26
131 16
131 26
132 16
132 26
133 16
133 26
134 16
134 26
135 16
135 26
136 16
136 26
137 16
137 26
137 147
137 146
137 145
137 144
137 143
137 142
137 141
137 140
137 139
137 138
138 16
138 26
138 150
138 149
138 148
138 147
138 146
138 145
138 144
138 143
138 142
138 141
138 140
138 139
139 16
139 26
139 146
139 145
139 144
139 143
139 142
139 141
139 140
140 16
140 26
140 153
140 152
140 151
140 150
140 149
140 148
140 147
140 146
140 145
140 144
140 143
140 142
140 141
141 16
141 26
142 16
142 26
143 16
143 26
143 144
144 16
144 26
145 16
145 26
145 148
145 147
145 146
146 16
146 26
147 16
147 26
147 151
147 150
147 149
147 148
148 16
148 26
149 16
149 26
150 16
150 26
151 16
151 26
152 16
152 26
152 154
152 153
153 16
153 26
154 16
154 26
155 16
155 26
155 156
156 16
156 26
68 16
68 17
68 18
68 19
68 20
68 21
68 22
68 23
68 24
68 25
68 26
68 27
68 28
68 29
68 30
68 31
68 51
68 52
68 53
68 63
68 65
68 67
67 16
67 17
67 18
67 19
67 20
67 21
67 22
67 23
67 24
67 25
67 26
67 27
67 28
67 29
67 30
67 31
67 51
67 52
67 53
67 63
67 65
65 16
65 17
65 18
65 19
65 20
65 21
65 22
65 23
65 24
65 25
65 26
65 27
65 28
65 29
65 30
65 31
65 51
65 52
65 53
65 63
63 16
63 17
63 18
63 19
63 20
63 21
63 22
63 23
63 24
63 25
63 26
63 27
63 28
63 29
63 30
63 31
63 51
63 52
63 53
53 16
53 17
53 18
53 19
53 20
53 21
53 22
53 23
53 24
53 25
53 26
53 27
53 28
53 29
53 30
53 31
53 51
53 52
53 105
53 104
53 103
53 102
53 101
52 16
52 17
52 18
52 19
52 20
52 21
52 22
52 23
52 24
52 25
52 26
52 27
52 28
52 29
52 30
52 31
52 51
52 105
52 104
52 103
52 102
52 101
51 16
51 17
51 18
51 19
51 20
51 21
51 22
51 23
51 24
51 25
51 26
51 27
51 28
51 29
51 30
51 31
51 105
51 104
51 103
51 102
51 101
50 16
50 17
50 18
50 19
50 20
50 21
50 22
50 23
50 24
50 25
50 26
50 27
50 28
50 29
50 30
50 31
49 16
49 17
49 18
49 19
49 20
49 21
49 22
49 23
49 24
49 25
49 26
49 27
49 28
49 29
49 30
49 31
48 16
48 17
48 18
48 19
48 20
48 21
48 22
48 23
48 24
48 25
48 26
48 27
48 28
48 29
48 30
48 31
47 16
47 17
47 18
47 19
47 20
47 21
47 22
47 23
47 24
47 25
47 26
47 27
47 28
47 29
47 30
47 31
46 16
46 17
46 18
46 19
46 20
46 21
46 22
46 23
46 24
46 25
46 26
46 27
46 28
46 29
46 30
46 31
105 16
105 17
105 18
105 19
105 20
105 21
105 22
105 23
105 24
105 25
105 26
105 27
105 28
105 29
105 30
105 31
105 101
105 102
105 103
105 104
104 16
104 17
104 18
104 19
104 20
104 21
104 22
104 23
104 24
104 25
104 26
104 27
104 28
104 29
104 30
104 31
104 101
104 102
104 103
103 16
103 17
103 18
103 19
103 20
103 21
103 22
103 23
103 24
103 25
103 26
103 27
103 28
103 29
103 30
103 31
103 101
103 102
102 16
102 17
102 18
102 19
102 20
102 21
102 22
102 23
102 24
102 25
102 26
102 27
102 28
102 29
102 30
102 31
102 101
101 16
101 17
101 18
101 19
101 20
101 21
101 22
101 23
101 24
101 25
101 26
101 27
101 28
101 29
101 30
101 31
16 17
16 18
16 19
16 20
16 21
16 22
16 23
16 24
16 25
16 26
16 27
16 28
16 29
16 30
16 31
17 18
17 19
17 20
17 21
17 22
17 23
17 24
17 25
17 26
17 27
17 28
17 29
17 30
17 31
18 19
18 20
18 21
18 22
18 23
18 24
18 25
18 26
18 27
18 28
18 29
18 30
18 31
19 20
19 21
19 22
19 23
19 24
19 25
19 26
19 27
19 28
19 29
19 30
19 31
20 21
20 22
20 23
20 24
20 25
20 26
20 27
20 28
20 29
20 30
20 31
21 22
21 23
21 24
21 25
21 26
21 27
21 28
21 29
21 30
21 31
22 23
22 24
22 25
22 26
22 27
22 28
22 29
22 30
22 31
23 24
23 25
23 26
23 27
23 28
23 29
23 30
23 31
24 25
24 26
24 27
24 28
24 29
24 30
24 31
25 26
25 27
25 28
25 29
25 30
25 31
26 27
26 28
26 29
26 30
26 31
27 28
27 29
27 30
27 31
28 29
28 30
28 31
29 30
29 31
30 31
